Volume (cm^3)	Surface (cm^2)	Nb of obj. voxels	Nb of surf. voxels	IntDen	Mean	StdDev	Median	Min	Max	X	Y	Z	Mean dist. to surf. (cm)	SD dist. to surf. (cm)	Median dist. to surf. (cm)	XM	YM	ZM	BX	BY	BZ	B-width	B-height	B-depth
0.554	5.061	23	21	6654	289.304	79.055	251.000	200	436	164.913	1.217	2.087	0.449	0.146	0.465	164.844	1.270	1.999	164	0	1	3	3	4
339.900	1026.079	14103	6144	4968135	352.275	168.896	298.000	200	1963	195.501	36.430	15.885	5.660	2.299	5.379	196.202	35.633	15.659	175	0	1	41	76	29
0.844	6.612	35	32	10306	294.457	73.011	283.000	203	477	123.143	20.171	2.857	0.563	0.214	0.513	123.156	20.176	2.800	122	19	1	3	3	5
0.771	6.277	32	29	8458	264.312	54.280	251.000	200	386	183.812	35.844	2.469	0.525	0.195	0.497	183.812	35.801	2.369	182	35	1	4	3	5
1.494	10.138	62	48	17729	285.952	71.365	254.000	203	444	178.629	37.371	3.468	0.683	0.222	0.694	178.621	37.396	3.427	177	36	1	4	4	6
0.795	7.247	33	30	8449	256.030	47.012	241.000	201	389	175.879	42.667	2.606	0.555	0.204	0.604	175.906	42.708	2.627	174	41	1	4	4	5
1.253	8.817	52	43	17992	346.000	143.018	287.000	203	815	106.019	64.077	2.096	0.577	0.125	0.547	105.980	64.064	1.932	104	62	1	5	5	4
4.290	20.034	178	121	54499	306.174	100.977	282.000	200	706	107.433	93.140	2.719	0.929	0.206	0.926	107.286	93.333	2.521	105	90	1	8	8	6
87.174	321.090	3617	1782	1318753	364.599	187.604	299.000	200	1501	192.302	91.534	19.288	3.165	1.155	3.122	192.884	92.137	19.487	179	78	1	27	27	29
1.591	11.937	66	52	18954	287.182	88.023	246.000	201	523	105.606	103.485	5.167	0.771	0.333	0.652	105.621	103.555	5.070	104	101	1	4	5	9
0.530	4.990	22	21	5867	266.682	56.758	238.000	203	377	132.136	120.591	1.909	0.431	0.141	0.440	132.178	120.586	1.857	131	119	1	3	4	4
0.530	4.814	22	22	6208	282.182	47.231	292.000	202	341	124.500	168.364	2.818	0.555	0.251	0.503	124.504	168.371	2.761	124	167	1	2	3	5
0.651	6.101	27	26	7518	278.444	58.933	278.000	201	389	194.593	170.222	3.778	0.570	0.265	0.513	194.585	170.264	3.779	194	169	1	3	3	6
1.567	10.298	65	49	18666	287.169	68.950	267.000	200	486	127.415	172.369	2.708	0.657	0.162	0.659	127.482	172.328	2.606	125	171	1	6	4	5
2.290	14.775	95	67	40107	422.179	199.173	375.000	200	1054	126.105	179.116	4.242	0.874	0.330	0.831	126.080	179.091	4.012	124	177	1	5	5	8
398.611	1340.321	16539	8280	5968136	360.852	174.780	305.000	200	2062	213.040	231.340	21.080	6.939	2.747	6.971	213.138	230.786	21.010	172	194	1	74	88	29
2.121	14.053	88	68	29068	330.318	115.745	283.000	200	684	128.875	200.443	3.534	0.824	0.295	0.769	128.730	200.484	3.563	127	199	1	7	4	7
2.555	14.511	106	80	37552	354.264	127.076	320.500	201	797	121.142	215.453	4.500	0.868	0.318	0.799	121.274	215.526	4.381	119	214	1	5	4	8
3.133	17.245	130	97	45953	353.485	139.338	312.500	202	783	132.554	220.746	3.377	0.873	0.261	0.859	132.558	220.576	3.177	131	218	1	4	8	7
9.544	49.071	396	253	155457	392.568	233.899	308.500	200	1444	121.894	235.775	6.258	1.337	0.471	1.349	122.124	235.368	6.072	117	231	1	10	10	11
1.133	8.165	47	40	12855	273.511	65.277	251.000	201	450	160.362	237.000	1.936	0.546	0.127	0.516	160.313	237.019	1.847	158	235	1	5	5	4
4.097	22.783	170	128	58594	344.671	152.063	286.500	200	856	126.229	244.076	3.635	1.093	0.407	1.081	126.079	244.119	3.449	122	242	1	12	5	8
2.193	12.678	91	67	41814	459.495	288.639	359.000	200	1488	221.209	287.747	2.934	0.760	0.212	0.759	221.204	287.709	2.458	219	286	1	5	5	6
85.343	270.376	3541	1512	1049539	296.396	169.312	241.000	200	1577	239.938	289.110	16.934	3.384	1.352	3.342	238.424	289.447	15.255	224	275	1	33	28	29
0.313	3.633	13	13	3346	257.385	46.001	233.000	201	339	150.538	315.923	1.308	0.414	0.189	0.383	150.671	315.848	1.298	148	315	1	5	4	2
2.073	12.448	86	62	30674	356.674	131.232	307.500	203	683	141.919	319.535	3.535	0.798	0.271	0.752	141.955	319.552	3.384	140	318	1	5	4	7
482.122	1591.445	20004	9471	7234210	361.638	194.972	295.000	200	2030	256.112	335.591	20.061	6.432	2.370	6.128	257.274	334.997	19.919	223	297	1	69	88	29
0.940	7.899	39	34	11227	287.872	74.457	271.000	200	504	187.026	332.103	4.026	0.593	0.269	0.506	187.018	332.138	3.999	186	331	1	3	3	7
1.446	9.258	60	52	18673	311.217	79.001	300.500	203	515	149.867	338.300	2.150	0.602	0.151	0.610	149.861	338.284	2.008	148	336	1	4	6	4
1.542	10.262	64	52	21630	337.969	112.659	341.500	200	620	156.703	354.188	3.234	0.704	0.240	0.673	156.760	354.140	3.034	155	353	1	4	4	6
6.339	30.490	263	170	82564	313.932	112.451	280.000	200	771	179.966	385.612	3.494	1.085	0.251	1.062	180.036	385.447	3.190	174	382	1	11	9	7
0.410	3.968	17	16	4455	262.059	53.841	250.000	206	396	190.706	386.059	1.765	0.375	0.095	0.366	190.723	386.050	1.711	190	385	1	3	3	3
1.277	9.116	53	44	19434	366.679	135.852	344.000	200	705	312.887	397.189	3.075	0.662	0.236	0.599	312.887	397.232	2.944	311	396	1	4	4	6
88.403	322.130	3668	1838	1238080	337.535	140.251	292.000	200	1087	402.216	407.314	12.651	3.834	1.370	3.934	402.517	407.071	12.898	382	396	1	42	28	29
0.530	4.990	22	20	6191	281.409	70.382	269.500	203	474	222.000	407.091	1.909	0.428	0.133	0.440	221.982	407.102	1.811	221	406	1	3	3	4
2.169	12.325	90	70	37347	414.967	190.235	358.000	201	924	418.500	407.311	3.778	0.811	0.295	0.798	418.539	407.309	3.545	417	406	1	4	4	7
0.603	5.519	25	23	6710	268.400	53.531	261.000	200	382	195.360	408.280	3.120	0.534	0.220	0.480	195.362	408.273	3.121	194	407	1	3	3	5
0.844	7.407	35	33	8656	247.314	45.655	237.000	200	362	407.743	409.943	1.914	0.521	0.205	0.488	407.800	409.994	1.855	405	408	1	5	5	5
0.892	6.966	37	33	12942	349.784	130.116	316.000	200	715	204.865	411.703	2.054	0.518	0.140	0.496	204.892	411.733	1.926	203	410	1	5	4	4
0.819	7.123	34	32	8413	247.441	39.413	239.500	204	357	380.971	414.676	2.912	0.602	0.277	0.498	380.975	414.701	2.823	380	413	1	3	4	6
0.289	2.821	12	12	3101	258.417	24.545	257.000	221	298	239.500	421.500	2.000	0.344	0.124	0.428	239.524	421.509	1.946	239	421	1	2	2	3
0.241	2.627	10	10	2481	248.100	44.995	233.000	202	316	366.500	421.400	1.800	0.320	0.121	0.350	366.501	421.357	1.722	366	421	1	2	2	3
8.797	39.250	365	207	136917	375.115	162.079	318.000	200	902	195.510	420.529	8.230	1.395	0.525	1.304	195.393	420.408	8.462	192	417	1	9	9	14
3.736	19.133	155	106	52128	336.310	129.590	292.000	200	777	207.226	440.742	3.310	0.934	0.259	0.910	207.203	440.812	3.096	205	436	1	7	8	7
5.375	24.421	223	140	106375	477.018	237.732	411.000	200	1236	214.587	455.377	4.049	1.107	0.339	1.058	214.565	455.443	3.549	212	452	1	6	8	9
1.976	12.378	82	61	33573	409.427	202.001	343.500	201	985	227.268	458.866	3.073	0.761	0.228	0.805	227.192	458.914	2.858	225	457	1	5	5	6
0.241	2.627	10	10	2554	255.400	40.291	248.000	210	311	237.500	469.600	1.800	0.320	0.121	0.350	237.497	469.663	1.782	237	469	1	2	2	3
0.627	5.785	26	26	6252	240.462	36.346	226.500	200	333	262.192	481.192	1.346	0.447	0.176	0.394	262.165	481.156	1.325	260	479	1	5	6	2
6.242	29.062	259	166	107755	416.042	205.181	349.000	200	1120	484.880	486.533	3.004	1.144	0.346	1.107	485.072	486.843	2.686	480	479	1	11	12	7
2.121	15.022	88	74	25350	288.068	71.691	270.500	201	493	499.318	482.375	4.830	0.978	0.447	0.914	499.367	482.423	4.666	497	480	1	5	6	10
0.964	7.249	40	37	10450	261.250	54.416	246.500	202	398	289.375	487.400	1.575	0.496	0.139	0.473	289.322	487.408	1.520	287	485	1	6	5	3
31.934	140.850	1325	774	501000	378.113	209.883	298.000	200	1421	249.936	500.830	13.765	3.006	1.361	2.882	249.641	501.507	14.051	234	483	1	25	27	26
2.723	15.958	113	85	45059	398.752	230.329	295.000	200	1252	278.336	493.602	3.469	0.865	0.284	0.829	278.095	493.379	2.968	276	491	1	6	6	7
2.097	13.049	87	68	23863	274.287	57.204	264.000	200	443	468.069	497.655	2.828	0.765	0.232	0.760	468.058	497.583	2.687	464	496	1	8	5	6
4.555	26.501	189	134	65089	344.386	143.750	296.000	200	839	264.302	500.481	4.619	1.042	0.362	1.036	264.172	500.688	4.593	262	496	1	6	9	9
5.109	23.399	212	127	94219	444.429	291.269	330.500	200	1764	454.745	508.217	4.241	1.077	0.311	1.035	454.547	508.120	3.503	452	505	1	7	7	9
6.965	36.126	289	224	164255	568.356	447.112	379.000	200	2384	291.702	509.997	5.564	1.392	0.554	1.393	292.234	510.128	4.668	286	508	1	11	4	13
0.386	3.757	16	16	3583	223.938	15.969	223.000	202	252	315.875	509.938	1.375	0.342	0.084	0.345	315.885	509.929	1.355	314	509	1	4	3	2
0.819	7.441	34	28	8701	255.912	47.128	242.500	200	378	101.794	79.912	4.735	0.549	0.206	0.538	101.767	79.946	4.756	100	79	2	5	3	6
8.797	41.540	365	219	154874	424.312	273.425	321.000	200	1596	118.789	296.523	9.126	1.382	0.540	1.311	118.431	296.969	8.724	115	291	2	8	10	17
1.205	9.380	50	43	13381	267.620	56.149	256.500	201	398	240.940	306.820	5.560	0.685	0.310	0.653	240.922	306.786	5.566	240	305	2	3	4	8
0.265	3.597	11	11	2466	224.182	30.029	211.000	200	284	155.000	338.818	4.273	0.395	0.219	0.349	155.003	338.835	4.255	154	338	2	3	2	5
25.306	122.793	1050	654	315978	300.931	110.586	267.000	200	990	336.269	379.761	17.845	2.465	1.126	2.316	336.387	379.339	17.755	330	368	2	14	26	27
0.386	4.690	16	14	4020	251.250	43.602	237.000	200	355	431.062	435.000	4.062	0.442	0.172	0.442	431.083	435.012	4.051	430	434	2	3	3	5
4.073	23.592	169	120	51841	306.751	84.538	291.000	202	559	270.320	507.065	7.101	1.129	0.481	1.080	270.352	507.092	7.105	268	503	2	6	9	11
0.916	7.564	38	33	9207	242.289	29.370	235.500	203	317	119.816	197.053	5.026	0.554	0.193	0.507	119.808	197.021	5.007	119	195	3	3	5	5
0.265	3.209	11	11	2497	227.000	20.938	227.000	201	257	123.727	248.545	4.545	0.385	0.174	0.287	123.752	248.552	4.517	123	248	3	2	2	4
3.157	16.222	131	93	42724	326.137	116.211	285.000	200	690	121.519	255.298	6.809	0.886	0.292	0.827	121.583	255.190	6.703	120	253	3	4	6	8
0.699	6.224	29	26	7631	263.138	54.660	249.000	200	398	145.793	331.862	5.103	0.521	0.198	0.487	145.760	331.875	5.093	145	331	3	3	3	5
0.241	3.085	10	10	2355	235.500	29.026	229.000	205	290	274.700	352.300	4.800	0.380	0.175	0.365	274.704	352.270	4.813	274	352	3	2	2	4
0.386	4.108	16	16	3819	238.688	27.028	236.000	204	286	158.875	362.438	4.688	0.408	0.164	0.367	158.871	362.453	4.670	158	362	3	3	2	4
0.771	6.612	32	27	9231	288.469	67.108	282.000	200	456	156.031	365.562	5.219	0.552	0.192	0.544	156.032	365.581	5.215	155	364	3	3	4	5
0.410	3.985	17	17	4625	272.059	37.999	271.000	200	324	423.471	434.529	5.353	0.467	0.216	0.553	423.458	434.533	5.359	423	434	3	2	2	5
0.289	3.333	12	12	2727	227.250	14.290	228.000	205	249	509.667	478.333	3.917	0.347	0.130	0.389	509.651	478.333	3.910	509	478	3	3	2	3
0.362	4.232	15	14	3465	231.000	34.216	212.000	201	299	237.000	478.267	4.867	0.406	0.143	0.404	237.002	478.284	4.873	236	477	3	3	3	4
0.313	3.844	13	13	3121	240.077	35.224	225.000	201	304	114.923	187.385	6.077	0.387	0.206	0.373	114.928	187.385	6.065	114	187	4	3	2	5
0.578	6.171	24	20	6457	269.042	54.752	258.500	208	410	118.917	286.917	6.500	0.516	0.217	0.502	118.928	286.920	6.483	118	286	4	3	3	6
2.145	13.100	89	65	34261	384.955	149.417	340.000	201	777	112.281	292.607	7.202	0.806	0.290	0.785	112.275	292.570	7.146	111	291	4	4	5	8
0.940	9.045	39	35	9835	252.179	51.321	234.000	200	403	217.462	469.385	6.103	0.615	0.253	0.571	217.361	469.459	6.124	216	467	4	5	5	6
0.844	7.123	35	31	9166	261.886	50.193	249.000	200	387	217.286	474.829	6.400	0.567	0.208	0.576	217.258	474.799	6.346	216	474	4	4	3	6
0.964	8.146	40	40	9865	246.625	32.030	244.000	202	321	210.150	27.500	7.900	0.584	0.241	0.540	210.160	27.500	7.919	208	27	5	6	2	6
1.880	12.254	78	58	25839	331.269	115.425	290.500	200	641	96.423	232.141	8.397	0.772	0.275	0.726	96.498	232.202	8.345	95	230	5	4	5	7
1.470	11.108	61	50	16247	266.344	55.076	253.000	200	418	230.230	307.656	8.410	0.758	0.329	0.684	230.233	307.703	8.269	229	306	5	4	4	8
17.498	66.577	726	364	255482	351.904	178.308	300.000	200	1345	364.832	395.128	16.638	1.906	0.794	1.768	364.377	395.352	16.759	359	391	5	12	9	20
1.542	10.456	64	51	21125	330.078	113.932	292.000	202	618	181.438	403.859	8.031	0.691	0.259	0.599	181.430	403.887	8.003	180	402	5	4	4	7
0.675	6.101	28	25	8027	286.679	62.515	272.500	202	428	218.179	482.286	7.071	0.544	0.219	0.485	218.222	482.309	7.043	217	481	5	3	3	5
0.265	3.015	11	11	2599	236.273	20.416	236.000	208	274	92.455	79.364	7.636	0.354	0.157	0.297	92.440	79.357	7.633	92	79	6	2	2	4
401.358	1379.264	16653	8328	6079067	365.043	189.507	302.000	200	2209	188.129	146.616	21.987	6.658	2.683	6.409	189.550	147.068	21.778	157	94	6	57	96	24
3.326	18.478	138	89	50374	365.029	158.187	309.500	200	916	108.384	213.246	10.428	0.946	0.331	0.853	108.343	213.217	10.316	106	211	6	6	5	9
7.399	37.415	307	193	116164	378.384	200.535	306.000	200	1225	109.879	284.664	15.420	1.401	0.668	1.275	109.920	284.797	15.443	108	279	6	5	12	16
3.302	19.659	137	97	43645	318.577	98.981	292.000	201	580	147.905	352.445	11.168	1.061	0.469	0.958	147.900	352.458	11.154	146	350	6	5	6	11
0.554	5.519	23	21	6158	267.739	58.649	258.000	205	403	297.261	366.000	8.391	0.473	0.180	0.390	297.279	365.992	8.389	296	365	6	3	3	5
108.649	450.320	4508	2594	1432239	317.711	122.184	278.000	200	1091	312.391	385.190	21.475	3.620	1.221	3.560	312.473	385.757	21.738	294	368	6	36	40	24
3.832	27.541	159	127	41945	263.805	74.192	234.000	200	556	415.465	419.579	11.736	1.151	0.519	1.068	415.223	419.531	11.758	412	418	6	9	6	13
0.554	5.131	23	21	6313	274.478	60.858	269.000	201	396	446.652	437.174	8.391	0.473	0.181	0.410	446.626	437.176	8.410	446	436	6	3	3	5
1.374	10.332	57	46	18744	328.842	109.924	294.000	202	588	340.807	507.316	9.632	0.707	0.284	0.659	340.816	507.334	9.628	339	506	6	4	4	8
4.314	25.461	179	126	54481	304.363	101.394	264.000	201	691	95.302	20.034	11.330	1.032	0.339	1.002	95.257	19.838	11.197	91	17	7	8	9	9
1.229	8.975	51	41	14770	289.608	86.903	246.000	203	472	108.333	206.373	9.784	0.647	0.223	0.590	108.356	206.367	9.780	107	205	7	4	4	6
3.904	24.051	162	129	43116	266.148	54.840	256.500	200	432	224.099	304.494	11.685	1.103	0.501	0.996	224.129	304.470	11.572	221	301	7	7	8	11
1.253	11.355	52	47	14038	269.962	52.106	263.500	200	414	126.269	324.712	10.365	0.814	0.369	0.751	126.246	324.710	10.361	125	322	7	4	6	8
4.579	23.115	190	120	77917	410.089	188.943	364.000	201	955	194.042	348.053	11.837	1.086	0.394	1.002	194.062	348.072	11.683	191	345	7	7	7	10
5.977	39.989	248	189	64265	259.133	59.151	240.500	200	510	297.323	359.044	16.802	1.604	0.823	1.511	297.320	358.976	16.643	293	356	7	11	8	18
0.603	5.907	25	25	6767	270.680	53.796	274.000	202	356	235.560	382.240	9.560	0.532	0.253	0.575	235.560	382.289	9.566	235	381	7	3	3	6
6.387	34.681	265	184	103808	391.728	189.144	326.000	200	1033	364.834	386.011	15.426	1.512	0.741	1.373	365.005	386.043	15.392	360	384	7	10	6	17
0.458	5.007	19	19	4419	232.579	26.943	230.000	200	293	425.316	408.421	9.211	0.462	0.211	0.461	425.286	408.421	9.182	424	408	7	4	2	5
0.410	4.355	17	15	4113	241.941	34.376	232.000	201	315	228.941	487.294	8.529	0.403	0.128	0.358	228.939	487.295	8.523	228	486	7	3	3	4
0.964	10.015	40	39	9108	227.700	23.244	217.500	200	283	191.500	11.225	12.275	0.915	0.511	0.827	191.548	11.276	12.179	190	8	8	4	6	10
0.916	7.705	38	32	11522	303.211	81.002	288.500	201	495	95.105	59.368	10.421	0.611	0.241	0.621	95.125	59.384	10.347	94	58	8	3	4	6
0.916	7.388	38	34	10155	267.237	61.691	254.500	200	431	126.895	190.816	11.000	0.594	0.252	0.506	126.874	190.812	11.006	126	190	8	3	3	7
0.940	7.635	39	33	9405	241.154	31.535	234.000	200	319	191.744	212.974	10.718	0.593	0.238	0.559	191.749	212.984	10.706	190	212	8	4	3	6
0.892	8.410	37	37	8900	240.541	32.556	230.000	202	330	192.054	230.108	11.838	0.949	0.449	0.925	192.108	230.132	11.704	190	229	8	5	3	9
1.326	10.121	55	44	15500	281.818	70.039	260.000	201	452	112.127	271.127	10.364	0.636	0.197	0.619	112.174	271.055	10.308	111	269	8	4	6	6
0.386	4.620	16	15	3753	234.562	28.521	227.000	200	298	281.000	352.250	10.250	0.451	0.189	0.389	281.019	352.241	10.224	280	351	8	3	3	5
0.265	3.015	11	11	2516	228.727	22.974	216.000	206	263	202.545	378.364	9.636	0.354	0.157	0.297	202.544	378.341	9.628	202	378	8	2	2	4
8.267	45.845	343	230	95539	278.539	65.710	261.000	200	516	378.259	419.058	14.160	1.360	0.480	1.373	378.259	419.146	14.172	372	415	8	14	10	13
0.482	5.007	20	18	4781	239.050	37.316	221.000	202	321	213.700	478.800	10.100	0.475	0.198	0.452	213.701	478.814	10.140	213	478	8	3	3	5
2.772	16.239	115	78	39350	342.174	136.431	300.000	202	780	241.652	491.278	12.304	0.891	0.323	0.802	241.596	491.238	12.201	240	489	8	5	6	9
2.531	15.340	105	79	34322	326.876	110.227	302.000	200	635	224.305	495.286	11.838	0.874	0.330	0.837	224.272	495.231	11.742	222	493	8	5	5	9
1.856	13.488	77	62	18678	242.571	30.311	242.000	200	323	186.481	11.948	13.182	0.818	0.364	0.758	186.454	11.934	13.198	184	10	9	5	5	9
2.603	15.146	108	72	30327	280.806	63.573	269.000	200	452	181.815	98.259	12.130	0.856	0.286	0.814	181.799	98.281	12.114	180	96	9	5	5	8
0.651	5.589	27	27	6984	258.667	49.931	252.000	200	355	203.519	127.148	11.333	0.550	0.257	0.537	203.524	127.190	11.279	203	126	9	2	3	6
0.458	4.372	19	19	4858	255.684	36.741	261.000	205	315	159.474	181.526	10.895	0.511	0.244	0.466	159.475	181.545	10.883	159	181	9	2	2	5
0.603	5.907	25	23	5587	223.480	17.921	220.000	200	268	179.200	200.360	11.920	0.554	0.250	0.492	179.208	200.357	11.917	178	199	9	3	3	6
1.012	8.939	42	39	10388	247.333	45.466	234.500	200	367	175.048	203.095	12.071	0.779	0.415	0.789	175.016	203.133	11.911	174	202	9	3	3	9
0.362	5.201	15	15	3198	213.200	10.115	213.000	200	229	229.733	281.000	12.000	0.796	0.330	0.839	229.745	281.008	11.978	228	280	9	4	3	7
0.434	4.620	18	18	4241	235.611	31.266	229.000	201	293	125.389	332.278	10.667	0.416	0.157	0.401	125.390	332.258	10.689	124	332	9	4	2	4
0.482	4.814	20	18	4793	239.650	31.415	243.000	206	312	340.850	383.200	10.650	0.455	0.154	0.389	340.858	383.191	10.655	340	382	9	3	3	4
0.530	5.131	22	19	5049	229.500	24.061	228.000	202	290	324.955	389.227	11.045	0.443	0.155	0.458	324.970	389.216	11.014	324	388	9	3	3	5
0.940	7.317	39	35	10721	274.897	59.387	263.000	201	438	489.026	393.923	11.462	0.577	0.238	0.620	488.999	393.908	11.454	488	393	9	3	3	6
20.149	85.288	836	487	286380	342.560	162.702	285.000	200	1126	470.212	396.224	22.371	2.158	1.035	2.037	470.445	395.535	23.087	460	388	9	19	14	21
0.313	3.527	13	13	2832	217.846	14.165	215.000	203	248	385.769	413.692	10.615	0.362	0.142	0.316	385.778	413.705	10.605	385	413	9	3	2	4
0.964	8.287	40	34	11895	297.375	80.964	269.000	200	485	506.625	496.950	12.125	0.643	0.276	0.531	506.617	496.898	12.094	505	496	9	4	3	7
0.241	3.015	10	10	2146	214.600	12.877	213.500	200	236	183.600	20.400	11.700	0.356	0.170	0.317	183.617	20.411	11.689	183	20	10	2	2	4
0.434	5.078	18	15	4428	246.000	40.362	238.500	204	347	95.056	72.000	12.111	0.470	0.187	0.435	95.046	72.016	12.140	94	71	10	3	3	5
0.940	7.969	39	32	11748	301.231	77.197	280.000	200	487	91.538	157.949	12.667	0.631	0.248	0.616	91.557	157.949	12.613	90	157	10	4	3	6
6.001	36.004	249	179	90795	364.639	184.333	301.000	200	1040	93.450	189.659	15.530	1.219	0.439	1.201	92.990	189.604	15.300	89	187	10	12	7	11
1.301	11.619	54	48	13840	256.296	53.831	235.500	200	399	181.630	189.796	14.148	0.995	0.541	0.939	181.620	189.700	13.950	180	188	10	4	5	11
1.398	10.667	58	48	15562	268.310	45.607	266.000	200	370	191.690	223.828	13.552	0.777	0.340	0.680	191.692	223.830	13.518	190	222	10	4	4	8
1.229	9.239	51	39	15287	299.745	94.187	263.000	202	516	106.490	292.608	12.686	0.659	0.237	0.640	106.481	292.619	12.704	105	291	10	4	4	7
1.518	10.703	63	48	18125	287.698	70.666	263.000	200	452	105.397	299.683	12.540	0.669	0.208	0.668	105.408	299.653	12.536	104	298	10	4	5	6
0.530	4.884	22	22	5481	249.136	31.851	252.500	201	301	137.364	319.545	11.955	0.519	0.239	0.445	137.378	319.536	11.918	136	319	10	3	2	5
1.591	11.108	66	54	20864	316.121	101.965	286.000	201	611	196.879	355.803	13.227	0.755	0.307	0.737	196.870	355.813	13.259	195	354	10	4	4	8
8.508	44.519	353	237	156817	444.241	272.415	351.000	201	1661	350.847	378.317	17.133	1.518	0.622	1.427	351.027	378.728	17.429	346	372	10	9	11	15
0.362	3.597	15	15	3551	236.733	23.657	233.000	202	275	331.533	389.467	11.400	0.423	0.179	0.300	331.534	389.444	11.407	331	389	10	2	2	4
0.362	4.814	15	15	3360	224.000	22.966	219.000	200	279	381.600	391.667	11.800	0.509	0.242	0.498	381.562	391.705	11.752	381	390	10	3	4	5
0.964	7.899	40	35	12816	320.400	93.144	289.500	206	559	221.800	439.100	12.350	0.612	0.248	0.606	221.774	439.108	12.374	220	438	10	4	3	6
2.217	13.929	92	67	30750	334.239	123.084	296.000	200	712	198.413	439.228	13.739	0.827	0.300	0.778	198.360	439.229	13.714	196	438	10	6	4	8
0.289	3.597	12	12	2956	246.333	37.281	237.500	207	315	210.000	489.667	11.500	0.387	0.163	0.327	209.994	489.675	11.510	209	489	10	3	2	4
1.591	11.425	66	56	18135	274.773	64.112	255.000	201	437	250.167	490.621	12.773	0.742	0.302	0.718	250.100	490.614	12.825	248	489	10	6	4	7
1.711	11.038	71	55	25316	356.563	147.805	307.000	201	766	351.254	498.563	13.211	0.741	0.275	0.657	351.203	498.575	13.215	350	497	10	4	4	7
0.747	6.488	31	29	8633	278.484	58.719	268.000	205	406	453.032	501.613	12.419	0.570	0.240	0.611	453.025	501.596	12.403	452	501	10	3	3	6
0.675	6.294	28	25	7735	276.250	56.751	252.500	207	415	115.000	52.714	13.357	0.528	0.221	0.534	114.990	52.720	13.384	114	52	11	3	3	6
3.856	24.225	160	123	41601	260.006	51.354	249.500	200	414	190.544	72.900	18.381	1.211	0.599	1.084	190.555	72.919	18.417	188	70	11	5	7	14
0.386	4.232	16	15	3800	237.500	31.914	221.500	202	307	98.750	127.250	12.375	0.408	0.148	0.349	98.744	127.244	12.366	98	126	11	3	3	4
0.651	6.224	27	24	7236	268.000	55.101	265.000	201	419	98.926	179.815	13.593	0.517	0.206	0.507	98.926	179.831	13.651	98	179	11	3	3	6
0.362	3.914	15	15	3338	222.533	17.394	219.000	201	257	177.667	183.800	12.600	0.400	0.167	0.347	177.692	183.808	12.599	177	183	11	2	3	4
1.880	13.471	78	62	20001	256.423	42.024	244.500	200	358	201.654	187.269	14.962	0.787	0.312	0.751	201.662	187.268	14.971	199	185	11	6	5	8
5.206	35.103	216	174	54348	251.611	45.143	239.500	200	395	175.824	192.801	16.171	1.389	0.574	1.318	175.837	192.803	16.315	172	189	11	8	8	14
1.422	10.138	59	46	14072	238.508	32.565	227.000	202	312	250.441	307.644	14.136	0.700	0.264	0.593	250.443	307.644	14.097	249	306	11	4	4	7
0.844	6.876	35	35	8894	254.114	28.461	252.000	204	305	289.086	356.600	13.714	0.600	0.271	0.570	289.068	356.589	13.705	288	356	11	3	3	6
1.229	10.386	51	43	12881	252.569	54.387	230.000	200	390	308.725	364.431	14.137	0.739	0.338	0.633	308.676	364.430	13.977	307	363	11	5	4	8
0.289	3.403	12	12	2731	227.583	20.948	223.000	202	261	308.583	388.667	12.667	0.399	0.181	0.317	308.584	388.694	12.662	308	388	11	2	2	4
1.663	10.914	69	52	20786	301.246	87.060	275.000	204	502	378.594	397.594	14.188	0.748	0.283	0.652	378.569	397.552	14.239	377	396	11	4	4	7
0.627	6.101	26	24	6927	266.423	53.944	251.500	202	400	475.038	462.692	13.346	0.521	0.223	0.472	475.055	462.693	13.342	474	462	11	3	3	6
0.530	5.977	22	19	5282	240.091	36.810	224.000	202	328	189.955	4.091	14.591	0.521	0.221	0.594	189.947	4.099	14.574	189	3	12	3	3	6
1.036	7.705	43	38	13301	309.326	88.679	296.000	203	558	84.000	15.093	15.000	0.595	0.245	0.515	83.986	15.133	14.965	83	14	12	3	3	7
2.169	13.982	90	67	27428	304.756	82.560	287.500	200	540	205.200	77.078	15.400	0.772	0.244	0.752	205.187	77.138	15.389	203	74	12	5	6	8
0.265	3.015	11	11	2444	222.182	21.311	218.000	200	257	199.364	140.455	13.364	0.354	0.157	0.297	199.330	140.445	13.363	199	140	12	2	2	4
0.386	4.690	16	14	3926	245.375	41.471	235.500	200	334	95.125	182.938	14.250	0.461	0.191	0.400	95.127	182.926	14.257	94	182	12	3	3	5
0.289	3.720	12	10	2884	240.333	32.354	230.000	205	307	101.000	184.000	13.500	0.370	0.113	0.316	101.004	184.011	13.491	100	183	12	3	3	4
1.422	10.209	59	44	16059	272.186	66.530	248.000	200	432	196.458	216.475	15.407	0.703	0.258	0.678	196.429	216.495	15.416	195	215	12	4	4	7
0.844	7.388	35	29	9964	284.686	63.354	263.000	208	435	333.600	367.971	14.429	0.589	0.227	0.621	333.607	367.960	14.425	332	367	12	4	3	6
0.506	5.007	21	19	5400	257.143	37.618	261.000	206	325	308.714	372.286	14.381	0.481	0.188	0.407	308.684	372.298	14.405	308	371	12	3	3	5
0.627	5.713	26	23	6805	261.731	52.019	245.500	208	394	175.308	387.962	13.923	0.492	0.188	0.475	175.307	387.973	13.911	174	387	12	3	3	5
0.627	6.401	26	25	5847	224.885	21.831	216.000	202	267	327.577	396.808	13.308	0.520	0.235	0.477	327.591	396.872	13.308	326	393	12	4	6	4
0.337	4.038	14	13	3218	229.857	25.038	222.000	201	284	368.786	419.143	13.786	0.389	0.135	0.365	368.787	419.146	13.792	368	418	12	3	3	4
0.940	8.481	39	37	10435	267.564	41.837	263.000	203	366	172.103	431.154	15.487	0.793	0.404	0.711	172.110	431.173	15.462	171	430	12	4	4	8
0.554	5.395	23	23	5729	249.087	43.063	237.000	200	348	180.000	437.435	14.261	0.496	0.241	0.406	180.001	437.421	14.241	179	437	12	3	2	6
0.916	9.186	38	38	9533	250.868	42.533	235.500	202	360	95.395	0.447	16.526	0.786	0.458	0.627	95.414	0.434	16.476	92	0	13	7	3	9
1.085	8.287	45	40	13635	303.000	88.701	283.000	201	557	108.978	3.044	16.333	0.624	0.270	0.601	108.967	3.066	16.344	108	2	13	3	3	7
6.700	36.516	278	193	105654	380.050	173.345	325.000	201	1033	80.953	65.910	19.612	1.335	0.538	1.275	81.055	65.733	19.477	76	63	13	10	9	13
0.844	7.000	35	31	8709	248.829	45.549	233.000	201	364	194.171	65.143	15.343	0.565	0.234	0.567	194.199	65.145	15.326	193	64	13	3	3	6
2.964	16.663	123	87	37652	306.114	89.512	281.000	201	548	83.780	103.431	17.179	0.860	0.267	0.833	83.765	103.544	17.140	82	101	13	5	6	8
1.832	11.813	76	57	28443	374.250	152.873	322.500	200	815	212.618	151.697	16.447	0.772	0.301	0.715	212.656	151.757	16.400	211	150	13	4	4	8
0.627	6.101	26	23	6243	240.115	38.209	225.000	200	324	204.038	157.769	15.500	0.508	0.208	0.376	204.059	157.755	15.505	203	157	13	3	3	6
0.627	5.836	26	23	6960	267.692	52.104	255.500	202	376	87.962	162.423	15.115	0.497	0.176	0.454	87.980	162.440	15.106	87	161	13	3	4	5
0.410	4.232	17	17	4195	246.765	33.642	240.000	205	317	88.059	184.588	14.706	0.403	0.160	0.376	88.070	184.594	14.697	87	184	13	3	2	4
0.362	4.496	15	13	3506	233.733	34.129	217.000	201	306	110.133	190.000	15.333	0.454	0.199	0.361	110.151	189.996	15.363	109	189	13	3	3	5
0.265	3.209	11	11	2450	222.727	16.175	222.000	202	253	183.636	194.364	14.818	0.367	0.172	0.367	183.648	194.350	14.834	183	194	13	2	2	4
1.591	10.984	66	55	20371	308.652	86.023	298.000	200	556	87.242	212.030	15.833	0.757	0.305	0.762	87.240	211.977	15.806	85	211	13	5	3	7
0.313	3.403	13	13	2817	216.692	13.136	214.000	200	238	186.385	226.538	14.385	0.394	0.174	0.307	186.380	226.546	14.369	186	226	13	2	2	4
5.182	25.655	215	145	81974	381.274	198.977	304.000	200	1089	107.898	267.577	18.363	1.100	0.383	1.075	108.070	267.438	18.204	104	265	13	8	7	10
0.699	7.194	29	29	6221	214.517	9.284	214.000	200	238	226.345	285.621	16.069	0.744	0.390	0.786	226.351	285.625	16.077	225	285	13	4	3	8
2.362	14.564	98	73	29578	301.816	93.080	274.500	200	584	314.816	361.347	16.571	0.816	0.291	0.741	314.803	361.275	16.514	313	359	13	4	6	8
0.940	7.511	39	33	12267	314.538	89.273	289.000	207	527	387.128	390.692	15.333	0.594	0.226	0.589	387.155	390.675	15.289	386	389	13	3	4	6
4.049	30.469	168	139	40864	243.238	37.357	233.000	200	363	459.387	405.095	20.667	1.466	0.753	1.374	459.347	405.191	20.858	456	402	13	9	8	16
1.085	8.216	45	38	13194	293.200	70.245	280.000	201	465	450.044	406.289	15.778	0.625	0.240	0.573	450.028	406.319	15.760	449	405	13	3	4	6
2.097	15.868	87	74	23883	274.517	56.346	269.000	203	438	168.414	413.138	20.287	1.002	0.558	0.902	168.414	413.107	20.324	166	411	13	6	6	12
0.386	4.232	16	15	3704	231.500	24.119	227.000	200	273	356.688	417.688	14.562	0.424	0.161	0.376	356.681	417.697	14.566	356	417	13	3	3	4
0.362	3.720	15	15	3571	238.067	21.114	236.000	203	267	386.333	423.533	14.333	0.408	0.168	0.336	386.347	423.523	14.314	385	423	13	3	2	4
0.651	6.154	27	27	6195	229.444	23.752	225.000	201	286	396.815	425.667	14.630	0.506	0.187	0.543	396.781	425.648	14.626	395	425	13	5	3	4
1.036	8.464	43	36	11601	269.791	59.980	260.000	200	395	390.186	432.372	15.628	0.617	0.243	0.605	390.210	432.377	15.622	389	431	13	4	4	6
0.458	4.690	19	19	4682	246.421	35.004	242.000	201	312	236.421	452.263	14.947	0.474	0.223	0.437	236.423	452.261	14.913	236	451	13	2	3	5
1.109	8.992	46	38	14140	307.391	93.816	293.000	201	551	83.652	47.870	16.891	0.668	0.268	0.568	83.657	47.854	16.856	82	46	14	4	4	7
0.241	3.015	10	10	2252	225.200	23.328	217.000	201	256	204.600	84.700	15.700	0.355	0.166	0.310	204.589	84.729	15.703	204	84	14	2	2	4
2.241	13.999	93	69	38441	413.344	195.551	355.000	206	1003	209.602	85.978	18.430	0.858	0.338	0.748	209.632	85.965	18.399	208	84	14	4	5	9
0.482	4.760	20	20	6204	310.200	66.358	309.000	200	395	212.450	105.450	16.500	0.547	0.277	0.609	212.463	105.457	16.530	212	105	14	2	2	6
2.844	20.187	118	91	34179	289.653	91.605	257.500	200	600	208.534	264.958	22.686	1.248	0.701	1.094	208.455	264.923	22.956	206	263	14	6	5	15
2.627	18.866	109	88	34747	318.780	121.025	282.000	200	714	139.771	331.578	18.468	0.934	0.372	0.901	139.815	331.358	18.287	138	329	14	4	8	9
5.567	34.715	231	185	79401	343.727	180.849	280.000	200	1179	509.338	386.771	20.740	1.397	0.650	1.338	509.557	387.011	20.166	506	382	14	6	9	15
10.725	47.078	445	267	181916	408.800	248.680	315.000	200	1535	370.135	403.310	20.425	1.430	0.491	1.375	369.581	403.437	20.608	365	399	14	12	8	13
0.241	2.821	10	10	2369	236.900	23.038	234.000	208	282	326.400	410.600	15.000	0.326	0.129	0.415	326.371	410.616	14.996	326	410	14	2	2	3
0.603	5.713	25	22	5960	238.400	31.752	235.000	200	318	402.840	415.280	16.160	0.504	0.200	0.473	402.842	415.281	16.150	402	414	14	3	3	5
3.591	19.254	149	97	60614	406.805	196.492	336.000	202	1045	175.966	447.242	18.893	0.988	0.365	0.915	175.974	447.235	18.782	174	445	14	5	6	10
0.675	6.224	28	27	7333	261.893	52.030	265.500	200	354	87.714	21.643	17.321	0.558	0.266	0.528	87.686	21.603	17.364	87	21	15	3	3	6
10.773	53.695	447	301	174823	391.103	288.921	272.000	200	2087	177.253	88.902	25.660	1.525	0.714	1.405	176.956	89.424	26.453	170	84	15	14	10	15
0.771	6.929	32	29	8597	268.656	59.152	256.000	200	372	132.719	133.406	17.594	0.614	0.267	0.586	132.671	133.418	17.662	132	132	15	3	4	6
0.603	5.713	25	24	6111	244.440	33.567	240.000	201	317	178.600	159.280	17.920	0.550	0.253	0.460	178.604	159.295	17.926	178	158	15	3	3	6
0.313	4.249	13	13	2822	217.077	12.874	215.000	200	239	176.000	167.000	18.000	0.599	0.366	0.462	176.012	167.000	17.953	175	167	15	3	1	7
2.073	14.494	86	66	20796	241.814	36.121	236.000	200	335	223.953	245.860	19.581	0.825	0.321	0.724	223.955	245.886	19.562	222	244	15	5	5	9
0.795	7.371	33	29	8026	243.212	39.798	226.000	200	325	229.576	317.515	17.394	0.584	0.240	0.567	229.570	317.531	17.364	228	316	15	4	4	6
0.458	4.814	19	18	4729	248.895	43.249	234.000	200	347	157.368	352.789	17.053	0.468	0.200	0.435	157.353	352.783	17.046	156	352	15	3	3	5
4.411	23.486	183	121	64219	350.923	146.868	299.000	200	789	326.202	360.831	19.546	1.040	0.360	1.012	326.281	361.015	19.542	324	357	15	5	8	10
0.289	3.209	12	12	2857	238.083	23.930	227.500	208	274	356.667	382.500	16.500	0.378	0.168	0.284	356.686	382.494	16.478	356	382	15	2	2	4
2.482	14.952	103	74	34554	335.476	105.111	306.000	201	640	423.155	391.311	18.447	0.844	0.303	0.765	423.125	391.275	18.435	421	389	15	6	5	8
0.337	3.720	14	14	3138	224.143	18.165	225.500	201	256	442.500	408.286	16.429	0.397	0.165	0.311	442.481	408.301	16.400	442	407	15	2	3	4
0.241	3.279	10	10	2239	223.900	17.723	221.000	203	251	465.000	416.200	17.300	0.474	0.246	0.457	465.000	416.232	17.255	465	415	15	1	3	5
0.844	7.829	35	33	8546	244.171	36.755	232.000	201	342	349.200	422.543	17.914	0.564	0.231	0.526	349.172	422.527	17.891	348	421	15	4	4	6
0.289	3.791	12	12	2981	248.417	38.731	242.000	206	317	444.167	422.750	17.000	0.408	0.212	0.416	444.142	422.731	17.003	443	422	15	3	2	5
0.868	7.000	36	32	10571	293.639	71.665	274.500	202	465	389.194	437.167	17.722	0.576	0.241	0.559	389.222	437.207	17.794	388	436	15	3	3	6
7.616	31.932	316	180	120077	379.991	163.199	330.000	200	958	382.984	452.737	20.541	1.245	0.394	1.170	382.854	452.511	20.492	380	449	15	8	8	11
0.362	3.597	15	15	3751	250.067	30.384	248.000	207	299	429.533	457.467	16.600	0.423	0.179	0.300	429.531	457.427	16.609	429	457	15	2	2	4
1.591	13.134	66	66	17238	261.182	47.078	250.000	201	372	472.864	510.530	19.848	0.995	0.534	0.885	472.852	510.578	19.805	471	509	15	5	3	11
1.205	8.975	50	42	14842	296.840	86.650	269.000	200	533	83.240	24.280	19.360	0.647	0.247	0.604	83.237	24.256	19.324	82	23	16	4	4	7
0.265	3.209	11	11	2676	243.273	31.113	250.000	201	291	82.364	43.636	17.182	0.367	0.172	0.367	82.325	43.615	17.163	82	43	16	2	2	4
0.289	3.527	12	12	2790	232.500	26.885	230.000	201	286	168.333	121.250	17.250	0.376	0.161	0.349	168.331	121.236	17.232	168	120	16	2	3	4
0.410	4.884	17	14	4031	237.118	31.253	231.000	202	313	171.000	164.000	18.000	0.447	0.171	0.462	171.019	164.001	18.009	170	163	16	3	3	5
0.554	5.201	23	23	5936	258.087	39.557	259.000	201	329	242.478	364.609	18.957	0.557	0.266	0.453	242.458	364.602	19.003	242	364	16	2	3	6
1.542	10.790	64	47	20895	326.484	116.563	288.000	203	617	338.438	363.453	19.766	0.737	0.282	0.633	338.415	363.417	19.735	337	362	16	4	4	8
0.651	6.101	27	25	6285	232.778	26.082	230.000	202	287	284.593	366.185	18.407	0.556	0.255	0.560	284.580	366.204	18.396	284	365	16	3	3	6
2.940	17.138	122	87	47747	391.369	167.399	345.000	200	874	124.328	379.672	20.164	0.929	0.378	0.910	124.373	379.585	20.054	122	378	16	6	5	9
1.205	9.116	50	42	15817	316.340	104.833	288.000	200	566	417.600	389.880	18.940	0.651	0.267	0.563	417.578	389.863	18.956	416	389	16	4	3	7
9.134	46.460	379	249	135078	356.406	164.256	293.000	200	910	441.121	398.182	21.266	1.540	0.643	1.473	441.244	398.214	21.092	433	394	16	14	10	14
1.036	7.705	43	39	13408	311.814	85.960	283.000	200	542	160.953	399.047	18.651	0.602	0.243	0.587	160.919	399.075	18.609	160	398	16	3	3	6
0.530	4.884	22	22	6026	273.909	47.928	276.000	207	353	172.455	435.636	18.045	0.519	0.239	0.445	172.461	435.633	18.102	172	435	16	2	3	5
0.603	5.713	25	23	6522	260.880	46.872	256.000	202	373	285.120	502.320	18.080	0.501	0.202	0.461	285.118	502.325	18.090	284	501	16	3	3	5
0.434	4.302	18	18	4598	255.444	41.311	247.000	202	338	479.611	510.556	18.333	0.463	0.210	0.463	479.609	510.590	18.309	479	510	16	3	2	5
0.289	3.667	12	12	2727	227.250	21.393	222.500	200	270	180.667	15.750	19.167	0.449	0.229	0.425	180.679	15.758	19.156	180	15	17	2	2	5
0.337	3.791	14	14	3039	217.071	11.572	218.500	200	237	177.643	99.429	19.571	0.460	0.234	0.434	177.645	99.415	19.587	177	99	17	2	2	5
0.434	4.814	18	17	4121	228.944	21.435	224.000	201	281	212.111	250.722	18.833	0.448	0.181	0.432	212.116	250.719	18.832	211	250	17	3	3	5
0.651	7.581	27	27	6029	223.296	21.393	216.000	200	270	243.963	357.889	19.852	0.586	0.260	0.530	243.951	357.869	19.863	243	356	17	3	5	6
0.482	4.232	20	20	4975	248.750	35.230	246.000	205	326	292.200	372.500	18.500	0.430	0.162	0.377	292.210	372.518	18.485	291	372	17	3	2	4
10.364	40.539	430	225	155825	362.384	135.912	339.000	200	833	140.909	378.526	22.374	1.326	0.327	1.295	140.871	378.743	22.384	137	374	17	9	9	11
1.060	9.945	44	42	10951	248.886	40.761	238.500	200	349	363.750	376.227	20.227	0.774	0.358	0.730	363.630	376.284	20.160	362	374	17	6	5	8
1.615	13.030	67	59	16115	240.522	30.026	230.000	200	316	504.119	407.284	21.239	0.852	0.401	0.788	504.139	407.300	21.286	503	405	17	4	6	9
8.797	44.751	365	231	139455	382.068	192.287	317.000	200	1130	339.096	412.052	23.614	1.576	0.625	1.572	339.276	412.224	23.436	332	406	17	12	11	13
3.712	26.343	154	122	41209	267.591	61.393	249.500	200	443	309.318	409.169	21.058	1.012	0.349	1.000	309.421	409.224	21.001	305	405	17	11	8	9
1.759	11.673	73	57	21778	298.329	84.201	272.000	200	504	347.589	410.151	20.370	0.731	0.262	0.686	347.570	410.116	20.367	346	408	17	4	5	7
0.554	5.519	23	21	5654	245.826	41.414	239.000	203	343	439.696	415.000	19.391	0.474	0.182	0.385	439.688	415.001	19.406	439	414	17	3	3	5
0.506	4.814	21	21	5217	248.429	38.934	244.000	200	323	331.476	416.238	19.238	0.478	0.219	0.444	331.473	416.240	19.256	331	415	17	2	3	5
0.289	3.527	12	12	2996	249.667	38.951	239.000	207	328	199.250	481.333	18.833	0.365	0.165	0.356	199.233	481.317	18.822	198	481	17	3	2	4
0.844	7.000	35	31	10242	292.629	67.191	270.000	214	461	394.914	488.229	19.429	0.567	0.235	0.604	394.893	488.242	19.427	394	487	17	3	3	6
0.386	3.597	16	16	4142	258.875	30.395	266.000	202	300	82.500	70.500	19.500	0.437	0.180	0.437	82.512	70.491	19.573	82	70	18	2	2	4
2.097	15.570	87	73	22175	254.885	47.113	239.000	200	368	82.724	87.356	21.115	0.774	0.262	0.777	82.658	87.366	21.153	79	85	18	7	5	7
4.435	24.068	184	124	67503	366.864	138.372	328.500	200	849	76.815	102.000	23.690	1.175	0.512	1.060	76.849	102.073	23.543	73	100	18	8	6	12
0.627	6.789	26	25	5665	217.885	11.772	217.500	200	241	163.885	152.500	19.038	0.476	0.160	0.483	163.890	152.478	19.031	163	150	18	3	6	3
0.603	6.365	25	22	6316	252.640	46.276	239.000	200	369	110.800	213.080	20.560	0.557	0.251	0.602	110.801	213.084	20.570	110	212	18	3	3	6
0.289	3.209	12	12	2800	233.333	23.700	229.000	207	273	186.667	245.500	19.500	0.378	0.168	0.285	186.687	245.486	19.478	186	245	18	2	2	4
0.289	3.068	12	12	2497	208.083	5.823	208.000	200	218	259.583	288.083	18.667	0.319	0.094	0.308	259.590	288.075	18.665	259	287	18	2	3	3
3.639	24.492	151	126	37915	251.093	39.171	239.000	200	365	295.424	381.179	24.543	1.272	0.580	1.235	295.354	381.169	24.610	291	378	18	8	8	12
7.038	31.193	292	167	84567	289.613	63.226	279.000	201	488	287.815	402.435	22.805	1.196	0.345	1.169	287.863	402.401	22.758	284	399	18	8	10	10
0.482	5.007	20	20	4905	245.250	28.477	244.500	203	292	498.650	402.350	19.650	0.464	0.203	0.435	498.642	402.349	19.662	497	402	18	4	2	5
6.893	35.919	286	197	80760	282.378	64.163	273.000	200	498	327.654	405.248	25.615	1.343	0.598	1.301	327.563	405.283	25.732	324	400	18	9	13	12
0.699	5.907	29	26	7553	260.448	47.435	250.000	200	377	433.000	432.345	20.276	0.523	0.196	0.543	432.975	432.337	20.297	432	431	18	3	3	5
0.482	4.743	20	18	4557	227.850	20.719	222.500	201	271	174.850	441.150	19.750	0.437	0.141	0.413	174.838	441.167	19.748	174	440	18	3	3	4
0.627	5.642	26	23	6450	248.077	42.240	232.500	201	352	93.115	4.115	21.077	0.477	0.177	0.475	93.115	4.146	21.072	92	3	19	3	3	5
0.723	6.154	30	26	7257	241.900	33.367	232.000	201	319	186.800	25.733	21.467	0.509	0.164	0.476	186.778	25.738	21.462	186	24	19	3	4	5
0.506	5.395	21	18	5386	256.476	44.244	250.000	201	365	82.857	110.143	20.762	0.475	0.185	0.418	82.869	110.133	20.771	82	109	19	3	3	5
0.458	4.372	19	19	4285	225.526	12.894	227.000	202	241	182.474	132.526	20.895	0.511	0.244	0.466	182.477	132.521	20.874	182	132	19	2	2	5
0.410	4.479	17	17	3552	208.941	8.363	205.000	200	229	195.706	261.471	20.294	0.416	0.171	0.366	195.718	261.473	20.283	195	260	19	3	4	4
1.398	12.395	58	49	14906	257.000	52.981	246.000	200	396	211.483	276.621	23.655	0.948	0.572	0.749	211.457	276.675	23.472	210	274	19	4	5	11
0.530	5.325	22	20	5499	249.955	41.988	231.000	204	350	103.136	279.273	21.409	0.479	0.184	0.400	103.162	279.263	21.377	102	278	19	3	3	5
0.699	6.224	29	25	7755	267.414	51.855	255.000	203	401	105.379	285.103	21.069	0.528	0.190	0.482	105.360	285.110	21.033	104	284	19	4	3	5
0.313	3.597	13	13	3298	253.692	35.015	249.000	208	305	212.462	308.308	20.692	0.422	0.224	0.340	212.467	308.268	20.651	212	308	19	2	2	5
0.868	6.806	36	33	9798	272.167	59.614	259.000	200	434	242.778	369.111	21.972	0.575	0.232	0.504	242.787	369.128	21.981	242	368	19	3	3	6
8.219	38.016	341	217	101844	298.663	80.496	280.000	200	554	498.463	387.279	23.223	1.288	0.385	1.326	498.401	387.240	23.231	492	385	19	14	6	10
0.386	3.597	16	16	3857	241.062	27.233	246.000	202	286	385.500	387.500	20.500	0.437	0.180	0.437	385.501	387.475	20.538	385	387	19	2	2	4
0.434	4.426	18	18	4363	242.389	40.610	220.500	204	326	441.167	390.444	21.167	0.427	0.194	0.405	441.165	390.443	21.156	440	390	19	3	2	5
0.386	4.232	16	14	3688	230.500	33.295	220.000	200	305	345.125	396.750	20.500	0.405	0.133	0.347	345.124	396.753	20.489	344	396	19	3	3	4
0.434	5.148	18	18	4159	231.056	26.906	222.000	201	287	339.389	400.722	23.556	0.679	0.434	0.605	339.415	400.740	23.642	339	400	19	2	2	8
0.699	6.101	29	28	7551	260.379	42.799	249.000	204	349	301.966	412.552	21.310	0.547	0.232	0.552	301.932	412.549	21.307	301	412	19	3	3	6
0.482	5.061	20	17	4267	213.350	10.835	212.500	200	236	429.850	413.600	21.100	0.444	0.153	0.436	429.849	413.603	21.088	429	412	19	3	4	5
8.387	49.601	348	268	100073	287.566	101.298	252.500	200	815	463.773	423.917	25.566	1.579	0.554	1.654	464.039	423.632	25.781	460	418	19	11	16	11
2.386	14.705	99	71	43137	435.727	207.592	369.000	201	1033	196.394	489.101	22.788	0.888	0.355	0.825	196.389	489.120	22.794	194	487	19	5	5	9
1.976	14.334	82	71	19517	238.012	27.245	232.000	201	306	154.268	122.488	24.622	0.901	0.413	0.798	154.253	122.476	24.581	152	121	20	5	4	10
0.868	7.705	36	33	8233	228.694	21.913	228.000	201	284	230.417	288.806	22.333	0.579	0.236	0.567	230.425	288.804	22.341	229	288	20	4	3	6
0.940	7.705	39	35	10791	276.692	60.407	255.000	200	439	208.103	304.949	22.949	0.609	0.268	0.505	208.126	304.918	22.902	207	304	20	3	3	7
1.277	10.844	53	46	12876	242.943	41.612	228.000	201	368	503.151	393.094	24.038	0.679	0.298	0.614	503.129	393.093	24.068	501	392	20	6	3	8
0.675	6.418	28	27	6735	240.536	31.788	232.500	200	309	288.286	394.929	22.821	0.554	0.257	0.519	288.306	394.915	22.798	287	394	20	3	3	6
0.603	5.201	25	25	5990	239.600	32.152	235.000	201	311	473.960	403.520	21.920	0.498	0.220	0.458	473.961	403.539	21.896	473	403	20	3	2	5
0.964	8.146	40	38	9809	245.225	33.345	244.000	201	321	466.925	404.625	23.050	0.588	0.226	0.529	466.919	404.631	23.066	465	404	20	5	3	6
1.109	9.450	46	39	13059	283.891	66.526	275.000	202	437	417.130	430.500	23.522	0.710	0.311	0.653	417.123	430.486	23.526	416	429	20	4	4	8
0.578	5.713	24	22	5955	248.125	36.791	237.000	200	336	440.208	436.167	22.000	0.511	0.205	0.483	440.212	436.170	22.003	439	435	20	3	3	5
0.482	4.937	20	19	4730	236.500	34.805	224.000	200	306	171.550	188.100	22.550	0.462	0.200	0.365	171.555	188.088	22.560	171	187	21	3	3	5
0.988	8.675	41	36	10818	263.854	48.369	246.000	205	368	207.366	189.122	24.512	0.670	0.315	0.644	207.376	189.154	24.495	206	188	21	4	3	8
0.458	4.814	19	18	4768	250.947	37.134	246.000	200	320	81.684	212.632	22.947	0.469	0.204	0.432	81.668	212.625	22.948	81	212	21	3	3	5
0.241	3.209	10	10	2212	221.200	19.487	212.500	205	257	195.000	212.800	22.700	0.365	0.166	0.308	195.003	212.811	22.690	194	212	21	3	2	4
0.337	4.232	14	13	3191	227.929	22.953	219.500	207	280	187.786	253.786	23.000	0.416	0.184	0.397	187.791	253.788	22.997	187	253	21	3	3	5
1.494	10.369	62	52	15098	243.516	30.832	239.000	200	312	97.210	282.935	23.532	0.646	0.183	0.648	97.199	282.934	23.541	95	281	21	6	5	5
1.181	9.768	49	45	11394	232.531	26.978	227.000	200	309	286.041	370.204	26.224	0.805	0.457	0.741	286.040	370.180	26.320	285	369	21	3	4	9
1.012	7.829	42	36	11138	265.190	48.859	251.000	200	395	480.143	395.024	23.333	0.592	0.231	0.586	480.128	395.035	23.359	479	394	21	4	3	6
1.542	11.884	64	53	18639	291.234	71.964	280.000	201	481	443.859	413.828	25.125	0.783	0.368	0.763	443.824	413.847	25.151	442	412	21	5	4	9
4.025	23.328	167	120	44740	267.904	50.119	255.000	201	395	457.389	415.042	25.874	1.082	0.386	1.075	457.395	414.997	25.934	454	412	21	7	7	9
2.362	16.998	98	86	26582	271.245	58.384	253.500	200	434	229.571	508.684	25.745	0.964	0.417	0.950	229.524	508.674	25.735	227	507	21	7	5	9
0.241	3.015	10	10	2353	235.300	28.956	229.000	204	287	302.600	350.300	24.000	0.384	0.190	0.417	302.611	350.266	24.003	302	350	22	2	2	4
1.615	10.720	67	51	21506	320.985	101.895	281.000	207	591	314.702	353.687	25.254	0.722	0.264	0.669	314.707	353.712	25.247	313	352	22	4	4	7
3.350	19.501	139	99	36379	261.719	45.293	251.000	200	415	283.424	355.115	25.878	0.928	0.305	0.913	283.393	355.072	25.903	280	353	22	8	5	8
4.627	27.720	192	149	53826	280.344	69.542	262.500	200	553	303.349	359.047	26.859	1.075	0.380	1.002	303.373	358.930	27.062	299	356	22	11	10	8
0.892	7.775	37	33	10501	283.811	63.417	275.000	206	430	141.541	368.054	25.297	0.640	0.292	0.585	141.520	368.077	25.289	140	367	22	4	3	7
1.928	13.154	80	61	26272	328.400	109.600	287.000	200	593	152.712	406.650	25.663	0.847	0.345	0.751	152.740	406.656	25.600	151	405	22	5	5	8
2.241	13.789	93	72	31896	342.968	119.001	307.000	201	664	473.548	417.817	26.441	0.854	0.326	0.768	473.506	417.857	26.453	472	415	22	4	6	8
1.109	8.798	46	39	13559	294.761	71.431	283.500	201	487	142.826	31.109	25.848	0.672	0.291	0.566	142.841	31.109	25.781	141	30	23	4	3	7
1.301	10.138	54	47	15368	284.593	66.624	276.500	201	471	77.722	110.648	26.259	0.785	0.336	0.761	77.682	110.678	26.435	76	109	23	4	5	7
20.727	73.902	860	496	363234	422.365	196.787	377.000	200	1484	342.281	321.088	27.140	1.664	0.491	1.680	341.986	320.553	27.429	336	310	23	14	23	7
0.265	3.597	11	11	2445	222.273	20.264	216.000	203	262	136.455	358.000	25.000	0.453	0.231	0.413	136.420	358.000	25.044	135	358	23	4	1	5
1.639	10.914	68	55	27201	400.015	164.094	353.000	201	857	373.706	371.794	26.353	0.755	0.286	0.695	373.700	371.829	26.433	372	370	23	4	4	7
1.036	8.464	43	34	12379	287.884	76.533	253.000	201	433	151.674	390.558	25.488	0.635	0.233	0.608	151.660	390.557	25.465	150	389	23	4	4	6
0.241	3.085	10	10	2249	224.900	18.040	221.500	202	257	498.800	396.400	24.500	0.394	0.179	0.296	498.815	396.392	24.529	498	396	23	2	2	4
2.531	15.007	105	82	29645	282.333	63.604	269.000	200	439	181.486	61.133	27.305	0.819	0.257	0.789	181.493	61.097	27.358	179	58	24	5	9	6
0.819	7.317	34	29	8041	236.500	33.373	227.000	200	311	506.588	411.971	26.588	0.581	0.227	0.610	506.579	411.953	26.619	505	411	24	4	3	6
1.904	11.656	79	64	24069	304.671	96.149	263.000	200	599	496.899	426.608	27.114	0.732	0.228	0.711	496.895	426.655	27.301	495	425	24	5	5	6
0.362	3.597	15	15	3808	253.867	28.842	256.000	210	294	452.533	442.533	25.600	0.423	0.179	0.300	452.528	442.557	25.596	452	442	24	2	2	4
0.482	4.760	20	20	5067	253.350	33.144	260.500	200	301	191.550	463.500	26.250	0.542	0.272	0.518	191.549	463.512	26.246	191	463	24	2	2	6
1.326	8.781	55	48	18878	343.236	117.325	312.000	200	644	506.655	503.036	27.164	0.638	0.219	0.599	506.666	503.039	27.366	505	502	24	4	4	6
0.410	4.179	17	17	3892	228.941	16.521	234.000	201	252	169.529	76.471	27.118	0.477	0.235	0.466	169.530	76.485	27.120	169	76	25	2	2	5
0.265	3.209	11	11	2366	215.091	14.286	208.000	200	242	173.909	77.455	26.091	0.351	0.130	0.380	173.907	77.464	26.099	173	77	25	3	2	3
1.085	7.812	45	38	16297	362.156	125.984	330.000	212	674	213.956	157.178	27.667	0.561	0.160	0.566	213.921	157.234	27.826	213	155	25	3	5	5
0.313	3.403	13	13	3058	235.231	19.609	239.000	208	274	111.462	240.538	26.385	0.394	0.175	0.298	111.448	240.551	26.408	111	240	25	2	2	4
0.506	5.201	21	20	4942	235.333	29.267	223.000	201	305	186.857	265.714	26.762	0.500	0.214	0.453	186.866	265.722	26.752	186	265	25	3	3	5
0.699	5.907	29	27	8202	282.828	59.231	262.000	202	395	221.655	339.000	27.379	0.527	0.196	0.562	221.616	338.987	27.422	221	338	25	3	3	5
1.253	8.764	52	45	18104	348.154	132.158	310.000	200	717	292.558	345.269	27.519	0.611	0.191	0.629	292.519	345.214	27.696	291	344	25	5	4	5
0.675	5.907	28	25	7594	271.214	56.464	251.500	201	406	506.321	375.036	27.214	0.514	0.195	0.503	506.331	375.057	27.224	505	374	25	3	3	5
0.482	4.620	20	20	5160	258.000	48.996	246.500	203	353	495.500	380.250	27.350	0.458	0.200	0.391	495.488	380.235	27.375	495	379	25	2	3	5
0.362	4.372	15	15	3499	233.267	28.672	224.000	200	292	345.200	471.067	26.867	0.444	0.211	0.432	345.185	471.079	26.849	345	470	25	2	3	5
0.892	6.966	37	34	11908	321.838	96.231	295.000	205	582	231.027	217.730	27.892	0.521	0.153	0.503	231.004	217.749	27.988	229	216	26	5	4	4
1.157	7.724	48	40	22282	464.208	231.986	419.500	223	1083	245.458	257.479	27.938	0.548	0.118	0.541	245.470	257.529	28.157	244	255	26	4	5	4
1.567	10.388	65	53	23786	365.938	161.135	304.000	203	877	239.477	265.923	28.031	0.624	0.142	0.607	239.418	265.932	28.188	237	264	26	7	5	4
0.554	4.937	23	23	5343	232.304	23.223	234.000	201	278	237.565	294.087	27.652	0.451	0.167	0.397	237.582	294.096	27.699	237	293	26	2	4	4
0.699	5.943	29	26	7602	262.138	52.948	240.000	201	387	227.241	335.552	28.172	0.469	0.122	0.471	227.250	335.544	28.230	226	334	26	4	4	4
0.458	4.038	19	19	4803	252.789	37.744	242.000	200	318	216.000	349.526	27.895	0.400	0.147	0.444	215.964	349.538	27.971	215	349	26	3	2	4
0.337	4.038	14	14	2994	213.857	15.079	208.500	200	246	242.714	352.857	27.857	0.386	0.163	0.391	242.716	352.862	27.846	242	352	26	3	3	4
0.988	7.724	41	37	10424	254.244	46.749	245.000	200	378	244.195	358.220	28.049	0.539	0.146	0.511	244.179	358.174	28.133	242	356	26	5	5	4
0.747	5.890	31	30	8779	283.194	56.333	259.000	201	383	421.581	385.645	27.806	0.489	0.154	0.497	421.561	385.619	27.842	420	385	26	4	3	4
0.675	5.766	28	24	8848	316.000	83.245	306.000	200	515	424.393	389.929	27.893	0.471	0.128	0.461	424.384	389.944	28.001	423	389	26	4	3	4
0.289	3.209	12	12	3066	255.500	33.266	254.000	212	308	424.583	438.417	27.917	0.375	0.174	0.399	424.581	438.390	28.004	424	438	26	2	2	4
0.844	6.277	35	32	12032	343.771	113.359	324.000	201	668	182.971	453.857	27.686	0.508	0.145	0.496	182.972	453.872	27.877	182	452	26	3	4	4
0.434	4.215	18	17	4991	277.278	64.138	258.000	201	427	190.333	78.056	28.389	0.374	0.096	0.364	190.345	78.034	28.451	189	77	27	4	3	3
0.337	3.262	14	14	3661	261.500	59.064	249.000	204	379	217.000	84.500	28.286	0.339	0.105	0.305	216.986	84.501	28.370	216	84	27	3	2	3
0.482	4.462	20	19	5996	299.800	84.626	282.000	209	494	393.350	84.050	28.450	0.386	0.103	0.358	393.353	84.063	28.524	392	83	27	4	3	3
0.458	4.338	19	18	6195	326.053	94.867	305.000	220	551	466.263	114.000	28.421	0.379	0.097	0.352	466.284	113.977	28.514	465	113	27	4	3	3
0.506	4.462	21	20	6515	310.238	87.784	284.000	200	522	409.905	123.095	28.476	0.379	0.088	0.373	409.929	123.137	28.560	408	122	27	4	4	3
0.627	5.291	26	24	8848	340.308	119.086	312.500	201	643	415.231	160.308	28.385	0.422	0.097	0.417	415.202	160.271	28.475	414	159	27	4	4	3
0.337	3.509	14	14	4015	286.786	75.538	268.500	200	454	71.214	174.857	28.500	0.337	0.096	0.349	71.246	174.835	28.557	70	174	27	3	3	3
0.603	5.238	25	24	9111	364.440	136.145	365.000	203	739	352.080	178.080	28.240	0.417	0.103	0.400	352.054	178.062	28.391	351	177	27	4	4	3
0.386	3.827	16	15	4885	305.312	79.300	289.000	203	501	272.938	210.938	28.500	0.354	0.085	0.329	272.898	210.921	28.577	272	210	27	3	3	3
0.578	5.167	24	22	7376	307.333	98.190	269.000	200	517	236.500	224.667	28.333	0.423	0.099	0.439	236.500	224.660	28.436	235	223	27	4	4	3
0.410	4.338	17	17	4171	245.353	36.132	240.000	203	324	186.882	233.588	28.529	0.378	0.124	0.361	186.936	233.558	28.568	185	232	27	4	4	3
0.940	7.848	39	38	9087	233.000	29.079	226.000	200	336	198.615	254.205	28.308	0.583	0.195	0.615	198.692	254.137	28.330	196	252	27	6	5	3
0.603	4.920	25	24	6803	272.120	52.041	265.000	205	395	240.880	271.080	28.160	0.419	0.104	0.427	240.936	271.034	28.235	239	270	27	4	3	3
0.313	3.386	13	13	3188	245.231	38.167	239.000	203	324	202.077	291.308	28.462	0.329	0.094	0.332	202.090	291.319	28.510	201	290	27	3	3	3
0.410	4.021	17	16	4127	242.765	33.769	238.000	205	321	251.765	296.176	28.471	0.363	0.093	0.355	251.755	296.175	28.508	251	295	27	3	4	3
1.374	9.666	57	50	14269	250.333	40.484	239.000	201	353	215.965	320.404	28.351	0.593	0.174	0.590	216.015	320.419	28.406	212	318	27	7	6	3
0.458	4.091	19	18	5349	281.526	66.622	263.000	200	427	301.737	344.842	28.211	0.392	0.100	0.396	301.717	344.807	28.262	301	344	27	3	3	3
0.747	6.243	31	29	8826	284.710	70.253	278.000	200	440	447.097	352.742	28.419	0.457	0.119	0.464	447.096	352.728	28.501	445	351	27	5	5	3
0.410	4.091	17	17	4168	245.176	37.903	231.000	202	316	306.235	364.529	28.235	0.384	0.125	0.377	306.263	364.528	28.282	305	363	27	3	4	3
0.265	2.945	11	11	2577	234.273	28.831	222.000	204	299	222.364	507.364	28.273	0.334	0.123	0.337	222.346	507.350	28.310	221	507	27	3	2	3
0.313	3.245	13	13	3657	281.308	67.521	255.000	211	412	223.385	98.231	28.692	0.316	0.078	0.342	223.382	98.257	28.716	222	97	28	4	3	2
0.410	3.880	17	17	5067	298.059	67.872	265.000	206	435	506.765	130.529	28.647	0.346	0.085	0.356	506.814	130.523	28.682	505	129	28	4	4	2
0.410	4.198	17	17	3922	230.706	24.939	231.000	200	282	238.000	354.765	28.706	0.377	0.133	0.335	237.991	354.799	28.717	237	353	28	4	5	2
