Volume (cm^3)	Surface (cm^2)	Nb of obj. voxels	Nb of surf. voxels	IntDen	Mean	StdDev	Median	Min	Max	X	Y	Z	Mean dist. to surf. (cm)	SD dist. to surf. (cm)	Median dist. to surf. (cm)	XM	YM	ZM	BX	BY	BZ	B-width	B-height	B-depth
2.699	18.144	112	91	28471	254.205	51.415	240.000	200	449	51.134	11.741	4.241	0.941	0.358	0.922	50.996	11.859	4.172	49	9	1	7	6	8
1.952	12.201	81	65	28583	352.877	129.754	322.000	201	703	52.481	19.889	4.148	0.794	0.315	0.782	52.490	19.921	4.081	51	18	1	4	4	8
1.808	12.555	75	66	20480	273.067	65.175	258.000	200	431	57.027	34.813	2.960	0.773	0.300	0.805	57.012	34.761	2.833	55	33	1	5	7	7
2.266	13.682	94	70	34753	369.713	148.776	322.000	201	770	371.447	70.702	4.883	0.858	0.346	0.842	371.450	70.696	4.791	369	69	1	5	4	9
0.554	5.977	23	20	6168	268.174	52.070	259.000	209	399	59.087	96.043	2.739	0.526	0.210	0.544	59.086	96.044	2.774	58	95	1	3	3	5
547.894	1480.426	22733	9020	8022503	352.901	170.681	296.000	200	1668	77.877	68.471	19.717	5.850	2.334	5.665	79.071	70.429	20.072	56	18	1	47	86	30
25.764	112.546	1069	636	328032	306.859	125.627	261.000	200	939	368.471	122.444	5.725	2.287	0.860	2.302	368.603	122.697	5.112	360	108	1	16	29	15
0.940	6.859	39	34	13145	337.051	99.813	329.000	210	618	370.179	111.974	2.487	0.540	0.163	0.598	370.162	111.959	2.317	369	111	1	4	3	5
244.146	663.292	10130	3924	3050590	301.144	129.835	266.000	200	1564	99.825	129.074	18.499	4.971	1.990	4.644	99.990	128.222	18.298	84	102	1	33	69	30
14.895	53.882	618	306	228263	369.358	176.640	310.000	200	1104	83.117	137.108	8.879	1.717	0.647	1.620	83.316	137.201	8.441	78	133	1	10	10	16
0.892	6.789	37	33	9888	267.243	59.590	254.000	203	419	376.243	144.919	2.378	0.523	0.143	0.541	376.241	144.888	2.280	375	143	1	4	4	4
0.699	6.030	29	26	7711	265.897	50.374	257.000	203	381	83.931	149.793	2.552	0.505	0.179	0.508	83.901	149.776	2.456	83	149	1	3	3	5
0.554	5.061	23	22	6250	271.739	66.685	260.000	201	412	72.565	152.000	2.087	0.443	0.147	0.448	72.561	151.993	2.008	71	151	1	4	3	4
184.182	606.500	7642	3532	2729652	357.191	178.349	292.000	200	1417	366.213	167.059	13.546	4.788	1.981	4.712	366.354	166.688	12.873	351	139	1	28	69	30
55.264	222.077	2293	1218	827017	360.670	205.138	297.000	200	1777	94.542	172.137	9.971	3.410	1.179	3.488	95.078	173.555	10.053	83	150	1	24	38	23
0.386	3.597	16	16	4209	263.062	29.483	263.000	218	314	403.500	173.500	2.500	0.437	0.180	0.437	403.513	173.471	2.441	403	173	1	2	2	4
0.844	7.194	35	31	10479	299.400	69.086	283.000	203	464	410.200	185.914	4.257	0.575	0.253	0.543	410.232	185.966	4.295	409	185	1	3	3	7
0.651	5.625	27	26	7550	279.630	78.136	232.000	204	422	380.593	192.333	2.037	0.483	0.173	0.444	380.582	192.352	1.964	379	191	1	4	4	4
5.399	25.286	224	151	80828	360.839	196.678	283.500	200	1300	372.085	202.237	3.759	1.119	0.376	1.093	372.176	202.094	3.317	369	199	1	7	10	9
1.229	10.068	51	47	12379	242.725	28.806	239.000	200	304	96.373	214.608	3.098	0.622	0.226	0.606	96.379	214.562	3.107	95	212	1	4	7	6
1.277	8.464	53	46	16784	316.679	81.935	311.000	200	510	101.453	220.019	2.849	0.613	0.210	0.565	101.467	219.979	2.695	100	219	1	4	3	6
2.386	13.789	99	70	40691	411.020	232.840	307.000	200	1155	369.121	223.838	3.293	0.808	0.237	0.773	369.123	223.881	2.965	367	222	1	5	5	7
0.723	6.876	30	27	7574	252.467	48.467	233.500	205	374	372.700	230.133	4.200	0.588	0.282	0.521	372.691	230.135	4.200	372	229	1	3	3	7
0.434	4.620	18	16	4212	234.000	29.597	218.000	200	284	114.833	231.778	2.500	0.436	0.151	0.359	114.848	231.755	2.490	114	231	1	3	3	4
16.726	76.168	694	405	215727	310.846	99.086	284.000	200	725	358.824	241.226	12.320	2.273	1.178	1.908	358.666	241.312	12.190	353	236	1	17	11	25
0.289	3.386	12	12	3214	267.833	57.946	253.500	207	400	111.000	242.750	1.500	0.327	0.100	0.322	110.992	242.736	1.447	110	242	1	3	3	3
4.170	20.294	173	116	86146	497.954	297.314	377.000	200	1488	415.173	246.919	4.873	1.067	0.409	0.981	415.137	246.783	4.358	413	245	1	6	5	10
7.616	33.905	316	191	119106	376.918	208.853	299.000	200	1277	134.149	254.120	6.997	1.390	0.582	1.285	133.936	253.933	6.274	130	252	1	8	6	15
22.438	92.056	931	524	301760	324.125	112.294	288.000	200	797	354.591	267.968	10.592	2.285	1.056	2.099	354.570	268.015	10.217	351	259	1	9	17	24
336.020	1079.830	13942	6445	4057493	291.027	115.281	255.000	200	1733	156.017	270.716	19.815	5.573	2.231	5.219	156.781	270.306	20.156	133	232	1	56	73	30
4.145	28.615	172	152	44423	258.273	53.175	243.500	200	470	372.023	283.134	5.930	1.439	0.675	1.309	372.264	282.962	5.696	368	280	1	9	6	14
8.146	43.038	338	228	103053	304.891	121.028	258.000	200	797	355.148	281.929	8.648	1.803	0.968	1.591	355.132	281.814	8.178	350	279	1	11	8	20
5.375	25.180	223	140	83975	376.570	156.043	330.000	200	892	352.354	289.126	4.220	1.120	0.344	1.113	352.178	289.043	4.034	349	286	1	7	8	9
0.819	6.418	34	31	9969	293.206	78.226	260.000	201	454	391.118	290.824	2.765	0.542	0.198	0.531	391.153	290.767	2.659	390	290	1	3	3	5
1.567	11.884	65	55	15323	235.738	28.511	229.000	201	325	367.508	293.385	5.046	0.794	0.370	0.787	367.498	293.370	5.066	366	292	1	5	4	8
13.955	69.011	579	359	157079	271.294	67.214	250.000	200	563	356.630	294.886	12.589	1.728	0.733	1.607	356.628	295.050	12.374	351	288	1	12	15	22
1.518	9.962	63	55	21521	341.603	106.561	323.000	202	650	355.984	311.079	3.857	0.767	0.318	0.772	355.971	311.100	3.755	355	310	1	3	4	7
0.410	4.232	17	16	4308	253.412	49.792	241.000	200	355	379.765	311.765	2.000	0.411	0.140	0.438	379.757	311.765	1.986	379	311	1	3	3	4
1.904	12.572	79	62	23320	295.190	80.021	266.000	203	473	397.911	364.975	3.557	0.765	0.247	0.750	397.876	364.904	3.398	396	363	1	5	5	6
4.868	24.948	202	135	106060	525.049	350.396	406.000	200	1701	349.010	377.525	7.376	1.219	0.556	1.116	349.016	377.541	7.175	347	375	1	5	6	14
0.771	6.682	32	30	8904	278.250	61.277	262.000	203	409	374.875	381.625	3.625	0.595	0.260	0.593	374.833	381.610	3.626	374	381	1	3	3	6
1.326	9.697	55	46	15373	279.509	64.805	263.000	202	429	343.927	8.327	5.582	0.683	0.284	0.654	343.904	8.354	5.589	343	7	2	3	4	8
0.386	3.985	16	16	4033	252.062	38.629	243.500	207	320	372.500	86.625	4.000	0.458	0.228	0.429	372.489	86.658	4.049	372	86	2	2	2	5
1.735	12.077	72	55	24205	336.181	123.863	296.000	200	677	54.694	137.278	5.972	0.783	0.325	0.793	54.706	137.271	5.982	53	136	2	4	4	8
2.868	16.256	119	84	53017	445.521	232.131	374.000	201	1111	426.454	240.798	6.429	0.945	0.389	0.831	426.451	240.766	6.425	425	239	2	4	5	10
8.942	46.795	371	242	134694	363.057	158.783	312.000	200	1061	418.930	289.038	12.447	1.699	0.843	1.544	419.042	289.098	12.406	413	285	2	11	10	19
0.241	3.085	10	10	2269	226.900	18.947	226.000	203	261	337.300	373.700	3.200	0.380	0.175	0.365	337.286	373.706	3.198	337	373	2	2	2	4
0.458	4.372	19	19	5059	266.263	38.577	268.000	200	315	34.526	40.474	5.105	0.511	0.244	0.466	34.525	40.474	5.149	34	40	3	2	2	5
12.002	68.710	498	342	130105	261.255	61.769	240.000	200	527	70.829	103.861	13.305	1.780	0.796	1.651	70.884	104.052	13.384	63	98	3	13	11	20
1.181	9.751	49	44	12755	260.306	58.411	236.000	200	404	73.776	120.429	5.837	0.649	0.246	0.635	73.714	120.467	5.751	72	118	3	5	5	6
0.241	3.085	10	10	2350	235.000	33.109	224.000	203	298	57.700	149.700	4.800	0.380	0.175	0.365	57.730	149.717	4.806	57	149	3	2	2	4
0.868	6.736	36	33	9294	258.167	40.888	255.000	202	372	118.944	232.028	5.139	0.540	0.199	0.502	118.949	232.041	5.123	118	231	3	3	3	5
0.337	3.914	14	14	3329	237.786	31.460	226.000	202	296	372.786	275.571	5.000	0.428	0.225	0.413	372.796	275.570	4.997	372	275	3	3	2	5
12.846	57.496	533	318	151989	285.158	75.686	264.000	200	601	350.111	308.809	12.572	2.121	1.059	2.071	349.917	308.799	12.111	346	306	3	10	8	22
5.471	31.843	227	163	70012	308.423	107.896	266.000	200	755	340.705	327.013	9.586	1.514	0.709	1.510	340.823	326.832	9.299	337	324	3	7	8	15
1.253	9.380	52	44	17118	329.192	104.607	306.000	209	603	411.038	331.712	6.077	0.705	0.305	0.589	411.034	331.681	6.075	410	330	3	3	4	7
0.747	6.488	31	28	8909	287.387	62.704	274.000	203	427	357.677	355.097	5.839	0.562	0.234	0.522	357.653	355.130	5.917	357	354	3	3	3	6
0.362	3.720	15	15	3454	230.267	15.577	227.000	204	258	358.400	390.733	4.200	0.384	0.151	0.375	358.398	390.717	4.194	358	390	3	2	3	4
0.964	8.076	40	37	9576	239.400	32.338	221.500	201	308	51.075	2.875	6.100	0.569	0.185	0.550	51.056	2.857	6.107	49	2	4	5	3	5
1.952	12.395	81	61	29831	368.284	154.895	308.000	201	768	30.716	61.494	7.642	0.798	0.324	0.726	30.729	61.481	7.640	29	60	4	4	4	8
0.386	3.597	16	16	4096	256.000	27.826	257.000	213	295	386.500	84.500	5.500	0.437	0.180	0.437	386.495	84.477	5.500	386	84	4	2	2	4
0.313	3.597	13	13	3068	236.000	25.040	232.000	201	284	368.615	102.615	6.077	0.405	0.207	0.403	368.631	102.636	6.047	368	102	4	2	2	5
0.386	4.302	16	16	3821	238.812	36.850	226.000	202	321	412.812	138.375	6.250	0.426	0.202	0.378	412.822	138.360	6.239	412	138	4	3	2	5
1.976	15.286	82	65	18867	230.085	25.427	222.500	200	296	79.171	142.293	8.585	0.939	0.467	0.778	79.180	142.289	8.523	78	140	4	4	6	11
4.411	22.233	183	119	90623	495.208	316.063	372.000	202	1570	423.049	143.787	9.847	1.131	0.481	1.004	423.094	143.696	9.693	421	142	4	5	5	12
2.434	14.300	101	77	28329	280.485	65.968	263.000	200	467	87.099	176.535	6.970	0.803	0.258	0.811	86.998	176.527	6.928	85	175	4	6	4	7
0.386	4.232	16	15	3625	226.562	17.648	221.000	205	267	365.812	233.188	5.688	0.422	0.169	0.402	365.810	233.189	5.692	365	232	4	3	3	4
0.940	7.581	39	35	11186	286.821	71.518	275.000	200	472	414.205	271.897	7.026	0.611	0.268	0.508	414.231	271.893	6.992	413	271	4	3	3	7
10.821	53.053	449	292	117869	262.514	56.026	248.000	200	507	162.472	310.617	15.022	2.108	1.071	1.993	162.438	310.562	14.978	159	305	4	7	11	23
0.482	4.620	20	20	5371	268.550	49.520	265.000	206	362	403.300	312.500	5.800	0.479	0.225	0.434	403.299	312.512	5.771	402	312	4	3	2	5
0.362	3.791	15	15	3819	254.600	31.607	252.000	211	304	366.533	70.600	7.133	0.434	0.213	0.393	366.526	70.621	7.146	366	70	5	2	2	5
1.060	8.093	44	39	13013	295.750	80.886	269.500	200	527	44.955	80.045	8.273	0.612	0.263	0.560	44.922	80.064	8.261	44	79	5	3	3	7
0.868	7.123	36	31	9736	270.444	56.747	256.500	200	404	368.222	83.889	7.389	0.565	0.214	0.588	368.242	83.869	7.375	367	83	5	4	3	6
13.352	75.695	554	404	143887	259.724	51.541	247.500	200	472	357.377	102.365	11.561	1.797	0.703	1.836	357.318	102.243	11.533	353	92	5	11	20	15
1.832	13.401	76	62	20195	265.724	59.155	247.500	200	427	68.934	115.250	7.895	0.758	0.263	0.769	68.886	115.326	7.930	66	112	5	6	6	7
0.241	2.627	10	10	2233	223.300	14.213	222.000	201	249	93.400	139.500	6.200	0.320	0.121	0.350	93.378	139.498	6.185	93	139	5	2	2	3
7.905	44.148	328	238	103700	316.159	106.704	286.500	200	684	32.015	177.201	15.576	2.155	1.084	2.191	32.027	177.111	15.519	28	174	5	8	8	22
7.688	39.829	319	204	92670	290.502	92.962	260.000	200	661	364.759	278.006	12.699	1.510	0.749	1.337	364.957	278.021	12.334	360	275	5	9	7	18
1.205	9.116	50	42	16839	336.780	116.393	305.000	200	636	124.880	292.560	8.220	0.664	0.277	0.582	124.889	292.565	8.173	124	291	5	3	4	7
5.134	34.046	213	163	51184	240.300	35.713	232.000	200	409	167.667	296.845	13.531	1.564	0.859	1.387	167.646	296.834	13.463	165	293	5	7	8	19
0.362	4.496	15	14	3745	249.667	45.216	234.000	212	356	121.000	299.867	7.000	0.435	0.172	0.446	121.009	299.874	6.977	120	299	5	3	3	5
482.363	1192.423	20014	7500	6193115	309.439	161.020	260.000	200	2303	203.790	338.448	20.635	5.351	1.914	5.146	204.890	337.434	20.910	166	315	5	70	52	26
5.495	29.126	228	155	89158	391.044	199.318	339.500	203	1202	283.728	417.263	12.680	1.505	0.746	1.448	283.671	417.033	11.951	282	414	5	5	7	17
4.507	29.463	187	149	46653	249.481	36.884	244.000	200	345	64.684	93.695	13.481	1.575	0.739	1.547	64.690	93.679	13.479	62	91	6	7	8	16
1.036	8.851	43	40	10360	240.930	31.081	238.000	200	328	30.698	148.605	8.930	0.653	0.294	0.568	30.696	148.588	8.894	30	147	6	3	5	7
0.265	2.821	11	11	2628	238.909	22.757	231.000	211	286	411.455	163.455	7.091	0.334	0.126	0.396	411.429	163.434	7.086	411	163	6	2	2	3
4.676	23.961	194	122	83795	431.933	240.345	340.500	200	1322	427.804	167.160	10.727	1.137	0.439	1.070	427.925	167.153	10.625	425	165	6	6	7	11
0.771	7.000	32	30	7809	244.031	41.690	226.500	200	353	68.781	173.938	8.719	0.613	0.282	0.561	68.786	173.899	8.631	68	173	6	3	3	7
37.935	135.770	1574	760	664335	422.068	257.110	329.500	200	1727	121.244	209.807	16.621	2.463	0.958	2.306	121.105	209.743	16.184	110	200	6	21	22	23
26.560	117.689	1102	672	339065	307.681	113.054	269.500	200	840	370.710	264.009	15.546	2.278	0.888	2.252	370.772	263.928	15.659	364	251	6	11	23	20
4.362	23.256	181	122	68397	377.884	145.387	332.000	202	777	418.696	278.901	11.602	1.189	0.531	1.094	418.716	278.855	11.500	417	276	6	5	7	12
0.458	4.496	19	19	5214	274.421	40.507	269.000	208	350	358.632	318.526	8.211	0.486	0.229	0.495	358.628	318.536	8.189	358	318	6	3	2	5
1.615	10.984	67	54	23782	354.955	130.234	314.000	200	737	113.328	321.149	9.537	0.738	0.296	0.685	113.275	321.131	9.520	112	320	6	4	4	8
6.122	38.877	254	202	69809	274.839	62.277	263.000	200	547	203.441	406.705	16.594	1.634	0.849	1.463	203.462	406.496	16.195	200	403	6	8	9	18
4.290	27.134	178	142	46992	264.000	57.294	250.500	200	488	349.944	21.320	14.893	1.450	0.735	1.352	349.947	21.348	14.723	347	18	7	6	7	16
1.591	11.760	66	52	17006	257.667	50.710	244.000	201	395	357.652	27.500	10.909	0.812	0.363	0.772	357.651	27.455	10.946	356	26	7	4	4	9
32.778	150.999	1360	820	426454	313.569	134.969	268.000	200	1153	351.043	68.414	18.848	2.933	1.074	2.949	351.060	68.208	18.623	345	52	7	13	29	24
3.832	19.395	159	107	63218	397.597	180.591	343.000	201	919	418.629	128.503	11.484	1.014	0.404	0.957	418.693	128.501	11.348	416	127	7	6	4	10
0.578	5.201	24	24	6264	261.000	43.520	248.000	201	357	373.000	141.542	9.000	0.485	0.215	0.476	373.003	141.542	8.993	372	141	7	3	2	5
13.111	69.771	544	369	151606	278.688	65.359	261.000	200	504	33.647	158.941	13.939	1.938	1.113	1.669	33.683	158.983	13.891	28	152	7	11	15	24
0.627	5.713	26	23	6994	269.000	56.113	256.500	206	411	432.962	164.692	8.923	0.492	0.188	0.475	432.946	164.693	8.909	432	164	7	3	3	5
0.675	6.101	28	26	7458	266.357	54.146	255.500	200	395	69.643	169.893	9.214	0.538	0.230	0.492	69.639	169.879	9.210	69	169	7	3	3	6
0.386	4.232	16	16	3696	231.000	21.144	222.500	203	276	414.312	175.625	8.562	0.401	0.155	0.354	414.305	175.632	8.576	414	174	7	2	4	4
0.434	4.496	18	18	4512	250.667	24.905	250.500	208	303	36.167	200.389	9.111	0.438	0.195	0.439	36.162	200.382	9.108	35	200	7	3	2	5
0.362	3.844	15	15	3589	239.267	37.760	220.000	202	299	423.933	248.533	8.467	0.379	0.145	0.339	423.944	248.530	8.428	423	248	7	3	2	4
0.434	4.108	18	18	4089	227.167	16.382	227.500	201	252	357.556	253.333	8.500	0.435	0.169	0.400	357.552	253.346	8.491	357	252	7	2	3	4
2.989	17.385	124	87	38251	308.476	104.337	270.000	200	666	420.637	258.685	10.500	0.914	0.310	0.833	420.702	258.712	10.437	419	256	7	5	6	8
2.073	13.100	86	64	32922	382.814	166.461	328.000	200	869	407.384	344.767	10.965	0.811	0.320	0.835	407.354	344.807	10.963	406	343	7	4	5	9
1.591	12.536	66	58	15231	230.773	19.473	229.500	201	270	327.424	352.379	10.985	0.848	0.400	0.797	327.417	352.384	10.959	326	351	7	4	4	9
3.350	18.726	139	94	48912	351.885	125.635	325.000	203	767	271.216	411.000	10.165	0.909	0.270	0.876	271.160	410.949	10.112	269	408	7	5	7	8
1.085	8.340	45	39	12151	270.022	61.787	250.000	200	408	28.400	70.667	10.711	0.629	0.238	0.617	28.380	70.645	10.723	27	69	8	4	4	6
5.447	32.565	226	167	61855	273.695	59.812	260.000	200	472	70.292	251.916	15.611	1.456	0.714	1.338	70.291	251.956	15.514	67	249	8	8	6	17
12.051	57.515	500	317	174287	348.574	184.858	282.500	200	1250	114.948	310.672	19.046	1.779	0.832	1.612	114.644	310.577	18.672	110	307	8	11	11	20
37.309	158.018	1548	871	477038	308.164	111.482	263.000	200	736	177.482	311.714	21.246	2.611	0.983	2.576	177.516	311.881	21.161	167	302	8	22	21	23
11.255	49.686	467	274	162280	347.495	138.235	304.000	200	843	394.218	376.964	14.300	1.520	0.535	1.490	394.421	376.986	14.116	390	373	8	10	11	14
1.735	11.813	72	56	24516	340.500	122.113	311.000	201	645	205.542	394.750	11.625	0.773	0.315	0.694	205.532	394.786	11.580	204	393	8	4	4	8
4.917	24.896	204	130	63712	312.314	101.383	273.500	200	596	238.225	413.745	13.059	1.081	0.371	1.004	238.139	413.783	12.975	236	411	8	8	6	11
0.964	7.899	40	35	10593	264.825	57.188	235.500	200	366	343.325	2.750	11.825	0.650	0.293	0.560	343.346	2.712	11.826	342	2	9	4	3	7
7.592	42.245	315	213	107172	340.229	135.683	295.000	200	747	401.641	116.597	14.571	1.360	0.497	1.379	401.375	116.928	14.436	398	109	9	9	13	12
3.374	21.086	140	106	47487	339.193	129.338	291.500	200	799	28.936	132.136	16.271	1.259	0.658	1.165	28.770	132.138	16.571	27	130	9	6	5	14
0.868	7.441	36	31	8266	229.611	26.262	221.500	200	287	86.306	147.056	11.556	0.566	0.208	0.599	86.322	147.048	11.541	84	146	9	5	3	6
1.060	8.023	44	38	12300	279.545	62.951	266.500	203	455	32.977	168.818	11.341	0.612	0.241	0.606	32.946	168.827	11.345	32	167	9	3	4	6
1.253	9.045	52	46	15209	292.481	76.194	274.500	200	521	33.173	187.365	11.519	0.651	0.243	0.640	33.174	187.310	11.530	32	186	9	4	4	6
0.844	7.123	35	32	8269	236.257	26.374	236.000	201	292	101.629	190.914	11.029	0.555	0.203	0.501	101.649	190.913	11.043	100	190	9	4	3	5
9.448	42.544	392	238	141009	359.717	148.530	308.000	200	864	422.571	231.069	18.212	1.658	0.783	1.515	422.504	230.904	18.298	420	227	9	6	10	18
0.506	4.814	21	21	5060	240.952	37.947	228.000	201	315	420.095	245.524	11.238	0.449	0.192	0.420	420.091	245.508	11.253	419	245	9	3	2	5
2.386	17.015	99	84	26024	262.869	55.485	244.000	200	438	140.737	254.495	14.141	1.033	0.502	0.927	140.664	254.414	14.265	139	252	9	6	6	11
16.558	77.455	687	423	217373	316.409	103.204	289.000	200	687	81.360	259.354	18.728	2.147	1.001	1.980	81.346	259.461	18.532	73	255	9	16	9	22
0.795	6.806	33	29	9804	297.091	70.552	284.000	200	464	428.758	260.879	11.758	0.563	0.231	0.535	428.731	260.863	11.745	428	260	9	3	3	6
0.362	3.720	15	15	3591	239.400	32.386	230.000	200	295	92.267	278.400	10.200	0.384	0.151	0.375	92.261	278.423	10.185	91	278	9	3	2	4
0.747	8.287	31	30	6819	219.968	15.671	215.000	200	247	163.161	317.613	12.742	0.997	0.443	1.066	163.144	317.589	12.676	162	316	9	4	5	9
0.699	6.418	29	23	6789	234.103	32.047	230.000	201	312	178.000	324.448	10.931	0.515	0.177	0.498	178.002	324.437	10.894	177	323	9	3	4	5
2.145	13.541	89	65	25481	286.303	79.479	262.000	200	492	180.674	329.933	11.876	0.820	0.296	0.835	180.661	329.894	11.814	179	328	9	4	5	8
0.506	5.201	21	21	5744	273.524	44.557	278.000	201	346	127.571	336.429	11.381	0.514	0.250	0.559	127.557	336.429	11.361	127	335	9	3	3	6
0.289	2.821	12	12	2697	224.750	17.295	220.000	203	261	317.500	359.500	10.000	0.344	0.124	0.428	317.516	359.524	9.989	317	359	9	2	2	3
106.118	338.583	4403	2067	1561528	354.651	150.455	310.000	200	1149	301.406	359.293	22.912	3.499	1.220	3.484	300.526	359.426	22.768	279	348	9	46	25	22
0.723	6.806	30	26	8304	276.800	65.363	253.000	200	430	376.200	374.133	11.500	0.555	0.237	0.619	376.218	374.167	11.484	375	373	9	3	3	6
0.362	4.426	15	14	3606	240.400	35.488	227.000	201	307	370.733	388.200	11.133	0.442	0.201	0.392	370.715	388.181	11.104	370	387	9	3	3	5
2.772	18.214	115	87	32700	284.348	53.303	272.000	200	414	197.757	394.383	11.965	0.922	0.349	0.895	197.805	394.346	11.909	195	391	9	7	7	8
1.229	10.420	51	51	17544	344.000	139.653	308.000	202	723	377.333	0.353	13.510	0.760	0.363	0.681	377.346	0.294	13.563	375	0	10	5	2	8
0.410	4.108	17	17	3715	218.529	13.134	217.000	202	242	55.294	15.471	11.588	0.422	0.168	0.378	55.305	15.481	11.599	54	15	10	3	2	4
0.723	6.294	30	27	8348	278.267	62.221	268.000	201	424	29.133	37.667	12.100	0.554	0.235	0.487	29.150	37.646	12.056	28	37	10	3	3	6
0.362	3.597	15	15	3656	243.733	27.863	245.000	201	296	21.533	53.467	11.600	0.423	0.179	0.300	21.551	53.435	11.594	21	53	10	2	2	4
1.663	12.148	69	58	18707	271.116	58.510	248.000	203	420	26.609	116.406	14.188	0.839	0.381	0.809	26.627	116.399	14.195	25	115	10	4	4	9
2.940	18.302	122	98	33388	273.672	51.167	268.000	201	424	413.984	121.746	14.295	0.949	0.380	0.931	413.997	121.743	14.311	412	118	10	5	8	10
0.241	3.015	10	10	2111	211.100	7.593	211.000	200	222	84.500	153.000	11.000	0.340	0.133	0.409	84.501	153.001	10.998	84	152	10	2	3	3
2.073	16.908	86	77	21819	253.709	56.492	233.500	201	431	37.581	183.360	14.174	1.042	0.590	0.919	37.528	183.272	14.046	36	181	10	4	7	13
0.458	5.131	19	17	4504	237.053	37.121	229.000	200	323	41.211	209.000	12.368	0.467	0.187	0.389	41.215	209.010	12.344	40	208	10	3	3	5
4.170	28.474	173	142	47277	273.277	81.031	240.000	200	582	365.711	221.931	18.197	1.219	0.603	1.102	365.573	221.830	18.022	363	219	10	7	7	16
3.278	19.940	136	99	47254	347.456	140.713	302.500	200	805	48.706	232.978	16.346	1.131	0.525	1.040	48.693	233.004	16.265	47	231	10	5	5	13
5.375	31.947	223	159	60831	272.785	55.686	260.000	200	456	363.453	252.623	14.951	1.332	0.590	1.243	363.425	252.591	15.027	361	249	10	7	8	13
3.326	17.984	138	96	65583	475.239	258.815	398.000	200	1248	63.558	257.862	14.522	0.996	0.412	0.939	63.571	257.851	14.471	62	256	10	5	5	10
3.736	20.400	155	101	53335	344.097	130.533	303.000	203	725	96.052	274.484	13.671	0.976	0.330	0.934	96.143	274.562	13.687	92	271	10	7	7	9
1.422	9.891	59	52	18876	319.932	99.361	298.000	200	625	237.949	364.831	13.068	0.724	0.297	0.786	237.954	364.858	12.999	237	363	10	3	4	7
0.892	7.317	37	35	9499	256.730	36.556	261.000	200	332	277.649	410.676	12.649	0.565	0.221	0.560	277.613	410.658	12.583	276	410	10	4	3	6
0.362	3.720	15	15	3315	221.000	14.036	223.000	201	247	89.400	173.400	12.800	0.417	0.181	0.377	89.395	173.409	12.793	89	172	11	2	3	4
0.675	6.030	28	25	8070	288.214	60.988	260.000	202	402	420.750	173.750	13.000	0.526	0.213	0.471	420.708	173.707	13.007	420	173	11	3	3	5
0.892	7.441	37	35	10070	272.162	58.658	257.000	202	384	132.297	226.459	13.054	0.594	0.245	0.508	132.327	226.455	13.022	131	225	11	4	4	6
0.844	7.317	35	32	8120	232.000	24.711	229.000	200	293	78.857	253.829	13.914	0.574	0.231	0.513	78.856	253.820	13.902	77	253	11	4	3	6
0.265	3.597	11	11	2457	223.364	21.082	217.000	202	260	374.273	289.091	13.091	0.403	0.222	0.399	374.271	289.082	13.110	374	288	11	2	3	5
0.241	3.015	10	10	2162	216.200	13.990	213.500	200	238	374.700	292.500	12.400	0.365	0.161	0.296	374.721	292.506	12.391	374	292	11	2	2	4
1.687	12.749	70	56	18357	262.243	61.539	233.000	200	439	103.343	301.886	13.143	0.711	0.245	0.718	103.392	301.943	13.130	100	299	11	7	6	6
5.784	36.974	240	182	66078	275.325	65.203	258.000	200	567	324.246	341.233	17.654	1.426	0.676	1.226	324.121	341.180	17.635	321	338	11	9	10	15
1.253	11.372	52	48	12353	237.558	28.354	232.000	200	301	352.404	400.154	15.173	0.901	0.492	0.854	352.410	400.157	15.195	351	398	11	4	5	10
1.832	12.271	76	63	27399	360.513	141.336	317.500	200	786	189.908	399.684	15.461	0.819	0.358	0.711	189.922	399.703	15.336	188	398	11	4	4	9
2.844	20.859	118	93	29350	248.729	36.926	239.500	200	375	296.051	413.525	16.102	1.055	0.476	0.963	296.022	413.510	16.049	293	411	11	7	7	11
8.363	54.059	347	268	93083	268.251	73.371	241.000	200	533	332.331	8.029	19.533	1.713	0.763	1.599	331.978	7.828	19.449	325	4	12	18	10	19
12.099	66.778	502	359	171502	341.637	138.340	294.500	200	944	385.596	38.914	23.781	2.308	0.791	2.318	385.471	38.676	24.247	380	30	12	11	16	19
0.265	2.821	11	11	2562	232.909	13.896	232.000	212	258	17.455	108.545	12.909	0.334	0.126	0.396	17.447	108.553	12.891	17	108	12	2	2	3
1.085	8.410	45	39	13137	291.933	71.281	276.000	202	505	65.911	140.911	15.156	0.620	0.268	0.553	65.932	140.901	15.134	64	140	12	4	3	7
2.844	21.035	118	99	30685	260.042	52.881	244.000	200	470	79.754	185.619	16.737	0.996	0.415	0.949	79.590	185.744	16.633	76	181	12	8	8	10
3.013	21.617	125	100	33934	271.472	60.903	254.000	200	481	87.288	215.088	15.608	0.890	0.311	0.884	87.208	215.171	15.559	85	211	12	6	8	8
0.265	3.209	11	11	2677	243.364	30.552	234.000	203	300	54.364	224.636	13.818	0.367	0.172	0.367	54.324	224.652	13.808	54	224	12	2	2	4
0.940	7.705	39	33	11515	295.256	80.837	266.000	200	459	74.179	246.410	14.615	0.618	0.250	0.623	74.215	246.422	14.630	73	245	12	3	4	6
4.676	29.550	194	155	53374	275.124	71.425	254.000	200	551	65.392	244.088	20.619	1.452	0.750	1.376	65.430	243.939	20.773	61	241	12	9	7	16
0.289	3.985	12	12	2775	231.250	23.429	222.500	203	274	331.833	335.000	14.333	0.586	0.314	0.559	331.904	335.000	14.233	330	335	12	4	1	6
0.506	4.690	21	21	6198	295.143	47.620	305.000	200	368	152.476	366.429	14.000	0.519	0.244	0.432	152.485	366.427	14.018	152	365	12	2	3	5
2.362	15.093	98	79	30725	313.520	80.042	298.500	200	503	177.847	390.204	16.255	0.924	0.422	0.852	177.828	390.209	16.291	175	389	12	6	4	10
0.241	3.403	10	10	2281	228.100	27.759	212.500	205	277	270.000	399.100	14.000	0.402	0.239	0.391	270.003	399.090	14.023	269	399	12	3	2	5
0.362	3.597	15	15	3601	240.067	22.337	242.000	204	279	282.467	410.533	13.600	0.423	0.179	0.300	282.455	410.520	13.622	282	410	12	2	2	4
2.097	15.216	87	73	24613	282.908	76.698	264.000	200	505	378.782	5.253	16.989	0.935	0.455	0.846	378.883	5.166	16.853	376	3	13	6	6	10
12.268	66.560	509	347	168735	331.503	146.456	284.000	200	1161	381.114	21.018	21.904	2.130	0.825	2.066	380.834	20.944	22.825	376	14	13	13	15	18
2.603	18.529	108	98	28799	266.657	50.575	259.500	200	395	396.454	86.713	19.148	1.437	0.707	1.509	396.447	86.693	19.032	395	85	13	4	4	14
1.398	10.473	58	48	16522	284.862	68.769	265.000	202	465	97.603	146.172	16.569	0.737	0.330	0.686	97.589	146.164	16.638	96	145	13	5	3	8
0.265	3.015	11	11	2459	223.545	17.409	218.000	201	257	87.364	169.455	14.636	0.354	0.157	0.297	87.339	169.449	14.658	87	169	13	2	2	4
7.327	35.723	304	183	103264	339.684	147.072	281.000	200	890	119.424	192.461	21.582	1.478	0.744	1.247	119.666	192.339	21.833	114	189	13	10	10	15
0.916	7.388	38	34	10773	283.500	69.831	264.500	204	460	396.816	233.158	15.632	0.606	0.256	0.608	396.794	233.175	15.611	396	232	13	3	3	6
2.073	16.644	86	75	23552	273.860	74.676	250.500	201	494	92.081	261.151	18.256	1.232	0.740	1.055	92.077	260.999	17.856	90	259	13	4	6	14
0.506	5.007	21	21	5235	249.286	43.459	230.000	203	332	117.571	294.048	15.190	0.465	0.213	0.423	117.569	294.052	15.218	117	293	13	2	3	5
1.542	10.790	64	53	20813	325.203	107.745	299.000	201	616	107.547	305.922	16.500	0.746	0.331	0.658	107.530	305.930	16.535	106	305	13	4	3	8
0.988	7.899	41	37	10064	245.463	37.508	236.000	200	341	343.976	314.195	16.317	0.635	0.291	0.593	343.957	314.214	16.278	343	313	13	3	3	7
0.578	5.977	24	24	5586	232.750	23.536	236.500	200	275	171.500	384.042	15.833	0.618	0.313	0.528	171.513	384.049	15.862	171	383	13	2	3	7
0.410	4.038	17	17	3907	229.824	21.657	227.000	205	271	62.471	10.941	15.588	0.392	0.148	0.348	62.468	10.939	15.570	62	10	14	2	3	4
0.988	8.551	41	37	10898	265.805	54.927	251.000	201	409	395.171	95.780	17.634	0.688	0.343	0.614	395.195	95.766	17.576	394	95	14	3	3	8
2.989	17.102	124	87	53148	428.613	213.665	360.500	201	1059	436.476	139.871	18.581	1.017	0.436	1.017	436.521	139.867	18.588	435	138	14	4	5	10
6.845	35.847	284	193	81106	285.585	73.461	265.500	200	540	112.391	175.204	19.021	1.255	0.437	1.230	112.365	175.023	18.992	108	171	14	8	12	11
0.434	4.426	18	18	4674	259.667	44.164	249.500	202	352	74.167	179.556	16.167	0.427	0.194	0.405	74.181	179.570	16.160	73	179	14	3	2	5
6.628	30.662	275	168	97106	353.113	147.526	305.000	201	873	417.749	190.309	18.935	1.214	0.411	1.175	417.587	190.280	18.940	414	187	14	9	7	11
19.691	85.868	817	482	295953	362.244	172.915	305.000	200	1192	36.644	213.884	21.657	1.749	0.601	1.737	36.285	213.460	21.479	31	207	14	15	14	16
10.074	49.175	418	272	194053	464.242	314.311	333.000	200	1783	421.639	247.416	23.995	1.815	0.796	1.711	421.688	246.744	24.977	418	243	14	7	13	17
1.446	10.155	60	52	18962	316.033	87.402	301.500	201	568	102.000	289.100	18.050	0.747	0.326	0.800	102.023	289.086	18.073	101	288	14	3	4	8
4.868	32.425	202	163	50468	249.842	44.390	236.000	200	419	341.094	334.292	23.050	1.414	0.790	1.232	341.076	334.359	23.090	339	329	14	5	10	17
0.795	7.371	33	29	8034	243.455	39.259	227.000	204	356	338.515	341.152	15.697	0.526	0.167	0.525	338.566	341.134	15.688	336	340	14	5	3	5
0.410	4.302	17	17	4092	240.706	28.624	242.000	201	291	198.412	401.647	15.588	0.457	0.214	0.387	198.411	401.668	15.577	198	401	14	2	3	5
0.386	4.620	16	15	3859	241.188	36.550	232.500	200	324	301.188	417.188	15.938	0.448	0.195	0.420	301.189	417.182	15.934	300	416	14	3	3	5
0.434	4.690	18	18	4013	222.944	17.778	217.500	201	262	59.889	6.556	16.944	0.457	0.215	0.439	59.896	6.566	16.948	59	6	15	3	2	5
2.531	15.955	105	79	36078	343.600	138.137	292.000	201	780	70.333	9.314	20.133	1.011	0.475	0.912	70.305	9.289	19.882	69	8	15	4	4	11
1.832	13.946	76	65	23463	308.724	94.185	285.500	200	596	393.066	63.289	21.395	0.965	0.531	0.951	393.066	63.253	21.622	392	61	15	3	6	12
0.578	5.783	24	24	5799	241.625	38.115	230.000	202	324	24.583	90.042	18.417	0.556	0.312	0.468	24.594	90.055	18.396	24	89	15	2	3	7
2.675	18.195	111	96	30915	278.514	63.774	262.000	200	477	25.604	109.613	21.216	1.294	0.669	1.267	25.615	109.668	21.411	23	107	15	5	6	13
0.482	5.007	20	18	4907	245.350	36.693	238.000	202	327	63.800	169.800	17.050	0.458	0.179	0.458	63.779	169.795	17.046	63	169	15	3	3	5
4.603	23.573	191	126	69182	362.209	163.579	302.000	200	955	105.042	273.848	20.565	1.147	0.461	1.099	105.106	273.887	20.492	103	272	15	6	6	11
5.206	27.788	216	143	64688	299.481	101.277	267.000	200	709	104.787	294.032	20.704	1.128	0.410	1.047	104.693	294.002	20.529	102	291	15	7	8	11
0.675	7.247	28	28	6370	227.500	18.470	223.500	200	275	408.393	351.964	17.179	0.588	0.213	0.583	408.409	351.970	17.188	407	350	15	4	5	5
0.458	5.007	19	19	4473	235.421	30.555	224.000	201	305	149.421	359.632	17.526	0.502	0.249	0.591	149.384	359.603	17.550	148	359	15	3	3	6
18.341	70.566	761	415	310982	408.649	218.758	329.000	200	1306	262.824	364.854	24.026	1.866	0.679	1.770	262.528	364.445	24.456	254	360	15	18	12	16
6.242	30.733	259	161	97435	376.197	160.688	326.000	200	942	154.143	375.266	20.768	1.196	0.417	1.181	153.998	375.355	20.605	150	372	15	10	7	11
8.122	41.610	337	230	110724	328.558	125.026	288.000	200	810	193.202	405.300	23.190	1.614	0.733	1.513	193.353	405.533	22.863	189	401	15	9	9	16
0.386	3.597	16	16	3928	245.500	19.735	246.000	218	277	304.500	414.500	16.500	0.437	0.180	0.437	304.487	414.497	16.499	304	414	15	2	2	4
0.819	7.123	34	30	8376	246.353	35.088	243.000	201	328	24.824	121.824	18.088	0.569	0.201	0.516	24.822	121.820	18.068	23	120	16	4	4	5
3.302	21.457	137	106	34843	254.328	42.071	244.000	200	393	29.190	140.891	22.190	1.295	0.631	1.260	29.212	140.915	22.103	27	138	16	5	6	14
1.976	14.334	82	66	21497	262.159	56.480	246.000	200	397	98.634	152.232	20.573	0.935	0.445	0.870	98.634	152.237	20.609	97	151	16	5	4	10
1.591	10.737	66	57	22024	333.697	107.283	310.000	201	651	421.970	162.061	19.470	0.801	0.353	0.690	421.985	162.059	19.471	421	161	16	3	4	8
2.121	13.401	88	63	24693	280.602	69.264	257.500	201	460	74.557	171.148	19.091	0.768	0.241	0.723	74.574	171.093	19.062	73	169	16	4	6	7
1.301	9.222	54	43	14117	261.426	38.790	257.500	201	339	421.426	197.500	18.019	0.622	0.166	0.561	421.404	197.479	18.026	419	196	16	5	4	5
0.506	5.201	21	20	4762	226.762	24.345	224.000	200	276	423.333	218.238	18.095	0.499	0.234	0.468	423.361	218.245	18.081	422	217	16	3	3	5
0.289	3.914	12	12	2679	223.250	24.860	215.500	200	273	419.083	325.417	18.250	0.449	0.235	0.405	419.134	325.455	18.189	418	324	16	3	3	5
1.133	8.481	47	42	12215	259.894	45.792	252.000	201	388	226.043	371.000	18.979	0.661	0.305	0.526	226.033	370.994	18.994	225	370	16	3	3	7
1.542	11.055	64	54	20220	315.938	92.773	295.000	200	576	385.109	384.047	19.422	0.786	0.341	0.673	385.115	384.073	19.394	384	383	16	4	4	8
10.026	54.393	416	297	131126	315.207	96.227	288.500	200	703	372.438	393.635	23.709	1.865	0.614	1.821	372.476	393.537	23.932	367	387	16	11	13	15
0.289	3.209	12	12	2814	234.500	23.508	229.000	206	273	325.500	402.333	17.500	0.378	0.168	0.284	325.508	402.298	17.481	325	402	16	2	2	4
1.036	9.945	43	39	10248	238.326	28.024	236.000	200	297	329.023	410.698	19.047	0.673	0.287	0.622	329.021	410.723	19.059	328	408	16	3	6	7
0.988	8.146	41	32	10628	259.220	49.073	248.000	202	375	325.146	421.000	18.537	0.578	0.204	0.598	325.172	421.000	18.570	323	420	16	5	3	6
0.386	3.985	16	16	3895	243.438	22.856	242.000	213	286	347.375	13.500	19.000	0.458	0.228	0.429	347.367	13.494	18.997	347	13	17	2	2	5
5.881	29.834	244	162	73251	300.209	106.940	264.000	200	735	349.881	32.611	21.537	1.172	0.425	1.106	349.797	32.864	21.632	347	29	17	8	8	11
0.434	4.690	18	18	4265	236.944	31.839	228.000	200	302	22.389	54.778	19.222	0.468	0.227	0.415	22.383	54.788	19.214	22	54	17	2	3	5
0.362	4.496	15	15	3347	223.133	23.646	210.000	200	269	348.000	82.733	18.933	0.441	0.213	0.421	348.001	82.722	18.916	347	82	17	3	3	5
0.940	8.023	39	34	8998	230.718	29.397	221.000	201	305	423.923	154.462	19.744	0.602	0.234	0.551	423.925	154.468	19.744	423	153	17	3	4	6
0.795	6.929	33	29	8204	248.606	41.205	240.000	202	349	113.939	189.061	19.364	0.541	0.223	0.448	113.902	189.082	19.348	113	188	17	3	3	6
1.109	8.658	46	38	11605	252.283	40.503	245.500	200	339	363.348	214.174	19.500	0.632	0.227	0.626	363.355	214.167	19.458	362	213	17	4	4	6
0.458	4.620	19	19	4730	248.947	43.985	233.000	203	338	27.000	216.421	19.211	0.428	0.188	0.409	26.989	216.406	19.224	26	216	17	3	2	5
1.133	8.868	47	39	13776	293.106	71.158	273.000	202	474	105.702	282.106	20.106	0.668	0.275	0.583	105.686	282.115	20.072	104	281	17	4	3	7
0.699	6.488	29	26	6559	226.172	20.375	222.000	200	262	361.379	294.276	18.897	0.548	0.213	0.493	361.392	294.274	18.907	360	293	17	4	3	5
0.699	6.542	29	24	6789	234.103	31.649	227.000	201	318	175.138	300.345	19.069	0.518	0.185	0.482	175.143	300.329	19.069	174	299	17	3	4	5
0.265	3.015	11	11	2348	213.455	9.491	212.000	202	232	157.455	304.545	18.364	0.355	0.159	0.305	157.446	304.559	18.345	157	304	17	2	2	4
6.531	32.866	271	178	96132	354.731	151.516	312.000	200	998	143.967	349.779	24.535	1.362	0.587	1.277	143.951	349.623	24.572	141	346	17	7	8	14
0.506	5.007	21	20	5147	245.095	29.022	241.000	204	315	395.667	363.238	19.286	0.480	0.190	0.467	395.664	363.242	19.280	395	362	17	3	3	5
0.289	3.209	12	12	2764	230.333	20.236	230.000	200	262	327.583	416.583	18.750	0.369	0.162	0.343	327.585	416.605	18.762	327	416	17	2	2	4
0.434	4.496	18	18	4320	240.000	27.420	232.500	203	294	255.389	421.167	19.444	0.457	0.210	0.363	255.398	421.161	19.423	255	420	17	2	3	5
2.531	14.264	105	80	45722	435.448	211.485	372.000	200	1006	225.381	422.362	21.476	0.891	0.373	0.773	225.382	422.370	21.467	224	421	17	4	4	9
0.506	4.814	21	21	5097	242.714	37.296	234.000	202	327	333.048	15.524	20.048	0.452	0.201	0.456	333.048	15.536	20.092	332	15	18	3	2	5
1.687	11.760	70	57	22864	326.629	101.845	304.000	203	590	5.600	36.914	22.186	0.770	0.347	0.750	5.610	36.897	22.181	4	36	18	4	3	9
2.627	21.564	109	99	27853	255.532	48.303	241.000	200	404	345.294	42.798	23.321	1.098	0.469	1.067	345.404	42.695	23.171	342	41	18	8	7	11
0.289	2.821	12	12	2845	237.083	19.737	238.000	204	272	23.500	67.500	19.000	0.344	0.124	0.428	23.515	67.516	19.037	23	67	18	2	2	3
3.230	24.967	134	119	30726	229.299	24.757	221.000	200	301	351.052	89.179	23.709	1.187	0.539	1.096	351.115	89.262	23.652	348	86	18	7	8	13
0.313	3.403	13	13	2876	221.231	18.121	220.000	200	256	30.385	136.462	19.615	0.394	0.174	0.307	30.364	136.454	19.640	30	136	18	2	2	4
1.880	12.201	78	63	22531	288.859	65.787	271.500	200	441	411.872	194.103	21.538	0.789	0.330	0.694	411.906	194.132	21.510	410	193	18	5	3	8
0.386	3.844	16	16	3908	244.250	34.126	231.000	206	303	38.000	196.500	19.500	0.377	0.139	0.340	38.002	196.489	19.492	37	196	18	3	2	4
0.578	5.519	24	23	6056	252.333	44.719	244.000	200	360	71.208	213.375	19.917	0.509	0.213	0.453	71.196	213.367	19.922	70	212	18	3	3	5
3.302	24.155	137	113	36116	263.620	50.136	254.000	200	416	99.109	265.912	26.051	1.189	0.632	1.103	99.117	265.882	26.099	97	263	18	5	8	13
4.868	29.111	202	149	51524	255.069	51.489	242.500	200	451	341.866	322.916	24.777	1.175	0.513	1.077	342.034	322.915	24.796	338	321	18	9	6	13
0.482	5.131	20	18	5049	252.450	46.155	235.500	203	359	308.750	428.950	20.200	0.449	0.175	0.422	308.734	428.957	20.202	308	428	18	3	3	5
2.723	19.993	113	112	29601	261.956	49.603	246.000	201	400	323.973	0.407	23.602	1.032	0.494	0.997	323.777	0.388	23.507	319	0	19	10	3	12
3.278	22.216	136	101	41627	306.081	88.787	280.500	200	594	421.007	147.081	22.853	0.965	0.332	0.973	421.073	147.060	22.876	416	145	19	9	5	9
1.060	8.604	44	38	11578	263.136	49.804	254.500	200	396	75.909	162.114	22.386	0.634	0.270	0.617	75.910	162.113	22.424	75	161	19	3	4	7
1.301	10.914	54	49	14356	265.852	56.090	246.000	200	424	86.500	172.981	22.648	0.704	0.325	0.655	86.582	173.035	22.708	84	171	19	5	4	8
0.675	6.365	28	25	7425	265.179	51.872	256.500	201	384	107.286	198.250	21.786	0.588	0.262	0.539	107.298	198.257	21.803	106	197	19	3	3	6
0.362	4.108	15	15	3185	212.333	8.805	213.000	201	226	425.267	237.400	20.933	0.469	0.245	0.433	425.277	237.397	20.916	424	237	19	3	2	5
6.459	33.147	268	189	74045	276.287	75.497	250.000	200	555	240.694	353.604	25.164	1.343	0.546	1.293	240.616	353.485	24.958	238	351	19	8	7	12
0.241	3.279	10	10	2291	229.100	26.002	227.000	200	274	400.400	358.900	20.800	0.449	0.249	0.413	400.396	358.913	20.814	400	358	19	2	2	5
0.289	2.821	12	12	2687	223.917	13.648	227.500	201	246	149.500	365.500	20.000	0.344	0.124	0.428	149.504	365.518	20.016	149	365	19	2	2	3
0.651	6.224	27	27	6397	236.926	29.985	225.000	201	294	311.074	416.222	21.000	0.522	0.218	0.476	310.995	416.242	20.965	310	415	19	4	3	5
4.820	28.881	200	146	50034	250.170	40.424	242.500	200	368	64.840	3.540	25.480	1.185	0.481	1.087	64.818	3.507	25.349	62	0	20	7	9	11
0.844	7.758	35	30	8623	246.371	39.660	232.000	200	318	354.400	84.343	22.457	0.569	0.215	0.555	354.419	84.348	22.470	353	83	20	4	4	6
0.627	6.101	26	24	6555	252.115	40.760	248.500	201	333	402.308	104.231	22.346	0.548	0.241	0.545	402.347	104.249	22.341	401	103	20	3	3	6
0.362	3.597	15	15	3877	258.467	34.130	252.000	208	317	43.467	130.533	21.600	0.423	0.179	0.300	43.427	130.541	21.613	43	130	20	2	2	4
0.482	4.372	20	20	5344	267.200	36.033	276.500	213	315	420.500	167.500	22.000	0.526	0.248	0.428	420.498	167.496	21.983	420	167	20	2	2	5
2.748	18.796	114	86	32994	289.421	81.218	265.500	202	538	409.561	174.272	24.088	0.955	0.388	0.878	409.572	174.248	24.019	406	171	20	8	7	10
2.169	14.758	90	67	24024	266.933	56.082	256.000	200	410	359.067	214.600	23.533	0.828	0.317	0.734	359.020	214.590	23.451	357	212	20	5	6	8
10.123	45.862	420	257	144073	343.031	139.732	297.500	200	877	99.412	300.302	24.931	1.457	0.495	1.469	99.261	300.218	24.815	92	298	20	15	6	11
0.603	5.589	25	25	6076	243.040	37.835	235.000	200	316	127.480	322.800	22.600	0.541	0.268	0.561	127.481	322.799	22.591	127	322	20	2	3	6
0.940	8.427	39	39	11482	294.410	86.009	271.000	201	513	79.256	0.359	24.436	0.688	0.350	0.634	79.230	0.307	24.407	78	0	21	4	2	8
1.253	9.045	52	41	13544	260.462	56.239	246.000	200	400	76.365	5.558	23.865	0.672	0.238	0.609	76.354	5.587	23.817	75	4	21	4	4	6
1.711	11.479	71	55	20809	293.085	73.039	270.000	202	474	12.563	49.225	24.014	0.717	0.255	0.609	12.519	49.244	23.941	11	47	21	4	5	7
0.844	7.000	35	32	9422	269.200	48.127	261.000	203	383	415.057	160.714	23.400	0.587	0.246	0.615	415.063	160.693	23.401	414	160	21	3	3	6
0.603	5.325	25	24	7036	281.440	64.690	273.000	200	415	394.080	219.440	23.160	0.493	0.196	0.456	394.118	219.451	23.185	393	218	21	3	3	5
0.289	3.597	12	12	2949	245.750	35.904	244.500	201	308	95.000	236.667	22.500	0.387	0.163	0.327	94.991	236.669	22.496	94	236	21	3	2	4
0.241	2.627	10	10	2158	215.800	14.459	211.000	200	238	357.500	305.400	21.800	0.320	0.121	0.350	357.492	305.380	21.789	357	305	21	2	2	3
0.313	3.914	13	13	2976	228.923	23.845	222.000	203	274	164.000	377.385	22.538	0.391	0.154	0.343	163.999	377.386	22.562	163	376	21	3	3	4
2.892	19.838	120	100	32713	272.608	63.222	253.500	200	437	359.400	399.917	27.958	0.949	0.426	0.875	359.399	399.858	28.097	355	397	21	9	8	10
2.266	15.604	94	77	24438	259.979	47.820	252.500	201	369	312.936	419.362	26.489	0.981	0.460	0.984	312.971	419.354	26.549	311	418	21	6	4	10
9.785	47.402	406	287	121661	299.658	92.110	273.000	200	615	79.667	8.369	27.865	1.369	0.432	1.401	79.401	8.644	27.885	73	1	22	14	13	9
1.277	9.962	53	44	13082	246.830	39.467	239.000	200	366	56.981	10.623	26.057	0.723	0.338	0.595	56.987	10.635	26.107	56	9	22	3	4	8
0.747	7.317	31	31	7153	230.742	20.786	231.000	203	283	389.677	56.774	23.774	0.565	0.229	0.542	389.649	56.720	23.790	389	55	22	3	5	5
1.060	8.728	44	40	11522	261.864	46.565	255.000	201	350	408.818	105.159	25.477	0.644	0.277	0.622	408.801	105.196	25.492	407	104	22	5	3	7
2.772	17.579	115	92	33863	294.461	80.868	272.000	200	565	412.113	155.948	26.261	0.970	0.385	0.911	412.003	155.944	26.344	410	154	22	6	5	9
2.627	15.216	109	81	42737	392.083	166.355	348.000	200	851	122.275	177.651	26.587	0.905	0.357	0.772	122.256	177.645	26.557	120	176	22	5	5	9
0.386	4.426	16	14	3612	225.750	24.198	217.500	201	286	42.125	219.938	23.812	0.409	0.133	0.404	42.122	219.943	23.811	41	219	22	3	3	4
0.434	4.426	18	16	4054	225.222	18.008	220.500	200	265	358.778	263.833	23.167	0.418	0.132	0.435	358.770	263.834	23.173	358	263	22	3	3	4
0.241	3.085	10	10	2434	243.400	33.702	242.500	201	299	431.600	290.200	23.500	0.394	0.179	0.296	431.630	290.185	23.498	431	290	22	2	2	4
1.567	10.790	65	55	18265	281.000	68.131	264.000	201	468	424.969	309.338	25.846	0.746	0.331	0.662	424.999	309.334	25.866	424	308	22	3	4	8
2.507	14.705	104	79	39748	382.192	148.248	339.500	201	788	123.471	318.308	26.913	0.899	0.364	0.867	123.451	318.315	27.118	121	316	22	5	5	9
0.241	3.085	10	10	2385	238.500	26.563	229.000	204	289	416.700	330.300	23.800	0.380	0.175	0.365	416.707	330.271	23.793	416	330	22	2	2	4
0.458	5.395	19	19	4224	222.316	22.519	211.000	201	275	411.947	342.842	24.579	0.561	0.285	0.593	411.967	342.858	24.536	411	342	22	3	3	6
1.253	9.821	52	45	14483	278.519	59.415	261.500	202	402	338.712	413.231	24.846	0.675	0.260	0.619	338.763	413.240	24.844	337	412	22	4	4	7
0.289	3.791	12	12	2581	215.083	14.829	207.500	202	245	57.833	21.917	25.000	0.411	0.215	0.417	57.840	21.918	24.991	57	21	23	2	3	5
0.241	2.945	10	10	2100	210.000	10.296	207.000	200	229	60.700	32.900	23.600	0.317	0.102	0.308	60.710	32.888	23.600	60	32	23	2	3	3
1.350	9.891	56	47	17612	314.500	94.241	290.000	201	546	12.929	55.250	26.554	0.710	0.306	0.651	12.906	55.277	26.562	12	54	23	3	4	8
1.229	9.380	51	43	15757	308.961	85.316	302.000	209	553	30.765	64.020	26.529	0.682	0.291	0.651	30.762	64.023	26.556	29	63	23	4	3	8
1.952	12.201	81	63	28126	347.235	127.893	322.000	201	687	32.531	98.691	27.259	0.797	0.307	0.775	32.537	98.746	27.265	31	97	23	4	4	8
2.482	16.433	103	77	28227	274.049	58.135	256.000	203	431	23.068	128.524	26.350	0.860	0.301	0.830	22.994	128.567	26.272	21	126	23	6	6	8
0.868	7.775	36	33	10185	282.917	67.329	263.000	200	422	361.222	132.472	26.306	0.681	0.334	0.604	361.240	132.475	26.261	360	131	23	3	4	8
2.097	12.977	87	65	30550	351.149	133.129	322.000	200	675	82.644	156.540	26.805	0.839	0.342	0.806	82.614	156.526	26.770	81	155	23	4	4	8
3.519	22.393	146	112	46278	316.973	95.087	300.000	200	562	346.822	155.315	26.788	0.937	0.324	0.947	346.766	155.332	26.770	344	152	23	7	8	8
0.844	7.070	35	31	9615	274.714	60.237	260.000	200	430	115.029	166.314	25.429	0.604	0.257	0.631	115.066	166.306	25.395	114	165	23	3	3	6
0.916	7.511	38	33	10971	288.711	75.806	269.500	200	452	128.132	198.579	25.553	0.621	0.247	0.621	128.150	198.544	25.545	127	197	23	3	4	6
1.398	11.038	58	47	14576	251.310	54.706	225.000	201	370	366.328	253.741	26.586	0.731	0.305	0.669	366.344	253.719	26.627	364	252	23	5	4	8
2.603	17.068	108	86	32480	300.741	85.847	284.000	200	544	112.222	278.398	26.620	0.898	0.337	0.858	112.253	278.279	26.670	111	276	23	4	7	8
2.940	16.927	122	85	38644	316.754	104.309	291.500	200	614	189.418	312.885	26.648	0.872	0.282	0.821	189.456	312.819	26.606	187	310	23	5	7	8
0.554	5.148	23	23	5930	257.826	32.419	257.000	207	304	140.522	340.478	25.609	0.604	0.299	0.573	140.521	340.480	25.589	140	340	23	2	2	6
1.494	11.161	62	51	14318	230.935	23.313	226.500	200	292	252.145	358.387	26.532	0.706	0.302	0.641	252.171	358.401	26.516	251	356	23	4	5	8
0.554	5.395	23	23	5380	233.913	26.098	237.000	200	282	291.435	375.739	25.739	0.523	0.257	0.508	291.437	375.730	25.718	291	375	23	2	3	6
1.518	10.861	63	52	19092	303.048	87.521	284.000	203	537	305.968	376.190	26.825	0.772	0.331	0.756	305.955	376.224	26.822	304	375	23	4	4	8
0.410	4.302	17	17	4213	247.824	31.359	242.000	205	317	66.412	32.353	26.000	0.453	0.222	0.426	66.401	32.343	26.016	65	32	24	3	2	5
0.651	6.294	27	24	6373	236.037	31.601	232.000	200	320	413.037	126.037	26.963	0.554	0.244	0.475	413.029	126.034	26.958	412	125	24	3	3	6
1.157	9.062	48	41	13266	276.375	66.019	263.000	200	427	35.938	193.562	27.167	0.732	0.316	0.760	35.906	193.553	27.156	35	192	24	3	4	7
1.687	10.967	70	54	20791	297.014	76.388	281.500	200	486	170.457	255.300	27.957	0.724	0.247	0.692	170.473	255.271	27.950	168	254	24	5	4	7
0.627	6.224	26	23	6139	236.115	31.384	229.500	200	319	138.154	256.038	26.500	0.511	0.206	0.432	138.161	256.043	26.528	137	255	24	3	3	6
0.482	5.078	20	20	4486	224.300	17.180	223.000	201	258	354.400	282.350	26.550	0.537	0.277	0.586	354.392	282.349	26.559	354	281	24	2	3	6
1.591	10.790	66	50	19774	299.606	82.001	276.500	206	508	428.470	282.576	27.106	0.758	0.283	0.763	428.516	282.589	27.007	427	281	24	4	4	7
2.241	13.471	93	72	29748	319.871	90.226	301.000	200	536	356.355	295.753	27.688	0.811	0.281	0.770	356.376	295.807	27.861	354	294	24	6	4	7
0.723	6.859	30	27	7099	236.633	31.175	236.500	200	308	277.867	380.300	26.700	0.540	0.223	0.537	277.845	380.297	26.688	277	379	24	3	4	6
1.735	10.315	72	58	26072	362.111	129.746	342.500	202	651	8.458	20.500	28.056	0.709	0.224	0.649	8.447	20.491	28.221	7	19	25	4	4	6
0.892	7.371	37	34	10286	278.000	75.921	255.000	200	476	381.108	27.405	28.432	0.595	0.241	0.620	381.106	27.411	28.644	380	26	25	3	4	6
2.434	17.739	101	94	23068	228.396	24.016	222.000	200	308	18.000	34.208	28.307	0.924	0.374	0.905	17.980	34.207	28.322	13	33	25	12	3	6
2.675	15.289	111	83	34118	307.369	107.806	278.000	201	718	345.586	55.730	28.279	0.806	0.220	0.799	345.381	55.727	28.475	343	53	25	7	6	6
0.795	7.053	33	30	7423	224.939	18.097	221.000	200	273	80.939	109.394	26.515	0.527	0.156	0.593	80.934	109.415	26.515	80	107	25	3	5	4
0.265	3.279	11	11	2622	238.364	27.427	234.000	207	283	390.636	115.273	26.364	0.412	0.184	0.320	390.643	115.245	26.379	390	115	25	2	2	4
1.518	10.051	63	53	21247	337.254	110.960	312.000	203	615	117.302	170.667	28.270	0.682	0.222	0.678	117.269	170.715	28.401	116	169	25	6	4	6
1.880	11.215	78	60	32143	412.090	177.126	365.000	200	827	134.038	210.538	28.000	0.740	0.227	0.721	134.105	210.540	28.153	132	209	25	5	4	6
0.386	4.302	16	16	3851	240.688	34.588	230.000	200	318	420.125	211.312	27.062	0.414	0.187	0.428	420.095	211.299	27.073	419	211	25	3	2	5
1.157	8.216	48	41	13800	287.500	59.883	273.500	201	453	51.062	221.875	27.958	0.628	0.235	0.545	51.055	221.905	28.066	50	220	25	3	4	6
0.964	7.317	40	37	11066	276.650	64.454	263.000	202	449	359.800	231.000	27.950	0.602	0.247	0.519	359.801	230.995	27.992	359	230	25	3	3	6
1.398	9.751	58	48	15455	266.466	49.114	260.000	200	373	64.621	233.690	27.879	0.689	0.242	0.623	64.625	233.707	27.906	63	232	25	4	4	6
2.699	14.283	112	80	36243	323.598	110.276	284.000	202	652	196.562	314.241	27.938	0.816	0.206	0.826	196.666	314.200	28.033	194	312	25	6	5	6
0.964	8.481	40	36	10898	272.450	59.794	257.000	203	428	131.425	329.450	27.500	0.614	0.252	0.611	131.370	329.422	27.486	130	328	25	4	4	6
3.712	19.450	154	110	40330	261.883	47.021	257.000	200	389	232.110	348.545	27.981	0.899	0.217	0.905	232.120	348.460	28.054	230	345	25	6	9	6
0.506	5.272	21	21	5129	244.238	26.548	237.000	206	300	316.762	372.667	27.619	0.514	0.251	0.548	316.764	372.689	27.614	316	372	25	3	2	6
1.157	8.199	48	42	11972	249.417	36.494	249.500	201	329	63.979	14.271	28.146	0.607	0.200	0.573	63.964	14.279	28.181	63	13	26	4	4	5
0.651	6.030	27	27	6240	231.111	18.589	227.000	200	265	98.481	32.519	28.259	0.524	0.223	0.519	98.478	32.516	28.241	98	31	26	2	4	5
1.880	12.344	78	67	21254	272.487	53.697	261.000	202	444	102.026	46.615	28.641	0.688	0.185	0.692	102.016	46.559	28.714	100	44	26	5	7	5
0.410	4.496	17	17	3910	230.000	23.019	224.000	200	265	360.765	119.647	28.235	0.452	0.211	0.389	360.752	119.675	28.260	360	119	26	3	2	5
0.434	4.814	18	17	3995	221.944	19.654	215.000	201	267	37.167	183.111	28.500	0.479	0.204	0.360	37.163	183.115	28.512	36	182	26	3	3	5
1.253	8.323	52	43	18162	349.269	122.566	317.000	207	605	132.327	201.558	28.500	0.612	0.171	0.618	132.344	201.580	28.632	131	200	26	4	4	5
0.530	4.814	22	22	5560	252.727	35.150	253.500	202	323	420.455	215.136	28.318	0.462	0.195	0.408	420.449	215.173	28.327	420	214	26	2	3	5
0.337	3.791	14	14	3128	223.429	11.752	224.500	207	245	417.643	223.571	28.571	0.460	0.234	0.434	417.654	223.562	28.596	417	223	26	2	2	5
0.554	5.007	23	23	5355	232.826	27.174	223.000	201	295	73.522	250.957	27.913	0.470	0.205	0.447	73.535	250.977	27.927	73	250	26	2	3	5
0.265	3.403	11	11	2381	216.455	15.864	214.000	200	246	229.182	359.273	27.273	0.386	0.164	0.356	229.170	359.268	27.286	228	359	26	3	2	4
0.819	6.789	34	30	10022	294.765	78.929	275.000	201	480	385.912	380.618	28.676	0.535	0.179	0.555	385.938	380.595	28.806	385	379	26	3	4	5
0.506	5.325	21	19	4899	233.286	29.283	222.000	203	300	257.048	384.905	27.714	0.470	0.178	0.390	257.058	384.887	27.701	256	384	26	3	3	5
0.627	5.572	26	25	7264	279.385	59.889	258.500	205	408	0.615	9.654	28.923	0.477	0.171	0.455	0.568	9.627	29.027	0	8	27	3	4	4
0.868	6.648	36	32	9536	264.889	53.702	253.000	200	404	70.806	33.833	29.000	0.503	0.133	0.490	70.843	33.816	29.076	69	33	27	5	3	4
0.554	5.061	23	21	6091	264.826	50.462	253.000	206	387	411.217	112.087	28.913	0.449	0.146	0.465	411.215	112.090	28.959	410	111	27	3	3	4
0.554	5.184	23	22	6173	268.391	55.336	261.000	200	395	133.913	215.652	29.000	0.447	0.153	0.459	133.921	215.642	29.056	133	214	27	3	4	4
0.337	3.914	14	14	3133	223.786	23.195	215.500	200	274	70.071	235.286	28.929	0.398	0.165	0.430	70.061	235.274	28.946	69	235	27	3	2	4
0.386	3.844	16	16	4206	262.875	43.601	259.000	210	339	423.562	267.312	28.875	0.426	0.183	0.433	423.564	267.331	28.976	423	266	27	2	3	4
0.386	3.844	16	16	3654	228.375	21.090	222.500	201	268	169.438	313.938	29.062	0.384	0.163	0.410	169.444	313.936	29.096	169	313	27	2	3	4
0.723	5.890	30	27	9785	326.167	98.980	295.000	215	540	220.400	426.167	28.833	0.495	0.146	0.478	220.410	426.177	28.957	219	425	27	4	3	4
0.289	3.068	12	12	2824	235.333	31.730	225.000	205	294	340.167	23.500	29.333	0.342	0.116	0.323	340.155	23.500	29.376	339	23	28	3	2	3
0.289	2.821	12	12	2942	245.167	16.819	251.500	219	264	73.500	26.500	29.000	0.344	0.124	0.428	73.500	26.499	29.050	73	26	28	2	2	3
0.892	6.755	37	32	10920	295.135	69.843	285.000	205	465	103.865	54.270	29.297	0.490	0.099	0.508	103.828	54.259	29.383	102	53	28	5	4	3
0.434	4.144	18	17	5118	284.333	67.585	265.500	204	453	106.000	66.000	29.500	0.368	0.091	0.316	106.034	66.009	29.570	104	65	28	4	3	3
0.506	4.850	21	21	5587	266.048	59.767	241.000	202	402	392.810	68.381	29.381	0.393	0.119	0.393	392.849	68.386	29.451	391	67	28	4	4	3
1.012	8.589	42	40	12127	288.738	91.892	253.500	200	560	48.762	230.357	29.476	0.575	0.201	0.594	48.531	230.256	29.534	46	228	28	7	6	3
0.265	3.456	11	11	2393	217.545	14.942	211.000	202	244	71.091	247.182	29.273	0.358	0.135	0.350	71.102	247.194	29.308	70	246	28	3	3	3
0.386	4.074	16	16	4161	260.062	44.535	247.500	201	345	142.125	213.250	29.688	0.368	0.132	0.343	142.171	213.182	29.704	140	212	29	5	4	2
0.386	3.563	16	16	4303	268.938	51.707	260.000	215	382	283.500	377.000	29.625	0.338	0.082	0.342	283.487	377.014	29.657	282	376	29	4	3	2
