Volume (micron^3)	Surface (micron^2)	Nb of obj. voxels	Nb of surf. voxels	IntDen	Mean	StdDev	Median	Min	Max	X	Y	Z	Mean dist. to surf. (micron)	SD dist. to surf. (micron)	Median dist. to surf. (micron)	XM	YM	ZM	BX	BY	BZ	B-width	B-height	B-depth
386.416	1068.203	16033	6406	356173	22.215	61.149	4	1	990	275.512	14.998	8.296	6.336	2.915	6.283	273.346	14.652	7.667	235	0	1	95	48	20
120.771	423.916	5011	2424	86686	17.299	59.635	3	1	936	473.750	12.888	8.207	4.147	1.852	3.941	477.377	11.638	7.828	435	0	1	62	35	20
372.244	891.199	15445	5407	1137590	73.654	239.252	6	1	2955	143.234	16.243	10.025	6.459	2.858	6.335	133.378	14.079	7.256	102	0	1	93	37	25
33.212	97.741	1378	563	36152	26.235	60.932	4	1	546	367.812	8.138	8.143	1.989	0.489	1.992	368.178	7.786	7.410	360	0	1	14	17	16
28.536	84.978	1184	485	31303	26.438	68.491	4	1	630	45.614	9.669	8.203	1.880	0.398	1.890	45.355	10.204	7.640	37	4	1	20	12	15
38.032	123.188	1578	692	33230	21.058	54.254	4	1	585	436.329	19.980	8.023	2.126	0.624	2.082	436.054	22.862	7.579	429	9	1	17	21	20
51.890	180.892	2153	1024	36073	16.755	42.175	3	1	488	12.651	20.442	7.964	2.464	0.797	2.427	11.060	20.284	7.570	0	9	1	26	26	16
52.324	145.217	2171	869	75502	34.778	93.940	4	1	1018	40.923	28.438	8.660	2.349	0.598	2.326	42.576	30.182	7.709	31	15	1	21	22	18
52.035	178.013	2159	1001	41773	19.348	47.632	3	1	467	216.836	30.106	7.660	2.652	0.896	2.652	218.629	29.073	7.416	202	21	1	30	24	14
65.242	240.120	2707	1339	51430	18.999	58.302	3	1	705	379.891	38.327	8.016	2.728	0.931	2.754	384.215	34.801	7.489	361	26	1	32	27	18
33.187	107.155	1377	604	51450	37.364	107.817	4	1	1004	324.437	32.466	9.030	2.075	0.618	2.090	325.057	33.889	7.630	319	22	1	12	20	19
97.249	315.242	4035	1821	105189	26.069	63.079	4	1	649	486.066	43.840	8.107	3.539	1.432	3.218	484.982	44.113	7.585	463	29	1	49	28	18
179.024	516.362	7428	3028	239412	32.231	101.808	4	1	1707	79.091	50.256	8.432	4.217	1.563	4.230	79.720	49.818	7.437	56	24	1	47	46	22
273.501	809.284	11348	4746	257729	22.711	66.418	4	1	1021	430.901	60.396	8.118	4.766	1.534	4.847	430.538	57.134	7.513	407	34	1	51	57	18
64.953	203.268	2695	1173	54964	20.395	48.362	3	1	548	298.807	43.763	8.196	2.664	0.875	2.541	298.105	43.573	7.604	286	30	1	23	36	18
221.394	663.940	9186	3849	278372	30.304	97.654	4	1	1361	337.433	59.446	8.556	4.155	1.484	4.117	338.509	58.760	7.801	310	40	1	61	44	20
46.588	128.811	1933	765	81730	42.281	103.037	5	1	871	460.799	46.316	8.906	2.317	0.625	2.355	460.574	46.508	7.680	450	39	1	22	14	17
61.603	184.114	2556	1055	92788	36.302	116.874	4	1	1378	38.328	48.737	8.588	2.592	0.728	2.658	34.808	48.309	7.567	28	38	1	24	24	19
51993.305	50166.246	2157285	387980	385841472	178.855	339.153	35	1	3848	336.093	330.013	12.377	34.543	13.429	35.888	331.853	339.833	6.077	84	43	1	428	469	25
25.692	88.155	1066	500	11660	10.938	18.916	3	1	162	257.037	61.652	7.407	1.830	0.495	1.776	256.563	61.444	7.360	251	52	1	13	23	13
43.937	143.697	1823	808	45489	24.953	78.816	3	1	900	369.450	70.666	8.203	2.351	0.727	2.228	370.049	70.969	7.645	355	59	1	26	22	19
83.487	273.321	3464	1550	108603	31.352	93.520	4	1	1152	144.116	90.944	8.311	3.208	1.177	3.194	142.716	89.997	7.360	131	76	1	33	38	20
50.251	153.894	2085	888	47659	22.858	59.522	4	1	669	103.814	78.785	7.875	2.268	0.600	2.319	104.379	80.070	7.340	91	70	1	26	21	15
46.130	127.686	1914	739	59971	31.333	81.232	5	1	885	170.139	80.201	8.277	2.196	0.513	2.221	170.837	81.565	7.415	160	71	1	18	19	16
132.509	350.784	5498	2030	173055	31.476	92.446	4	1	1253	384.888	90.650	8.442	3.367	1.147	3.206	382.362	93.596	7.672	368	68	1	40	41	19
104.551	325.543	4338	1852	108698	25.057	70.087	4	1	1010	68.480	94.451	7.845	3.222	1.064	3.399	67.081	96.746	6.926	50	79	1	43	35	19
115.011	324.249	4772	1916	243810	51.092	150.758	4	1	1519	443.384	100.762	9.412	3.767	1.221	3.759	446.228	96.822	7.653	425	82	1	35	44	21
57.337	199.545	2379	1098	51901	21.816	69.270	3	1	886	251.637	94.065	8.105	2.870	1.073	2.882	247.434	91.114	7.539	236	83	1	35	25	18
66.134	187.084	2744	1122	167202	60.934	206.503	4	1	2272	283.959	98.149	10.551	2.619	0.695	2.617	285.070	97.782	7.813	273	88	1	22	22	23
39.285	125.323	1630	697	34082	20.909	49.296	4	1	497	102.842	107.045	7.695	2.352	0.805	2.421	101.331	104.104	7.190	95	95	1	19	25	15
59.602	178.136	2473	1015	63109	25.519	62.233	4	1	619	252.533	111.747	8.270	2.398	0.676	2.465	252.611	111.441	7.571	237	102	1	29	22	18
31.356	93.456	1301	539	33347	25.632	56.693	5	1	479	313.118	107.599	8.054	1.947	0.483	1.991	313.180	106.774	7.471	307	102	1	15	15	17
209.561	616.877	8695	3563	249065	28.645	92.601	4	1	1677	322.588	115.896	8.427	5.229	1.744	5.131	320.733	118.746	7.631	285	94	1	70	41	20
83.173	257.083	3451	1473	82598	23.935	64.013	4	1	774	13.606	123.420	8.300	3.211	1.204	3.165	14.907	121.558	7.688	0	108	1	32	35	17
356.578	933.719	14795	5518	912464	61.674	239.130	5	1	3520	33.445	159.626	11.106	5.888	2.601	5.286	34.855	156.298	8.434	0	117	1	57	87	25
97.586	310.496	4049	1779	161176	39.806	142.851	3	1	1924	93.382	137.195	8.938	3.179	1.047	3.253	90.723	138.431	7.664	81	118	1	32	40	22
104.889	311.480	4352	1826	102508	23.554	75.611	4	1	1106	459.824	132.355	8.146	3.519	1.342	3.386	461.374	130.580	7.615	439	120	1	45	32	18
34.489	107.191	1431	620	58173	40.652	115.475	4	1	1091	62.099	139.011	8.307	2.076	0.560	2.097	62.462	139.976	7.229	55	128	1	14	19	17
47.576	155.988	1974	884	48929	24.787	73.554	3	1	826	160.601	151.770	8.293	2.333	0.736	2.419	159.590	154.810	7.540	152	137	1	20	29	16
28.198	118.157	1170	682	15757	13.468	30.566	3	1	359	5.748	168.062	7.748	2.053	0.697	2.071	4.299	166.700	7.414	0	157	1	14	21	14
50.348	178.844	2089	983	47667	22.818	77.078	3	1	969	145.462	174.295	7.972	2.602	0.878	2.728	144.981	168.445	7.498	136	161	1	23	29	19
54.854	150.098	2276	866	65580	28.814	66.934	5	1	611	467.273	174.386	8.300	2.490	0.702	2.520	466.611	172.917	7.600	458	162	1	18	28	16
171.288	487.802	7107	2873	249245	35.070	120.519	4	1	1932	107.538	193.435	8.544	4.510	1.831	4.473	103.495	197.810	7.642	91	163	1	41	63	21
30.054	99.292	1247	565	29164	23.387	57.396	4	1	535	62.007	172.332	7.860	1.993	0.591	2.067	61.161	171.851	7.416	53	168	1	21	11	15
43.623	134.475	1810	757	73230	40.459	116.259	4	1	1188	449.692	179.706	9.155	2.309	0.670	2.265	449.945	180.863	7.691	434	171	1	26	18	18
30.440	90.957	1263	563	32923	26.067	62.430	4	1	579	153.039	201.191	8.078	1.939	0.480	1.978	153.912	200.202	7.476	144	194	1	17	18	15
176.927	479.918	7341	2844	227614	31.006	97.706	4	1	1529	19.751	213.295	8.645	3.664	1.212	3.564	19.599	212.441	7.576	0	196	1	42	34	21
85.029	269.865	3528	1526	93074	26.382	64.250	4	1	665	80.152	244.525	7.880	3.057	1.007	3.021	79.880	244.358	7.438	70	228	1	24	40	17
71.629	226.067	2972	1292	52132	17.541	37.614	4	1	377	28.699	245.436	7.647	2.816	0.993	2.679	29.086	247.093	7.341	18	229	1	24	37	15
104.961	287.315	4355	1721	112619	25.860	71.928	4	1	987	503.359	253.055	8.446	3.024	0.836	3.040	504.250	254.975	7.527	490	235	1	22	38	19
29.717	85.210	1233	493	25206	20.443	52.079	4	1	535	9.710	255.417	7.834	1.861	0.353	1.863	8.574	254.822	7.463	4	248	1	14	17	14
28.922	111.728	1200	621	13455	11.212	24.574	3	1	220	6.413	285.392	7.447	2.054	0.589	2.047	6.713	283.646	7.295	0	274	1	13	26	13
327.006	882.071	13568	5220	753430	55.530	228.781	4	1	3490	65.274	316.407	10.302	6.239	2.514	6.416	69.790	301.151	8.339	36	281	1	55	81	25
27.789	81.660	1153	457	33592	29.134	62.384	4	1	493	25.689	305.912	8.403	1.909	0.467	1.881	25.736	306.040	7.387	19	299	1	14	14	15
30.777	88.075	1277	515	66925	52.408	146.276	5	1	1326	34.612	336.831	9.662	2.139	0.709	2.037	34.413	336.989	7.563	29	331	1	12	13	21
64.133	184.280	2661	1076	56354	21.178	52.520	4	1	591	122.954	341.788	7.766	2.936	1.122	2.637	123.731	340.830	7.367	102	331	1	39	26	15
94.115	304.528	3905	1731	77204	19.771	52.383	4	1	780	118.997	385.847	7.781	3.298	1.266	3.178	119.261	386.023	7.472	101	362	1	31	46	15
67.146	218.930	2786	1244	44826	16.090	46.918	3	1	672	12.147	391.807	7.674	2.622	0.870	2.717	16.050	391.158	7.344	0	380	1	27	27	14
97.899	333.236	4062	1912	62624	15.417	35.807	3	1	458	75.488	375.001	7.555	3.169	1.027	3.191	73.559	374.895	7.337	58	357	1	33	41	15
45.841	152.687	1902	879	79243	41.663	136.959	3	1	1481	34.936	401.805	8.999	2.297	0.626	2.251	34.891	401.734	7.567	27	391	1	17	24	20
26.029	87.569	1080	496	28087	26.006	70.333	4	1	599	66.237	397.724	7.846	1.883	0.570	1.941	67.209	399.999	7.296	59	388	1	14	19	18
26.511	79.949	1100	473	24368	22.153	44.456	4	1	329	54.766	407.643	7.807	1.888	0.504	1.974	54.906	407.282	7.332	48	400	1	15	16	14
173.794	507.129	7211	2941	200162	27.758	86.260	4	1	1239	132.925	420.476	8.186	4.012	1.645	3.939	132.644	420.053	7.441	103	400	1	55	42	21
105.106	290.880	4361	1735	112633	25.827	69.595	4	1	817	67.799	443.585	8.053	3.180	1.228	3.213	67.517	443.647	7.405	53	429	1	31	37	18
67.218	244.155	2789	1358	52621	18.867	44.838	4	1	510	22.309	441.016	7.894	3.356	1.346	3.244	23.410	440.942	7.413	0	431	1	42	22	16
48.781	162.110	2024	925	33971	16.784	43.645	4	1	557	135.304	455.957	7.752	2.328	0.845	2.345	132.092	454.122	7.427	125	446	1	21	30	15
28.512	100.477	1183	576	19498	16.482	39.523	3	1	400	172.611	457.964	7.635	1.839	0.471	1.853	174.303	456.842	7.394	161	450	1	20	18	15
94.863	302.936	3936	1758	90007	22.868	62.988	4	1	883	84.758	476.579	7.942	3.089	1.011	3.198	85.529	474.186	7.454	66	463	1	41	30	16
26.343	96.367	1093	525	23760	21.738	57.950	3	1	501	218.205	468.793	8.021	1.843	0.478	1.869	216.984	468.552	7.494	212	461	1	17	19	17
48.082	144.475	1995	836	101405	50.830	160.984	4	1	1712	203.880	471.750	9.285	2.468	0.760	2.456	203.293	473.802	7.672	196	456	1	18	27	18
34.465	115.022	1430	659	35305	24.689	66.812	4	1	689	34.762	484.412	8.023	2.022	0.535	2.089	33.898	485.576	7.443	28	475	1	18	17	16
53.890	180.834	2236	1040	71069	31.784	104.837	4	1	1229	244.652	492.894	8.492	2.446	0.795	2.617	244.793	488.857	7.598	232	481	1	23	28	17
278.129	921.013	11540	5233	215533	18.677	50.093	3	1	889	131.981	491.837	7.891	5.960	2.463	5.952	130.944	493.146	7.501	86	467	1	89	45	20
40.201	145.423	1668	810	39377	23.607	65.460	3	1	763	226.859	500.317	7.791	2.290	0.786	2.380	230.805	501.278	7.415	214	487	1	26	22	16
50.637	175.206	2101	982	50480	24.027	65.873	4	1	792	183.233	503.622	8.002	2.424	0.727	2.429	183.508	503.913	7.408	167	493	1	31	19	15
25.740	111.006	1068	610	8338	7.807	18.561	2	1	191	415.357	21.739	7.586	1.967	0.686	2.086	411.736	22.734	7.449	405	10	2	23	22	12
31.115	113.320	1291	666	12864	9.964	25.311	3	1	288	46.110	70.602	7.442	2.082	0.674	2.107	46.281	68.132	7.233	34	63	2	26	19	13
32.031	112.468	1329	635	25535	19.214	45.470	4	1	443	361.548	92.431	8.113	2.042	0.626	2.097	360.667	92.371	7.669	356	82	2	17	22	17
41.285	157.294	1713	871	16089	9.392	17.124	3	1	150	229.966	129.379	7.736	2.390	0.896	2.304	229.781	128.549	7.539	223	114	2	18	33	14
44.226	148.055	1835	878	40687	22.173	60.232	3	1	622	256.574	150.816	8.069	2.427	0.854	2.460	259.209	149.596	7.519	241	145	2	29	16	14
29.452	98.785	1222	565	28419	23.256	51.664	4	1	398	115.930	153.241	7.839	1.927	0.496	1.967	117.368	154.354	7.455	107	141	2	17	20	14
25.620	93.017	1063	515	14181	13.341	25.366	3	1	193	344.278	160.702	7.483	1.827	0.543	1.826	345.586	160.706	7.189	333	154	2	21	14	14
29.789	107.315	1236	593	22140	17.913	33.558	4	1	243	66.706	190.023	7.821	1.986	0.602	2.095	66.824	189.585	7.352	57	182	2	19	19	14
26.825	96.262	1113	534	15426	13.860	25.583	4	1	199	65.147	206.976	7.456	1.936	0.566	1.952	65.847	207.355	7.341	56	199	2	22	16	11
29.765	116.314	1235	614	11372	9.208	19.939	3	1	198	131.354	205.513	7.544	2.181	0.770	2.238	130.248	203.997	7.394	118	195	2	25	24	12
34.248	128.656	1421	700	20753	14.605	31.684	3	1	257	63.883	231.868	7.599	2.094	0.667	2.060	62.645	233.527	7.392	54	220	2	22	24	12
65.170	222.651	2704	1246	35458	13.113	28.742	3	1	263	42.346	283.437	7.595	2.704	0.969	2.641	44.187	281.990	7.320	25	270	2	33	29	14
35.670	112.310	1480	653	25978	17.553	37.822	4	1	352	153.930	358.961	7.661	2.144	0.678	2.259	151.474	358.690	7.367	142	354	2	25	12	13
26.632	110.051	1105	599	11580	10.480	20.785	3	1	192	14.833	356.574	7.351	1.920	0.621	1.917	14.570	355.170	7.286	7	346	2	19	23	11
24.366	76.974	1011	458	9802	9.695	15.262	3	1	107	70.272	414.886	7.172	1.793	0.464	1.807	70.664	414.896	7.212	61	410	2	20	10	11
30.609	94.711	1270	535	22995	18.106	36.737	4	1	319	182.905	438.866	7.697	1.938	0.487	1.969	182.253	440.482	7.434	177	429	2	15	20	13
44.202	164.139	1834	942	17768	9.688	18.727	3	1	209	259.961	495.846	7.409	2.618	0.868	2.603	259.267	495.215	7.329	250	479	2	21	33	11
76.377	275.783	3169	1576	31326	9.885	19.446	3	1	220	19.399	497.417	7.507	3.509	1.521	3.344	23.485	499.230	7.307	0	478	2	42	33	14
39.647	148.869	1645	848	15524	9.437	17.769	3	1	131	203.043	5.093	7.554	2.306	0.817	2.219	203.441	3.484	7.405	184	0	3	35	18	11
37.984	142.095	1576	797	22830	14.486	33.033	3	1	296	19.871	51.382	7.875	2.301	0.770	2.383	18.236	50.319	7.658	9	38	3	25	24	11
27.885	128.924	1157	683	6170	5.333	10.099	2	1	94	293.214	72.556	7.422	2.485	0.825	2.531	291.463	74.214	7.309	279	59	3	27	29	10
29.982	108.662	1244	614	10693	8.596	14.205	3	1	128	128.354	85.259	7.285	1.812	0.514	1.903	129.634	85.541	7.230	118	76	3	20	18	10
42.418	183.536	1760	987	12202	6.933	13.130	2	1	140	288.117	139.851	7.595	2.886	1.376	2.708	288.157	142.181	7.579	271	125	3	42	29	11
26.126	111.396	1084	614	5694	5.253	8.121	2	1	64	495.218	143.415	7.637	2.400	1.058	2.367	494.587	144.195	7.588	487	126	3	17	32	10
33.139	130.914	1375	714	12893	9.377	16.523	3	1	138	140.404	348.749	7.455	2.358	0.803	2.291	141.324	348.999	7.362	124	341	3	32	17	10
27.500	95.792	1141	548	9276	8.130	12.950	3	1	115	13.161	450.544	7.357	1.769	0.468	1.822	11.783	450.182	7.307	5	443	3	20	18	10
24.559	99.617	1019	547	6892	6.763	12.073	2	1	110	54.803	463.464	7.455	1.920	0.611	1.997	55.554	462.930	7.401	45	453	3	20	23	10
