Volume (micron^3)	Surface (micron^2)	Nb of obj. voxels	Nb of surf. voxels	IntDen	Mean	StdDev	Median	Min	Max	X	Y	Z	Mean dist. to surf. (micron)	SD dist. to surf. (micron)	Median dist. to surf. (micron)	XM	YM	ZM	BX	BY	BZ	B-width	B-height	B-depth
9837.343	22525.461	408167	144151	158383968	388.037	203.371	323.000	200	3351	296.399	334.014	13.321	36.708	18.756	37.589	306.314	334.476	12.883	0	185	1	512	327	25
0.072	1.146	3	3	648	216.000	13.454	220.000	201	227	74.333	266.667	1.000	0.163	0.039	0.185	74.350	266.690	1.000	74	266	1	2	2	1
0.530	5.625	22	22	4890	222.273	14.714	218.500	201	248	50.364	268.636	3.909	0.552	0.292	0.472	50.373	268.592	3.901	50	267	1	2	7	5
0.024	0.511	1	1	202	202.000	0.000	202.000	202	202	339.000	329.000	1.000	0.000	0.000	0.000	339.000	329.000	1.000	339	329	1	1	1	1
99.225	403.025	4117	2302	1130223	274.526	89.767	253.000	200	1376	13.325	333.152	10.917	4.229	1.990	3.848	13.766	333.605	10.501	1	294	1	28	64	25
75.316	240.321	3125	1424	1106918	354.214	141.464	316.000	200	1089	17.415	373.157	6.730	3.240	1.424	2.837	17.038	373.141	6.378	0	354	1	35	41	14
0.916	8.711	38	32	10832	285.053	83.293	251.000	203	460	389.684	368.842	4.079	0.633	0.277	0.564	389.644	368.969	4.146	388	366	1	4	6	6
0.145	2.116	6	6	1281	213.500	13.693	206.000	201	231	412.167	374.667	2.167	0.283	0.130	0.285	412.157	374.678	2.180	412	374	1	2	2	3
0.048	0.899	2	2	428	214.000	7.071	214.000	209	219	494.000	419.000	1.500	0.195	0.000	0.195	494.000	419.000	1.488	494	419	1	1	1	2
0.916	8.747	38	34	8591	226.079	18.201	228.500	201	268	103.079	220.421	4.342	0.640	0.243	0.624	103.066	220.440	4.330	101	218	2	6	6	5
0.410	4.355	17	16	4038	237.529	28.452	234.000	202	307	124.000	266.000	4.000	0.386	0.091	0.426	123.992	266.024	4.008	123	265	3	3	3	3
1.711	11.357	71	59	17646	248.535	41.468	234.000	200	374	142.465	268.099	4.803	0.638	0.161	0.662	142.526	268.099	4.817	139	266	3	7	5	4
0.337	3.580	14	13	3609	257.786	48.297	241.000	200	362	291.357	313.214	3.929	0.356	0.095	0.377	291.354	313.206	3.894	290	312	3	3	3	3
0.072	1.217	3	3	626	208.667	1.155	208.000	208	210	408.667	335.000	3.667	0.213	0.059	0.211	408.668	335.000	3.665	408	335	3	2	1	2
0.988	7.795	41	35	9677	236.024	29.558	229.000	200	313	18.195	337.122	5.122	0.532	0.137	0.521	18.180	337.126	5.117	16	336	3	5	4	5
22.631	100.283	939	559	263301	280.406	67.746	261.000	200	538	18.967	394.390	10.655	2.122	0.743	2.153	19.034	394.617	10.630	8	382	3	22	22	17
0.169	2.310	7	7	1594	227.714	23.817	220.000	204	275	472.286	436.286	4.286	0.297	0.117	0.296	472.265	436.273	4.274	472	436	3	2	2	3
0.024	0.511	1	1	201	201.000	0.000	201.000	201	201	98.000	217.000	4.000	0.000	0.000	0.000	98.000	217.000	4.000	98	217	4	1	1	1
0.048	0.899	2	2	433	216.500	7.778	216.500	211	222	178.000	267.000	4.500	0.195	0.000	0.195	178.000	267.000	4.513	178	267	4	1	1	2
0.024	0.511	1	1	205	205.000	0.000	205.000	205	205	239.000	279.000	4.000	0.000	0.000	0.000	239.000	279.000	4.000	239	279	4	1	1	1
0.723	5.572	30	27	9600	320.000	84.432	309.500	202	559	27.000	384.033	5.933	0.469	0.149	0.485	27.023	384.072	5.945	26	383	4	3	3	5
0.121	1.728	5	5	1087	217.400	12.116	212.000	205	234	450.200	411.600	4.400	0.245	0.038	0.259	450.189	411.612	4.403	450	411	4	2	2	2
0.795	6.348	33	28	11080	335.758	102.671	333.000	201	570	440.909	420.303	5.667	0.522	0.161	0.522	440.905	420.338	5.648	440	419	4	3	4	5
0.145	1.922	6	6	1424	237.333	21.445	233.000	213	265	429.667	426.333	4.500	0.255	0.021	0.269	429.697	426.327	4.502	429	426	4	2	2	2
0.145	2.380	6	6	1216	202.667	2.658	202.500	200	206	100.000	216.167	6.833	0.468	0.277	0.421	100.000	216.164	6.825	100	216	5	1	2	5
0.675	5.749	28	23	8085	288.750	75.702	286.500	202	455	129.250	250.393	6.214	0.471	0.103	0.462	129.234	250.396	6.200	128	249	5	4	4	4
0.410	3.897	17	16	4145	243.824	29.701	233.000	205	318	137.118	260.706	6.176	0.373	0.092	0.381	137.104	260.709	6.173	136	260	5	3	3	3
0.024	0.511	1	1	206	206.000	0.000	206.000	206	206	58.000	307.000	5.000	0.000	0.000	0.000	58.000	307.000	5.000	58	307	5	1	1	1
6.363	30.415	264	173	82523	312.587	117.724	273.000	200	707	1.765	319.689	9.432	1.270	0.538	1.150	1.592	319.706	8.956	0	315	5	6	9	14
0.096	1.464	4	4	823	205.750	10.178	201.000	200	221	305.000	320.250	5.000	0.190	0.092	0.221	305.000	320.243	5.000	304	320	5	3	2	1
0.313	3.333	13	13	3296	253.538	39.217	256.000	202	316	47.615	349.231	6.154	0.348	0.121	0.368	47.627	349.268	6.190	47	348	5	2	3	3
0.024	0.511	1	1	206	206.000	0.000	206.000	206	206	382.000	396.000	5.000	0.000	0.000	0.000	382.000	396.000	5.000	382	396	5	1	1	1
0.121	1.728	5	5	1054	210.800	8.556	211.000	200	221	407.800	448.400	5.600	0.245	0.038	0.259	407.810	448.400	5.584	407	448	5	2	2	2
0.217	2.627	9	9	2053	228.111	23.898	229.000	204	274	432.333	469.556	5.889	0.312	0.127	0.373	432.323	469.577	5.874	432	469	5	2	2	3
12.557	68.986	521	373	141207	271.031	76.481	250.000	200	731	507.271	482.701	10.866	1.634	0.629	1.582	507.218	482.566	10.712	500	474	5	12	19	14
1.181	10.352	49	45	11847	241.776	34.756	231.000	201	342	478.327	505.429	7.449	0.693	0.228	0.702	478.297	505.451	7.425	475	504	5	8	4	5
0.048	0.829	2	2	429	214.500	7.778	214.500	209	220	30.000	260.500	6.000	0.124	0.000	0.124	30.000	260.513	6.000	30	260	6	1	2	1
0.145	2.169	6	6	1227	204.500	3.017	205.500	200	207	38.333	260.500	6.167	0.283	0.117	0.287	38.338	260.504	6.165	37	260	6	4	2	2
1.470	9.981	61	46	18652	305.770	90.108	275.000	201	563	184.672	272.033	8.115	0.642	0.150	0.602	184.671	272.051	8.129	183	270	6	5	5	5
0.024	0.511	1	1	210	210.000	0.000	210.000	210	210	123.000	291.000	6.000	0.000	0.000	0.000	123.000	291.000	6.000	123	291	6	1	1	1
1.133	10.616	47	41	12007	255.468	52.386	233.000	200	409	306.489	299.702	8.851	0.757	0.403	0.728	306.569	299.583	8.721	303	297	6	7	7	8
0.193	2.433	8	8	1784	223.000	17.329	218.000	204	253	231.750	299.500	7.000	0.298	0.128	0.319	231.756	299.515	6.992	231	299	6	2	2	3
0.554	4.920	23	22	5596	243.304	35.989	244.000	200	311	159.739	302.739	6.870	0.417	0.107	0.443	159.695	302.714	6.875	158	302	6	4	3	3
0.024	0.511	1	1	209	209.000	0.000	209.000	209	209	230.000	303.000	6.000	0.000	0.000	0.000	230.000	303.000	6.000	230	303	6	1	1	1
0.096	1.534	4	4	902	225.500	22.293	225.000	202	250	274.750	328.750	6.750	0.219	0.071	0.219	274.776	328.765	6.736	274	328	6	2	2	2
0.410	4.162	17	16	3939	231.706	23.947	225.000	202	295	221.059	339.882	7.000	0.389	0.095	0.420	221.063	339.877	6.990	220	339	6	3	3	3
5.085	22.696	211	122	80899	383.408	153.219	334.000	200	856	293.763	352.621	8.905	0.995	0.191	0.995	293.809	352.709	8.844	291	348	6	7	9	7
0.024	0.511	1	1	211	211.000	0.000	211.000	211	211	336.000	363.000	6.000	0.000	0.000	0.000	336.000	363.000	6.000	336	363	6	1	1	1
0.048	0.829	2	2	421	210.500	6.364	210.500	206	215	340.500	376.000	6.000	0.124	0.000	0.124	340.511	376.000	6.000	340	376	6	2	1	1
23.523	86.702	976	509	320467	328.347	102.568	303.000	200	659	382.399	378.251	10.024	1.921	0.694	1.883	382.172	378.472	9.972	375	367	6	20	25	10
0.048	0.829	2	2	438	219.000	0.000	219.000	219	219	387.000	386.500	6.000	0.124	0.000	0.124	387.000	386.500	6.000	387	386	6	1	2	1
0.289	3.386	12	11	2592	216.000	14.206	214.000	200	245	405.917	437.583	7.083	0.338	0.094	0.354	405.925	437.587	7.081	405	437	6	3	3	3
6.459	37.596	268	191	62998	235.067	30.608	227.000	200	328	47.981	273.075	12.093	1.153	0.357	1.109	48.044	273.015	12.076	42	268	7	10	11	12
2.193	17.000	91	73	22767	250.187	49.285	236.000	200	414	211.813	277.516	9.912	0.908	0.420	0.837	211.880	277.505	9.769	207	275	7	10	6	8
0.024	0.511	1	1	200	200.000	0.000	200.000	200	200	144.000	279.000	7.000	0.000	0.000	0.000	144.000	279.000	7.000	144	279	7	1	1	1
0.024	0.511	1	1	200	200.000	0.000	200.000	200	200	243.000	287.000	7.000	0.000	0.000	0.000	243.000	287.000	7.000	243	287	7	1	1	1
3.832	26.523	159	127	37527	236.019	28.599	228.000	200	353	49.384	291.799	11.270	1.229	0.459	1.274	49.379	291.699	11.269	46	285	7	8	13	9
1.036	7.865	43	38	10840	252.093	38.161	251.000	203	350	43.953	300.698	9.326	0.563	0.164	0.567	43.956	300.663	9.319	43	298	7	3	6	5
2.338	14.460	97	70	27243	280.856	72.995	252.000	201	514	91.402	312.237	10.289	0.810	0.271	0.753	91.455	312.169	10.182	89	310	7	6	6	7
1.326	9.770	55	44	12997	236.309	29.566	232.000	200	304	32.673	344.327	8.764	0.610	0.152	0.608	32.677	344.312	8.757	30	342	7	6	6	4
7.520	34.313	312	170	119813	384.016	176.994	326.000	200	1023	247.526	352.885	14.679	1.332	0.523	1.176	247.510	352.796	14.748	244	350	7	9	8	14
0.072	1.217	3	3	605	201.667	1.528	202.000	200	203	410.333	374.000	7.333	0.213	0.059	0.211	410.334	374.000	7.331	410	374	7	2	1	2
0.386	3.774	16	15	4026	251.625	38.512	237.000	210	344	422.625	487.062	8.188	0.369	0.096	0.353	422.635	487.073	8.187	422	486	7	3	3	3
0.627	6.030	26	25	5583	214.731	14.523	211.000	200	246	20.500	247.038	10.500	0.524	0.233	0.598	20.495	247.031	10.489	19	246	8	4	3	6
58.928	201.980	2445	1159	687061	281.007	70.531	264.000	200	701	31.624	283.494	16.200	2.663	0.884	2.629	31.461	283.261	16.043	15	270	8	29	32	18
0.072	1.217	3	3	619	206.333	4.933	204.000	203	212	96.000	308.333	8.667	0.213	0.059	0.211	96.000	308.328	8.670	96	308	8	1	2	2
0.072	1.146	3	3	609	203.000	1.732	204.000	201	204	384.000	387.000	8.000	0.166	0.144	0.249	384.000	387.005	8.000	384	386	8	1	3	1
0.024	0.511	1	1	211	211.000	0.000	211.000	211	211	35.000	396.000	8.000	0.000	0.000	0.000	35.000	396.000	8.000	35	396	8	1	1	1
1.880	15.553	78	65	19410	248.846	41.452	233.500	200	372	20.321	420.885	12.846	0.860	0.438	0.776	20.383	420.909	12.876	17	419	8	7	7	9
0.145	1.975	6	6	1331	221.833	13.776	219.500	209	247	21.667	429.167	8.833	0.241	0.083	0.253	21.664	429.174	8.843	21	428	8	2	3	2
0.289	3.386	12	12	2814	234.500	28.279	225.500	201	280	9.167	441.917	8.500	0.338	0.099	0.350	9.204	441.910	8.506	7	441	8	4	3	2
0.096	1.605	4	4	902	225.500	25.801	215.500	208	263	344.000	459.250	9.000	0.260	0.164	0.291	344.000	459.232	9.016	344	459	8	1	2	3
0.313	3.386	13	12	3320	255.385	39.930	249.000	201	339	354.385	503.154	8.846	0.345	0.091	0.349	354.386	503.173	8.833	353	502	8	3	3	3
0.771	6.401	32	27	8373	261.656	44.412	250.000	208	345	501.344	509.281	9.719	0.503	0.125	0.512	501.329	509.298	9.688	500	508	8	4	4	4
1.446	10.810	60	52	13884	231.400	23.038	227.500	202	297	105.000	308.000	11.183	0.685	0.238	0.675	104.985	307.985	11.160	102	307	9	7	4	6
0.940	8.711	39	34	9473	242.897	39.050	233.000	200	345	106.538	313.538	11.436	0.640	0.284	0.589	106.555	313.582	11.443	104	311	9	5	5	6
0.072	1.146	3	3	626	208.667	5.132	210.000	203	213	274.333	324.333	9.000	0.163	0.039	0.185	274.335	324.324	9.000	274	324	9	2	2	1
0.145	2.240	6	6	1294	215.667	7.789	217.000	205	225	6.333	379.000	9.833	0.346	0.182	0.351	6.355	379.000	9.825	5	379	9	4	1	3
2.989	16.646	124	85	41941	338.234	110.135	322.500	200	625	24.581	443.121	12.839	0.861	0.266	0.846	24.583	443.217	12.847	22	440	9	5	7	8
0.410	4.162	17	15	4064	239.059	33.650	224.000	207	318	349.706	454.000	10.588	0.386	0.112	0.346	349.704	454.017	10.576	349	453	9	3	3	4
0.337	3.650	14	13	3126	223.286	16.245	220.000	201	259	481.214	488.286	10.000	0.370	0.102	0.400	481.223	488.289	9.995	480	487	9	3	3	3
0.024	0.511	1	1	213	213.000	0.000	213.000	213	213	441.000	489.000	9.000	0.000	0.000	0.000	441.000	489.000	9.000	441	489	9	1	1	1
4.170	21.001	173	115	57831	334.283	133.946	279.000	200	767	450.035	495.584	12.191	0.970	0.274	0.955	450.002	495.645	12.013	448	492	9	5	9	8
7.375	35.483	306	198	100493	328.409	125.960	286.500	200	773	498.379	497.925	11.984	1.264	0.420	1.203	498.395	497.891	11.977	490	495	9	17	7	7
0.241	2.945	10	10	2121	212.100	10.785	209.000	202	236	176.100	285.700	11.100	0.321	0.129	0.323	176.110	285.705	11.094	175	285	10	3	2	3
5.471	30.173	227	153	60758	267.656	59.286	248.000	200	476	248.771	288.797	14.436	1.088	0.330	1.051	248.808	288.695	14.453	244	286	10	10	11	9
1.663	12.732	69	60	18124	262.667	52.661	257.000	200	434	95.275	317.333	12.899	0.885	0.399	0.895	95.463	317.291	12.787	90	316	10	10	4	7
0.482	4.603	20	19	4717	235.850	28.838	229.000	203	306	38.650	351.000	11.050	0.397	0.100	0.419	38.645	351.002	11.052	37	350	10	4	3	3
0.048	0.899	2	2	427	213.500	13.435	213.500	204	223	306.000	365.000	10.500	0.195	0.000	0.195	306.000	365.000	10.522	306	365	10	1	1	2
0.024	0.511	1	1	202	202.000	0.000	202.000	202	202	342.000	388.000	10.000	0.000	0.000	0.000	342.000	388.000	10.000	342	388	10	1	1	1
0.578	5.255	24	22	6525	271.875	63.679	257.000	200	424	494.167	396.125	12.083	0.444	0.148	0.459	494.206	396.137	12.085	493	395	10	3	3	5
0.024	0.511	1	1	201	201.000	0.000	201.000	201	201	431.000	429.000	10.000	0.000	0.000	0.000	431.000	429.000	10.000	431	429	10	1	1	1
0.048	0.829	2	2	405	202.500	0.707	202.500	202	203	16.000	437.500	10.000	0.124	0.000	0.124	16.000	437.501	10.000	16	437	10	1	2	1
0.964	7.918	40	37	9575	239.375	32.399	233.500	200	322	344.700	449.875	11.800	0.547	0.172	0.529	344.756	449.894	11.791	341	449	10	7	4	4
0.072	1.217	3	3	616	205.333	4.163	204.000	202	210	455.000	455.667	10.667	0.213	0.059	0.211	455.000	455.672	10.659	455	455	10	1	2	2
0.048	0.899	2	2	425	212.500	9.192	212.500	206	219	348.000	457.000	10.500	0.195	0.000	0.195	348.000	457.000	10.485	348	457	10	1	1	2
0.096	1.534	4	4	860	215.000	12.055	215.000	202	228	500.250	489.500	10.250	0.227	0.074	0.207	500.242	489.507	10.235	500	489	10	2	2	2
0.530	5.642	22	22	5114	232.455	28.609	220.500	201	304	0.318	299.364	12.955	0.523	0.246	0.460	0.291	299.430	13.032	0	297	11	2	5	5
0.048	0.829	2	2	413	206.500	6.364	206.500	202	211	112.000	307.500	11.000	0.124	0.000	0.124	112.000	307.511	11.000	112	307	11	1	2	1
12.557	71.600	521	388	124777	239.495	31.975	231.000	200	349	28.322	312.060	20.578	1.997	0.725	1.928	28.232	311.979	20.742	19	305	11	17	16	15
0.169	2.169	7	7	1503	214.714	11.398	209.000	201	231	1.286	355.286	11.429	0.277	0.063	0.254	1.275	355.297	11.421	1	354	11	2	3	2
0.193	2.557	8	8	1714	214.250	12.279	212.500	201	232	315.875	368.125	11.625	0.277	0.060	0.291	315.860	368.117	11.617	315	367	11	3	3	2
0.193	2.557	8	8	1727	215.875	11.981	212.500	203	237	13.250	370.750	12.125	0.286	0.115	0.294	13.251	370.737	12.125	13	370	11	2	3	3
0.024	0.511	1	1	201	201.000	0.000	201.000	201	201	355.000	392.000	11.000	0.000	0.000	0.000	355.000	392.000	11.000	355	392	11	1	1	1
2.627	18.638	109	91	25875	237.385	25.881	232.000	201	318	4.734	446.807	15.752	0.974	0.419	0.934	4.713	446.782	15.789	0	445	11	9	6	9
0.675	5.819	28	24	6651	237.536	32.508	230.500	200	312	333.821	450.536	12.929	0.469	0.112	0.474	333.782	450.554	12.938	332	449	11	4	4	4
0.024	0.511	1	1	205	205.000	0.000	205.000	205	205	12.000	472.000	11.000	0.000	0.000	0.000	12.000	472.000	11.000	12	472	11	1	1	1
0.410	4.232	17	16	4046	238.000	33.664	234.000	201	316	488.824	475.294	12.882	0.409	0.135	0.422	488.821	475.287	12.883	488	474	11	3	3	4
0.554	4.937	23	21	7076	307.652	78.905	279.000	200	501	352.043	476.348	12.304	0.453	0.148	0.409	352.061	476.342	12.289	351	475	11	3	3	4
1.085	8.500	45	36	11064	245.867	41.422	230.000	200	349	414.933	483.311	13.444	0.604	0.183	0.579	414.986	483.288	13.410	412	482	11	6	4	5
0.121	1.728	5	5	1041	208.200	7.050	208.000	201	219	23.200	257.400	12.600	0.245	0.038	0.259	23.193	257.402	12.605	23	257	12	2	2	2
0.410	5.114	17	17	3628	213.412	14.896	209.000	200	251	180.882	265.765	13.353	0.456	0.198	0.402	180.844	265.813	13.353	180	263	12	4	6	3
0.723	5.890	30	27	7431	247.700	33.388	243.500	202	321	181.933	272.100	13.600	0.498	0.149	0.506	181.936	272.127	13.585	180	271	12	4	3	4
0.072	1.217	3	3	619	206.333	1.528	206.000	205	208	87.000	284.333	12.333	0.213	0.059	0.211	87.000	284.333	12.331	87	284	12	1	2	2
0.603	6.401	25	25	5420	216.800	11.708	215.000	201	247	32.480	304.960	13.520	0.517	0.224	0.485	32.447	304.973	13.497	30	303	12	5	4	5
0.024	0.511	1	1	209	209.000	0.000	209.000	209	209	175.000	318.000	12.000	0.000	0.000	0.000	175.000	318.000	12.000	175	318	12	1	1	1
0.169	2.046	7	7	1467	209.571	5.127	209.000	204	218	280.429	321.429	12.429	0.259	0.023	0.261	280.426	321.438	12.425	280	321	12	2	2	2
0.410	4.479	17	16	3981	234.176	25.616	239.000	201	282	67.706	324.647	13.412	0.390	0.128	0.403	67.690	324.637	13.400	67	323	12	3	4	4
0.096	1.270	4	4	819	204.750	0.957	204.500	204	206	29.500	338.500	12.000	0.176	0.000	0.176	29.502	338.501	12.000	29	338	12	2	2	1
28.825	119.450	1196	714	408302	341.390	161.517	286.000	200	1161	67.384	339.671	19.253	2.618	1.170	2.482	67.129	340.650	19.439	58	321	12	22	33	14
0.265	3.333	11	11	2404	218.545	17.924	215.000	200	255	326.273	351.000	13.091	0.353	0.138	0.431	326.257	351.000	13.104	326	350	12	2	3	3
5.591	35.866	232	179	56177	242.142	37.888	231.000	200	374	7.599	403.560	16.504	1.452	0.518	1.508	7.762	403.512	16.431	0	400	12	15	9	10
0.434	4.532	18	17	3966	220.333	16.471	219.000	200	263	364.944	495.167	13.167	0.411	0.121	0.403	364.946	495.165	13.159	364	493	12	3	5	3
0.217	2.363	9	9	1894	210.444	6.483	208.000	204	222	355.444	497.667	12.556	0.280	0.049	0.270	355.438	497.659	12.559	355	497	12	2	3	2
1.928	14.777	80	63	22569	282.112	86.741	248.500	200	569	367.800	506.013	14.675	0.796	0.330	0.726	367.754	506.002	14.522	365	503	12	8	7	7
0.024	0.511	1	1	202	202.000	0.000	202.000	202	202	73.000	227.000	13.000	0.000	0.000	0.000	73.000	227.000	13.000	73	227	13	1	1	1
0.193	2.557	8	8	1653	206.625	5.069	206.000	201	216	58.875	251.625	14.125	0.284	0.112	0.285	58.872	251.624	14.119	58	251	13	3	2	3
0.096	1.411	4	4	871	217.750	10.145	216.000	208	231	19.000	265.500	13.500	0.231	0.000	0.231	19.000	265.509	13.482	19	265	13	1	2	2
0.024	0.511	1	1	203	203.000	0.000	203.000	203	203	153.000	267.000	13.000	0.000	0.000	0.000	153.000	267.000	13.000	153	267	13	1	1	1
0.482	4.479	20	19	4725	236.250	21.136	230.500	205	283	155.850	270.850	14.100	0.408	0.101	0.432	155.839	270.833	14.103	155	269	13	3	4	3
0.072	1.146	3	3	608	202.667	3.055	202.000	200	206	42.333	293.667	13.000	0.163	0.039	0.185	42.329	293.661	13.000	42	293	13	2	2	1
0.410	3.897	17	16	3949	232.294	26.296	228.000	201	287	20.176	308.118	14.294	0.366	0.086	0.359	20.187	308.128	14.310	19	307	13	3	3	3
5.423	27.034	225	134	68236	303.271	97.108	270.000	200	593	366.240	483.231	16.582	1.070	0.281	1.057	366.317	483.222	16.560	361	479	13	9	10	8
0.145	1.922	6	6	1322	220.333	7.118	218.500	212	232	353.667	493.333	13.500	0.255	0.021	0.269	353.674	493.328	13.494	353	493	13	2	2	2
0.096	1.270	4	4	829	207.250	5.560	207.000	202	213	363.500	501.500	13.000	0.176	0.000	0.176	363.499	501.489	13.000	363	501	13	2	2	1
0.072	1.217	3	3	622	207.333	10.214	203.000	200	219	136.333	237.000	14.667	0.213	0.059	0.211	136.326	237.000	14.678	136	237	14	2	1	2
0.048	0.899	2	2	416	208.000	0.000	208.000	208	208	121.000	247.000	14.500	0.195	0.000	0.195	121.000	247.000	14.500	121	247	14	1	1	2
0.048	1.023	2	2	410	205.000	4.243	205.000	202	208	206.000	271.500	14.500	0.231	0.000	0.231	206.000	271.493	14.493	206	271	14	1	2	2
0.217	2.945	9	9	1957	217.444	26.543	206.000	201	267	261.111	276.889	15.444	0.317	0.109	0.311	261.108	276.898	15.451	260	276	14	3	3	3
0.892	8.112	37	33	8252	223.027	19.729	222.000	200	279	200.405	282.946	16.297	0.539	0.197	0.533	200.398	282.921	16.315	199	281	14	4	6	5
4.796	28.125	199	148	49690	249.698	50.155	234.000	200	442	237.889	296.879	21.417	1.324	0.583	1.362	237.981	296.983	21.493	234	293	14	8	8	12
0.578	6.612	24	23	5227	217.792	15.325	214.500	201	255	298.667	304.750	17.333	0.666	0.350	0.658	298.657	304.736	17.376	298	303	14	3	4	7
0.096	1.411	4	4	816	204.000	2.708	205.000	200	206	308.500	364.000	14.500	0.231	0.000	0.231	308.504	364.000	14.502	308	364	14	2	1	2
0.072	1.217	3	3	605	201.667	2.887	200.000	200	205	467.333	395.000	14.667	0.213	0.059	0.211	467.331	395.000	14.669	467	395	14	2	1	2
0.651	6.260	27	23	5879	217.741	14.111	214.000	201	246	458.778	406.741	15.222	0.477	0.134	0.455	458.774	406.736	15.213	457	405	14	6	4	4
0.096	1.534	4	4	848	212.000	7.616	214.500	201	218	25.500	432.250	14.750	0.227	0.074	0.207	25.508	432.237	14.743	25	432	14	2	2	2
0.193	2.627	8	8	1701	212.625	15.775	205.500	202	239	0.250	467.125	14.875	0.328	0.146	0.369	0.242	467.121	14.857	0	466	14	2	3	3
0.482	4.867	20	20	4196	209.800	7.709	208.000	200	226	496.550	466.200	15.950	0.419	0.161	0.435	496.551	466.196	15.949	496	465	14	3	4	4
6.218	29.009	258	155	75318	291.930	78.082	269.500	200	554	465.372	488.050	17.163	1.070	0.241	1.053	465.204	488.037	17.164	461	485	14	11	8	7
3.350	20.349	139	97	36566	263.065	44.953	260.000	200	364	386.331	496.036	17.302	0.954	0.342	0.921	386.344	496.090	17.297	383	492	14	8	8	8
0.217	2.892	9	9	2459	273.222	52.134	250.000	217	370	352.111	511.000	15.333	0.379	0.168	0.341	352.097	511.000	15.336	351	511	14	3	1	4
0.024	0.511	1	1	215	215.000	0.000	215.000	215	215	107.000	225.000	15.000	0.000	0.000	0.000	107.000	225.000	15.000	107	225	15	1	1	1
0.024	0.511	1	1	203	203.000	0.000	203.000	203	203	240.000	287.000	15.000	0.000	0.000	0.000	240.000	287.000	15.000	240	287	15	1	1	1
0.072	1.217	3	3	621	207.000	10.440	202.000	200	219	11.333	288.000	15.667	0.213	0.059	0.211	11.325	288.000	15.678	11	288	15	2	1	2
0.627	5.432	26	24	5810	223.462	17.030	217.000	201	261	204.692	290.077	16.115	0.445	0.102	0.458	204.698	290.076	16.109	203	289	15	5	3	3
9.110	38.001	378	226	121149	320.500	113.542	287.000	200	783	94.746	324.735	21.040	1.420	0.486	1.445	94.785	324.623	20.734	91	321	15	10	9	11
0.048	0.829	2	2	400	200.000	0.000	200.000	200	200	63.000	332.500	15.000	0.124	0.000	0.124	63.000	332.500	15.000	63	332	15	1	2	1
0.940	6.929	39	36	9354	239.846	28.354	235.000	201	314	1.026	351.051	17.769	0.565	0.218	0.541	1.021	351.045	17.769	0	350	15	3	3	6
0.145	2.240	6	6	1242	207.000	7.430	204.500	200	220	5.167	414.833	16.333	0.330	0.127	0.328	5.163	414.835	16.330	5	414	15	2	3	3
0.072	1.217	3	3	623	207.667	7.234	204.000	203	216	496.667	450.000	15.667	0.213	0.059	0.211	496.673	450.000	15.674	496	450	15	2	1	2
0.410	4.426	17	17	3710	218.235	13.419	217.000	202	246	0.235	459.412	16.588	0.408	0.155	0.390	0.229	459.393	16.607	0	458	15	2	4	4
0.337	3.897	14	14	2992	213.714	12.162	210.500	200	245	510.571	492.643	15.929	0.422	0.174	0.425	510.585	492.670	15.935	510	490	15	2	5	3
0.024	0.511	1	1	222	222.000	0.000	222.000	222	222	380.000	496.000	15.000	0.000	0.000	0.000	380.000	496.000	15.000	380	496	15	1	1	1
1.687	11.585	70	54	15933	227.614	19.849	219.500	200	277	136.314	250.971	18.843	0.681	0.197	0.665	136.303	250.962	18.828	135	248	16	5	6	6
0.072	1.146	3	3	620	206.667	2.082	206.000	205	209	14.333	271.667	16.000	0.163	0.039	0.185	14.332	271.669	16.000	14	271	16	2	2	1
0.096	1.605	4	4	839	209.750	6.602	210.500	201	217	302.000	301.500	17.000	0.267	0.165	0.267	302.000	301.502	17.012	302	301	16	1	2	3
0.024	0.511	1	1	204	204.000	0.000	204.000	204	204	249.000	305.000	16.000	0.000	0.000	0.000	249.000	305.000	16.000	249	305	16	1	1	1
1.952	13.701	81	66	19200	237.037	29.220	228.000	201	333	108.889	307.654	18.840	0.727	0.225	0.770	108.808	307.636	18.848	106	306	16	7	5	6
0.916	7.688	38	35	9258	243.632	34.519	236.000	203	332	111.263	318.553	18.158	0.556	0.194	0.506	111.252	318.579	18.162	110	317	16	4	4	5
0.651	6.859	27	25	5718	211.778	9.456	210.000	200	236	215.630	324.519	18.111	0.567	0.260	0.501	215.614	324.505	18.097	214	323	16	4	4	6
0.121	1.658	5	5	1026	205.200	6.301	202.000	200	215	30.400	429.400	16.800	0.224	0.070	0.195	30.398	429.391	16.803	30	429	16	2	2	2
0.072	1.217	3	3	638	212.667	10.408	216.000	201	221	416.000	459.333	16.333	0.213	0.059	0.211	416.000	459.315	16.346	416	459	16	1	2	2
0.795	6.859	33	28	7257	219.909	15.641	217.000	200	253	414.576	491.909	17.818	0.542	0.186	0.515	414.579	491.914	17.835	413	491	16	4	3	5
0.121	2.046	5	5	1038	207.600	3.507	207.000	203	212	406.000	503.600	16.800	0.275	0.127	0.300	405.997	503.603	16.802	405	503	16	3	3	2
0.048	0.899	2	2	408	204.000	1.414	204.000	203	205	409.000	508.000	16.500	0.195	0.000	0.195	409.000	508.000	16.498	409	508	16	1	1	2
3.856	21.636	160	109	37010	231.312	21.928	227.000	200	296	72.206	241.131	21.000	1.000	0.354	0.929	72.231	241.118	20.925	69	238	17	7	7	9
0.458	5.924	19	19	4283	225.421	16.975	227.000	200	257	0.000	281.474	21.158	0.814	0.476	0.730	0.000	281.482	21.253	0	280	17	1	4	9
0.362	4.108	15	15	3379	225.267	21.319	222.000	201	269	133.533	281.933	18.733	0.410	0.171	0.391	133.542	281.950	18.738	133	281	17	2	3	4
0.241	2.627	10	10	2161	216.100	10.785	213.500	203	238	185.500	282.600	18.200	0.320	0.121	0.350	185.489	282.610	18.201	185	282	17	2	2	3
1.542	10.315	64	49	16504	257.875	47.838	244.500	200	377	258.234	296.641	19.062	0.668	0.185	0.616	258.223	296.629	19.096	256	295	17	5	4	6
5.929	25.762	246	141	79947	324.988	121.123	282.500	201	723	239.638	314.459	21.337	1.112	0.300	1.100	239.608	314.508	21.217	237	311	17	7	8	9
2.868	19.450	119	102	28090	236.050	27.424	232.000	200	330	156.689	318.378	21.866	1.138	0.501	1.194	156.713	318.375	21.798	152	317	17	10	5	9
0.313	4.285	13	13	2740	210.769	7.960	209.000	201	227	311.462	403.000	18.923	0.600	0.226	0.568	311.465	403.011	18.946	310	402	17	4	3	5
0.024	0.511	1	1	205	205.000	0.000	205.000	205	205	456.000	402.000	17.000	0.000	0.000	0.000	456.000	402.000	17.000	456	402	17	1	1	1
0.386	3.774	16	15	3896	243.500	33.835	238.500	200	316	319.312	412.000	18.312	0.361	0.088	0.348	319.328	411.964	18.312	318	411	17	3	3	3
12.292	53.435	510	307	153771	301.512	87.665	279.000	200	632	318.720	422.686	21.676	1.524	0.546	1.558	318.719	422.956	21.652	312	412	17	14	20	9
0.723	6.401	30	28	7669	255.633	37.509	252.000	200	335	331.033	470.167	18.567	0.517	0.173	0.568	331.061	470.192	18.571	329	469	17	5	3	4
1.591	12.043	66	54	18388	278.606	74.249	252.500	200	521	505.379	469.061	20.167	0.712	0.241	0.706	505.341	469.223	20.149	504	465	17	4	7	7
0.024	0.511	1	1	203	203.000	0.000	203.000	203	203	403.000	499.000	17.000	0.000	0.000	0.000	403.000	499.000	17.000	403	499	17	1	1	1
0.072	1.217	3	3	627	209.000	14.731	201.000	200	226	379.333	502.000	17.333	0.213	0.059	0.211	379.321	502.000	17.319	379	502	17	2	1	2
0.096	1.411	4	4	939	234.750	24.240	232.500	214	260	403.500	508.000	17.500	0.231	0.000	0.231	403.544	508.000	17.495	403	508	17	2	1	2
0.193	2.627	8	8	1667	208.375	6.589	207.000	200	218	75.000	227.750	19.000	0.339	0.147	0.395	75.000	227.753	18.999	75	226	18	1	4	3
0.072	1.217	3	3	636	212.000	5.000	212.000	207	217	25.667	249.000	18.667	0.213	0.059	0.211	25.659	249.000	18.675	25	249	18	2	1	2
1.615	10.863	67	53	15222	227.194	20.575	222.000	200	276	131.373	256.000	20.463	0.656	0.154	0.656	131.369	256.011	20.464	129	254	18	6	5	5
0.169	2.310	7	7	1465	209.286	8.751	205.000	202	225	187.286	264.714	19.000	0.308	0.142	0.403	187.278	264.714	18.996	187	264	18	2	2	3
0.024	0.511	1	1	213	213.000	0.000	213.000	213	213	4.000	273.000	18.000	0.000	0.000	0.000	4.000	273.000	18.000	4	273	18	1	1	1
0.217	2.945	9	9	1895	210.556	9.422	213.000	200	221	164.222	277.667	18.556	0.324	0.117	0.278	164.217	277.660	18.558	163	277	18	4	3	2
0.410	5.131	17	17	3610	212.353	8.403	210.000	202	232	170.647	275.765	21.235	0.574	0.326	0.511	170.655	275.759	21.240	170	274	18	2	4	7
2.603	14.072	108	78	34898	323.130	109.955	279.500	202	657	254.870	281.667	20.685	0.775	0.184	0.790	254.832	281.593	20.695	252	280	18	8	4	6
0.072	1.217	3	3	623	207.667	2.517	208.000	205	210	158.667	283.000	18.667	0.213	0.059	0.211	158.671	283.000	18.666	158	283	18	2	1	2
1.470	13.120	61	59	13556	222.230	16.379	223.000	201	266	45.557	294.869	21.574	0.985	0.392	1.035	45.579	294.825	21.632	42	292	18	6	7	8
0.169	2.240	7	7	1470	210.000	7.461	206.000	202	222	83.571	320.714	18.571	0.282	0.062	0.274	83.567	320.722	18.576	83	320	18	3	2	2
0.434	4.355	18	17	4194	233.000	31.098	222.000	200	307	223.056	349.667	19.222	0.402	0.131	0.392	223.032	349.671	19.219	222	349	18	3	3	4
0.940	7.812	39	33	8933	229.051	22.405	225.000	201	280	430.718	371.538	20.179	0.553	0.170	0.507	430.713	371.533	20.178	429	370	18	4	5	5
0.024	0.511	1	1	202	202.000	0.000	202.000	202	202	403.000	372.000	18.000	0.000	0.000	0.000	403.000	372.000	18.000	403	372	18	1	1	1
0.121	1.658	5	5	1013	202.600	1.342	202.000	201	204	385.600	390.600	18.800	0.224	0.070	0.195	385.597	390.600	18.801	385	390	18	2	2	2
0.410	4.479	17	17	3775	222.059	14.285	221.000	203	245	46.235	392.471	19.235	0.395	0.146	0.381	46.236	392.474	19.238	45	391	18	3	4	4
0.169	2.169	7	7	1482	211.714	5.314	213.000	205	219	342.286	393.000	18.286	0.271	0.080	0.282	342.282	392.984	18.289	342	392	18	2	3	2
0.169	2.240	7	7	1553	221.857	21.209	222.000	200	245	42.571	394.286	19.143	0.278	0.120	0.234	42.557	394.258	19.169	42	394	18	2	2	3
1.181	8.182	49	39	12673	258.633	47.347	245.000	201	365	329.857	426.367	19.531	0.584	0.123	0.595	329.860	426.364	19.520	328	425	18	5	4	4
1.205	9.717	50	44	11704	234.080	27.506	225.000	202	297	336.320	437.320	20.180	0.646	0.255	0.591	336.277	437.252	20.189	335	434	18	5	8	5
0.651	6.648	27	26	5996	222.074	16.208	219.000	200	265	433.111	444.370	19.148	0.506	0.171	0.516	433.098	444.392	19.150	431	442	18	5	5	3
0.024	0.511	1	1	204	204.000	0.000	204.000	204	204	328.000	451.000	18.000	0.000	0.000	0.000	328.000	451.000	18.000	328	451	18	1	1	1
0.169	2.310	7	7	1485	212.143	8.707	217.000	202	222	410.000	480.000	18.714	0.312	0.121	0.279	410.023	480.000	18.705	409	480	18	3	1	3
0.289	3.456	12	12	2643	220.250	16.625	216.500	202	261	341.250	489.833	18.833	0.346	0.121	0.364	341.239	489.841	18.838	341	488	18	2	4	3
0.024	0.511	1	1	204	204.000	0.000	204.000	204	204	393.000	497.000	18.000	0.000	0.000	0.000	393.000	497.000	18.000	393	497	18	1	1	1
0.048	0.899	2	2	413	206.500	2.121	206.500	205	208	36.000	200.000	19.500	0.195	0.000	0.195	36.000	200.000	19.504	36	200	19	1	1	2
0.265	2.821	11	11	2532	230.182	18.335	232.000	205	268	244.545	281.545	20.091	0.334	0.126	0.396	244.567	281.549	20.095	244	281	19	2	2	3
0.096	1.534	4	4	857	214.250	12.447	214.000	203	226	134.750	294.250	19.750	0.219	0.071	0.219	134.762	294.237	19.736	134	294	19	2	2	2
3.687	19.363	153	98	42962	280.797	66.319	260.000	200	465	163.176	311.386	22.131	0.925	0.240	0.862	163.220	311.415	22.100	160	308	19	7	7	7
0.096	1.534	4	4	811	202.750	3.500	201.000	201	208	332.750	335.500	19.250	0.227	0.074	0.207	332.752	335.504	19.248	332	335	19	2	2	2
0.048	0.899	2	2	409	204.500	4.950	204.500	201	208	289.000	402.000	19.500	0.195	0.000	0.195	289.000	402.000	19.509	289	402	19	1	1	2
0.169	2.363	7	7	1510	215.714	10.610	215.000	203	231	298.571	406.571	19.857	0.299	0.156	0.208	298.562	406.554	19.832	298	406	19	2	3	3
0.241	2.874	10	10	2253	225.300	15.986	232.500	204	241	330.500	431.200	20.200	0.343	0.140	0.340	330.499	431.212	20.207	330	430	19	2	3	3
0.024	0.511	1	1	212	212.000	0.000	212.000	212	212	171.000	255.000	20.000	0.000	0.000	0.000	171.000	255.000	20.000	171	255	20	1	1	1
0.410	4.302	17	17	3849	226.412	18.652	220.000	202	258	127.824	278.529	21.412	0.425	0.171	0.354	127.817	278.513	21.422	127	278	20	3	2	4
4.965	27.266	206	158	49275	239.199	24.690	237.000	201	302	246.432	300.539	23.806	1.079	0.379	1.085	246.416	300.464	23.847	242	294	20	9	14	6
3.181	24.038	132	115	30420	230.455	25.130	227.000	200	313	385.598	364.023	22.992	1.379	0.616	1.366	385.554	364.054	22.990	376	360	20	18	11	6
3.519	19.770	146	116	38744	265.370	50.458	259.000	200	402	372.452	382.027	23.630	0.938	0.337	0.887	372.464	382.013	23.689	366	380	20	12	6	6
0.578	5.131	24	22	5391	224.625	16.715	223.000	203	264	419.333	385.000	21.500	0.468	0.153	0.385	419.331	385.009	21.512	418	384	20	3	3	4
0.868	7.247	36	31	9089	252.472	39.187	244.000	200	340	33.028	428.222	22.778	0.561	0.211	0.536	33.073	428.220	22.757	32	427	20	3	4	6
0.603	5.432	25	23	5695	227.800	23.042	223.000	200	286	324.320	431.800	20.920	0.424	0.098	0.445	324.304	431.816	20.918	323	430	20	4	4	3
1.012	8.393	42	35	10134	241.286	31.693	238.000	200	317	498.786	467.262	21.952	0.575	0.192	0.551	498.836	467.228	21.943	497	466	20	5	4	5
0.145	2.046	6	6	1239	206.500	3.619	206.000	203	211	461.167	495.000	20.667	0.304	0.118	0.291	461.162	495.000	20.666	460	495	20	4	1	2
0.265	2.821	11	11	2476	225.091	19.403	225.000	202	259	11.545	190.455	22.091	0.334	0.126	0.396	11.564	190.456	22.071	11	190	21	2	2	3
2.290	15.131	95	77	22464	236.463	28.903	229.000	200	316	174.337	260.316	23.284	0.801	0.236	0.789	174.401	260.288	23.325	171	257	21	7	8	5
0.072	1.146	3	3	610	203.333	3.055	204.000	200	206	15.333	283.667	21.000	0.163	0.039	0.185	15.328	283.666	21.000	15	283	21	2	2	1
0.145	2.046	6	6	1249	208.167	8.035	206.500	200	221	156.167	285.833	21.500	0.270	0.057	0.288	156.160	285.830	21.496	156	285	21	2	3	2
3.760	18.607	156	112	58030	371.987	171.967	305.500	200	949	152.353	305.327	23.609	0.879	0.217	0.862	152.322	305.111	23.766	150	302	21	6	10	5
0.988	8.253	41	37	9504	231.805	22.105	228.000	202	280	119.537	309.268	23.707	0.572	0.208	0.552	119.550	309.302	23.724	118	306	21	4	6	5
0.313	3.580	13	13	2752	211.692	8.654	207.000	200	224	372.538	363.231	22.385	0.347	0.119	0.328	372.545	363.232	22.380	371	362	21	4	3	3
1.012	9.506	42	42	9117	217.071	12.426	215.000	200	247	424.619	372.881	24.095	0.757	0.300	0.717	424.665	372.851	24.109	422	371	21	8	6	5
1.518	9.293	63	51	21466	340.730	108.891	315.000	202	601	45.460	397.254	22.968	0.652	0.177	0.607	45.478	397.296	22.990	44	396	21	4	4	5
0.892	7.247	37	36	9033	244.135	26.014	247.000	200	288	33.405	411.595	23.270	0.576	0.221	0.532	33.418	411.618	23.264	32	410	21	3	4	5
1.109	8.958	46	42	9747	211.891	9.137	210.000	200	233	413.370	466.152	23.152	0.608	0.222	0.564	413.365	466.160	23.147	412	463	21	4	7	5
0.096	1.411	4	4	846	211.500	5.568	212.500	204	217	0.000	198.500	22.500	0.231	0.000	0.231	0.000	198.491	22.494	0	198	22	1	2	2
0.072	1.217	3	3	614	204.667	5.033	204.000	200	210	136.000	295.667	22.667	0.213	0.059	0.211	136.000	295.674	22.668	136	295	22	1	2	2
0.747	6.789	31	30	6909	222.871	18.156	219.000	200	273	183.032	309.258	23.742	0.510	0.179	0.522	183.000	309.261	23.782	181	308	22	5	3	4
0.145	1.922	6	6	1260	210.000	8.295	211.000	201	219	325.667	402.333	22.500	0.255	0.021	0.269	325.664	402.319	22.506	325	402	22	2	2	2
0.868	6.701	36	32	9423	261.750	46.399	248.500	202	386	302.694	410.806	24.139	0.499	0.137	0.480	302.682	410.878	24.203	301	409	22	4	5	4
0.024	0.511	1	1	201	201.000	0.000	201.000	201	201	492.000	471.000	22.000	0.000	0.000	0.000	492.000	471.000	22.000	492	471	22	1	1	1
0.121	1.922	5	5	1065	213.000	11.203	211.000	203	232	343.200	504.200	23.000	0.255	0.141	0.205	343.198	504.191	22.995	343	504	22	2	2	3
0.386	3.456	16	16	3946	246.625	32.521	244.000	202	299	188.500	288.125	24.125	0.364	0.120	0.394	188.517	288.154	24.174	188	287	23	2	3	3
1.109	8.148	46	41	11929	259.326	54.419	248.500	200	389	8.500	298.761	24.326	0.524	0.122	0.535	8.438	298.740	24.390	6	297	23	6	5	3
0.747	5.802	31	29	7563	243.968	40.175	235.000	200	350	242.968	340.548	24.290	0.454	0.110	0.457	242.951	340.584	24.343	241	339	23	4	5	3
0.940	7.019	39	36	9763	250.333	40.748	244.000	200	354	1.769	350.179	24.179	0.501	0.121	0.503	1.749	350.179	24.253	0	348	23	5	5	3
0.434	5.378	18	18	3787	210.389	5.952	210.000	203	225	362.667	372.278	24.389	0.499	0.166	0.513	362.671	372.288	24.391	361	370	23	5	5	3
0.434	4.285	18	17	3859	214.389	12.089	211.000	200	241	346.000	372.000	24.278	0.400	0.117	0.376	345.990	371.998	24.292	345	370	23	3	4	3
0.072	1.217	3	3	615	205.000	4.359	207.000	200	208	446.667	401.000	23.333	0.213	0.059	0.211	446.662	401.000	23.325	446	401	23	2	1	2
0.916	7.179	38	36	9361	246.342	30.979	240.500	205	316	370.211	434.289	24.526	0.507	0.165	0.494	370.198	434.312	24.550	368	431	23	5	7	3
1.470	10.053	61	56	13919	228.180	19.175	226.000	200	275	416.459	483.492	24.295	0.626	0.206	0.638	416.470	483.506	24.319	414	480	23	5	8	3
0.121	1.798	5	5	1056	211.200	4.550	210.000	206	218	378.400	509.000	24.200	0.289	0.143	0.327	378.400	509.000	24.198	378	509	23	2	1	3
0.362	4.321	15	15	3090	206.000	5.385	205.000	200	216	32.800	197.600	24.733	0.506	0.200	0.457	32.793	197.564	24.740	32	194	24	3	7	2
0.121	1.658	5	5	1193	238.600	27.144	239.000	211	277	235.600	266.400	24.800	0.224	0.070	0.195	235.613	266.377	24.820	235	266	24	2	2	2
0.048	1.023	2	2	406	203.000	0.000	203.000	203	203	161.500	279.000	24.500	0.231	0.000	0.231	161.500	279.000	24.500	161	279	24	2	1	2
0.169	2.169	7	7	1449	207.000	6.904	203.000	201	218	100.571	282.571	24.714	0.271	0.080	0.230	100.576	282.567	24.721	100	282	24	2	3	2
0.145	1.852	6	6	1351	225.167	18.324	230.500	203	248	205.500	303.667	24.667	0.247	0.046	0.245	205.496	303.659	24.699	205	303	24	2	2	2
0.723	6.474	30	30	7393	246.433	34.638	236.500	208	320	253.167	309.600	24.700	0.516	0.224	0.476	253.122	309.534	24.728	252	306	24	4	8	2
0.627	5.080	26	26	6163	237.038	29.321	231.500	200	301	259.192	334.231	24.615	0.409	0.117	0.394	259.154	334.272	24.634	258	332	24	4	5	2
0.313	3.369	13	13	2897	222.846	19.807	218.000	201	265	231.769	345.077	24.769	0.318	0.091	0.319	231.776	345.071	24.786	230	344	24	4	3	2
0.145	2.046	6	6	1304	217.333	12.011	219.500	201	235	329.000	355.500	24.500	0.267	0.056	0.231	329.005	355.492	24.509	328	355	24	3	2	2
0.241	2.804	10	10	2336	233.600	27.842	223.500	205	288	0.600	356.100	24.700	0.291	0.071	0.303	0.566	356.114	24.702	0	355	24	3	3	2
0.145	2.046	6	6	1298	216.333	12.061	214.000	205	236	338.500	375.000	24.667	0.258	0.061	0.288	338.491	374.989	24.680	338	374	24	2	3	2
0.048	0.829	2	2	408	204.000	1.414	204.000	203	205	372.500	376.000	24.000	0.124	0.000	0.124	372.498	376.000	24.000	372	376	24	2	1	1
0.337	3.951	14	14	3027	216.214	13.918	209.500	201	240	385.500	378.643	24.714	0.413	0.207	0.376	385.493	378.692	24.727	385	375	24	2	7	2
0.169	2.046	7	7	1490	212.857	10.286	212.000	201	229	333.429	383.429	24.571	0.259	0.023	0.261	333.432	383.438	24.591	333	383	24	2	2	2
0.241	2.804	10	10	2327	232.700	26.374	226.000	208	290	397.900	386.300	24.700	0.289	0.068	0.307	397.905	386.303	24.708	397	385	24	3	3	2
0.410	4.338	17	17	3706	218.000	12.821	214.000	201	239	331.235	389.176	24.588	0.387	0.130	0.361	331.229	389.176	24.597	329	388	24	5	4	2
0.145	1.852	6	6	1287	214.500	10.095	213.500	203	226	310.500	395.333	24.667	0.247	0.046	0.245	310.505	395.332	24.682	310	395	24	2	2	2
0.193	2.046	8	8	1685	210.625	5.605	209.500	202	218	385.500	437.500	24.500	0.263	0.000	0.263	385.500	437.500	24.511	385	437	24	2	2	2
0.193	2.487	8	8	1754	219.250	16.237	214.000	203	246	374.250	448.125	24.750	0.270	0.075	0.302	374.265	448.135	24.759	373	447	24	3	3	2
0.554	4.515	23	23	5635	245.000	34.482	246.000	202	322	508.783	479.000	24.565	0.392	0.114	0.374	508.756	478.987	24.594	507	478	24	5	3	2
0.313	3.245	13	13	2978	229.077	22.555	220.000	206	275	43.308	491.385	24.692	0.319	0.082	0.334	43.308	491.382	24.706	42	490	24	3	4	2
0.024	0.511	1	1	225	225.000	0.000	225.000	225	225	74.000	231.000	25.000	0.000	0.000	0.000	74.000	231.000	25.000	74	231	25	1	1	1
0.024	0.511	1	1	204	204.000	0.000	204.000	204	204	182.000	256.000	25.000	0.000	0.000	0.000	182.000	256.000	25.000	182	256	25	1	1	1
0.048	0.829	2	2	430	215.000	8.485	215.000	209	221	153.500	257.000	25.000	0.124	0.000	0.124	153.486	257.000	25.000	153	257	25	2	1	1
0.048	0.829	2	2	412	206.000	7.071	206.000	201	211	236.500	279.000	25.000	0.124	0.000	0.124	236.488	279.000	25.000	236	279	25	2	1	1
0.048	0.829	2	2	421	210.500	9.192	210.500	204	217	122.000	280.500	25.000	0.124	0.000	0.124	122.000	280.515	25.000	122	280	25	1	2	1
0.048	1.023	2	2	403	201.500	0.707	201.500	201	202	39.500	283.500	25.000	0.176	0.000	0.176	39.501	283.499	25.000	39	283	25	2	2	1
0.024	0.511	1	1	205	205.000	0.000	205.000	205	205	249.000	313.000	25.000	0.000	0.000	0.000	249.000	313.000	25.000	249	313	25	1	1	1
0.096	1.464	4	4	841	210.250	2.500	209.000	209	214	228.000	314.500	25.000	0.201	0.089	0.201	227.994	314.497	25.000	227	314	25	3	2	1
0.072	1.146	3	3	637	212.333	8.145	216.000	203	218	123.667	318.333	25.000	0.163	0.039	0.185	123.661	318.319	25.000	123	318	25	2	2	1
0.024	0.511	1	1	200	200.000	0.000	200.000	200	200	227.000	324.000	25.000	0.000	0.000	0.000	227.000	324.000	25.000	227	324	25	1	1	1
0.024	0.511	1	1	200	200.000	0.000	200.000	200	200	366.000	328.000	25.000	0.000	0.000	0.000	366.000	328.000	25.000	366	328	25	1	1	1
0.096	1.270	4	4	825	206.250	5.188	207.000	200	211	290.500	345.500	25.000	0.176	0.000	0.176	290.510	345.497	25.000	290	345	25	2	2	1
0.024	0.511	1	1	201	201.000	0.000	201.000	201	201	405.000	348.000	25.000	0.000	0.000	0.000	405.000	348.000	25.000	405	348	25	1	1	1
0.048	0.829	2	2	413	206.500	4.950	206.500	203	210	356.000	381.500	25.000	0.124	0.000	0.124	356.000	381.492	25.000	356	381	25	1	2	1
0.072	1.146	3	3	612	204.000	4.000	204.000	200	208	353.333	382.333	25.000	0.163	0.039	0.185	353.333	382.327	25.000	353	382	25	2	2	1
0.072	1.146	3	3	644	214.667	8.963	210.000	209	225	499.667	393.333	25.000	0.163	0.039	0.185	499.674	393.325	25.000	499	393	25	2	2	1
0.048	0.829	2	2	407	203.500	0.707	203.500	203	204	455.000	449.500	25.000	0.124	0.000	0.124	455.000	449.501	25.000	455	449	25	1	2	1
0.048	0.829	2	2	412	206.000	2.828	206.000	204	208	426.500	458.000	25.000	0.124	0.000	0.124	426.505	458.000	25.000	426	458	25	2	1	1
