Volume (micron^3)	Surface (micron^2)	Nb of obj. voxels	Nb of surf. voxels	IntDen	Mean	StdDev	Median	Min	Max	X	Y	Z	Mean dist. to surf. (micron)	SD dist. to surf. (micron)	Median dist. to surf. (micron)	XM	YM	ZM	BX	BY	BZ	B-width	B-height	B-depth
5.567	23.228	231	162	191762	830.139	600.576	649.000	201	3049	233.385	1.991	2.463	1.019	0.263	1.008	233.756	1.652	2.017	228	0	1	12	7	5
4.338	19.082	180	116	168628	936.822	782.988	643.500	202	3420	21.789	6.711	2.817	0.911	0.154	0.879	21.721	6.627	2.322	19	3	1	7	8	6
0.048	0.829	2	2	459	229.500	24.749	229.500	212	247	407.000	6.500	1.000	0.124	0.000	0.124	407.000	6.462	1.000	407	6	1	1	2	1
0.024	0.511	1	1	258	258.000	0.000	258.000	258	258	503.000	11.000	1.000	0.000	0.000	0.000	503.000	11.000	1.000	503	11	1	1	1	1
0.072	1.146	3	3	779	259.667	37.448	253.000	226	300	465.667	13.333	1.000	0.163	0.039	0.185	465.710	13.325	1.000	465	13	1	2	2	1
0.072	1.146	3	3	726	242.000	34.598	230.000	215	281	499.333	18.333	1.000	0.163	0.039	0.185	499.317	18.296	1.000	499	18	1	2	2	1
0.434	4.198	18	18	6161	342.278	109.908	310.000	210	596	497.667	22.778	1.333	0.355	0.092	0.362	497.657	22.786	1.297	496	21	1	4	4	2
0.554	5.097	23	21	8534	371.043	158.068	327.000	206	737	181.087	29.522	1.522	0.408	0.102	0.413	181.094	29.530	1.438	180	28	1	4	4	3
0.169	2.293	7	7	1942	277.429	60.094	262.000	201	398	384.857	33.143	1.143	0.250	0.088	0.292	384.880	33.110	1.134	384	32	1	3	3	2
0.024	0.511	1	1	240	240.000	0.000	240.000	240	240	482.000	34.000	1.000	0.000	0.000	0.000	482.000	34.000	1.000	482	34	1	1	1	1
0.193	2.487	8	8	2176	272.000	64.856	258.500	207	387	108.125	36.250	1.250	0.270	0.075	0.302	108.166	36.275	1.211	107	35	1	3	3	2
0.072	1.146	3	3	776	258.667	48.686	244.000	219	313	187.333	38.333	1.000	0.163	0.039	0.185	187.314	38.282	1.000	187	38	1	2	2	1
0.024	0.511	1	1	257	257.000	0.000	257.000	257	257	106.000	42.000	1.000	0.000	0.000	0.000	106.000	42.000	1.000	106	42	1	1	1	1
0.145	1.975	6	6	1620	270.000	55.483	245.000	225	360	100.167	44.333	1.167	0.241	0.083	0.253	100.160	44.337	1.139	99	44	1	3	2	2
0.121	1.852	5	5	1228	245.600	49.983	222.000	205	329	84.800	46.000	1.200	0.231	0.085	0.265	84.793	46.003	1.167	84	45	1	2	3	2
0.771	5.856	32	28	15078	471.188	233.896	400.000	226	1003	473.500	50.500	1.625	0.459	0.090	0.463	473.522	50.509	1.495	472	49	1	4	4	3
1.928	10.705	80	61	55864	698.300	476.724	539.000	203	2274	99.037	54.700	2.138	0.662	0.113	0.663	99.041	54.762	1.823	97	52	1	5	6	4
0.048	0.829	2	2	437	218.500	4.950	218.500	215	222	305.500	52.000	1.000	0.124	0.000	0.124	305.508	52.000	1.000	305	52	1	2	1	1
0.193	2.293	8	8	2238	279.750	63.928	255.500	224	379	140.000	53.500	1.250	0.266	0.068	0.295	140.053	53.504	1.208	139	53	1	3	2	2
0.096	1.270	4	4	1002	250.500	42.930	251.500	206	293	176.500	56.500	1.000	0.176	0.000	0.176	176.514	56.427	1.000	176	56	1	2	2	1
0.096	1.270	4	4	970	242.500	36.014	242.000	206	280	156.500	57.500	1.000	0.176	0.000	0.176	156.437	57.487	1.000	156	57	1	2	2	1
0.241	2.804	10	10	2885	288.500	74.155	272.000	214	448	408.900	59.300	1.300	0.289	0.068	0.307	408.884	59.280	1.251	408	58	1	3	3	2
0.024	0.511	1	1	228	228.000	0.000	228.000	228	228	136.000	59.000	1.000	0.000	0.000	0.000	136.000	59.000	1.000	136	59	1	1	1	1
0.072	1.146	3	3	647	215.667	19.858	209.000	200	238	39.667	63.333	1.000	0.163	0.039	0.185	39.691	63.323	1.000	39	63	1	2	2	1
0.024	0.511	1	1	203	203.000	0.000	203.000	203	203	162.000	74.000	1.000	0.000	0.000	0.000	162.000	74.000	1.000	162	74	1	1	1	1
0.844	6.243	35	33	16896	482.743	255.961	393.000	226	1196	325.543	79.000	1.743	0.465	0.102	0.468	325.590	79.012	1.567	324	77	1	4	5	3
0.048	0.829	2	2	487	243.500	41.719	243.500	214	273	268.000	78.500	1.000	0.124	0.000	0.124	268.000	78.561	1.000	268	78	1	1	2	1
0.145	2.169	6	6	1441	240.167	47.956	218.500	213	336	230.000	84.000	1.167	0.236	0.088	0.257	229.983	83.998	1.148	229	83	1	3	3	2
0.096	1.464	4	4	959	239.750	48.527	223.000	202	311	330.000	86.750	1.000	0.190	0.092	0.221	330.021	86.766	1.000	329	86	1	3	2	1
0.988	7.072	41	37	21666	528.439	298.623	440.000	214	1368	112.634	88.829	1.780	0.498	0.098	0.503	112.624	88.802	1.619	111	87	1	5	5	3
0.145	2.169	6	6	1497	249.500	49.083	234.500	213	345	15.000	91.000	1.167	0.236	0.088	0.257	14.983	90.983	1.142	14	90	1	3	3	2
0.048	0.829	2	2	442	221.000	1.414	221.000	220	222	483.000	94.500	1.000	0.124	0.000	0.124	483.000	94.498	1.000	483	94	1	1	2	1
0.072	1.146	3	3	665	221.667	9.609	220.000	213	232	3.667	95.333	1.000	0.163	0.039	0.185	3.680	95.331	1.000	3	95	1	2	2	1
0.651	5.291	27	25	10082	373.407	169.864	300.000	205	783	163.667	98.556	1.667	0.428	0.096	0.440	163.694	98.556	1.515	162	97	1	4	4	3
0.169	2.293	7	7	1913	273.286	55.969	248.000	222	374	288.143	98.857	1.143	0.250	0.088	0.292	288.160	98.822	1.121	287	98	1	3	3	2
0.386	3.757	16	16	5306	331.625	115.876	310.000	200	597	275.938	100.812	1.375	0.335	0.078	0.341	275.889	100.773	1.318	275	99	1	3	4	2
0.217	2.681	9	9	2453	272.556	66.836	251.000	212	392	292.778	100.222	1.333	0.281	0.062	0.303	292.751	100.251	1.279	292	99	1	3	3	2
0.048	0.829	2	2	467	233.500	28.991	233.500	213	254	489.500	100.000	1.000	0.124	0.000	0.124	489.456	100.000	1.000	489	100	1	2	1	1
0.048	0.829	2	2	461	230.500	3.536	230.500	228	233	69.500	104.000	1.000	0.124	0.000	0.124	69.505	104.000	1.000	69	104	1	2	1	1
0.217	2.681	9	9	2663	295.889	68.943	264.000	229	445	227.778	106.778	1.333	0.281	0.062	0.303	227.792	106.776	1.293	227	106	1	3	3	2
0.265	2.804	11	11	3130	284.545	81.542	247.000	206	421	94.182	108.364	1.364	0.298	0.063	0.298	94.230	108.389	1.305	93	107	1	3	3	2
0.193	2.487	8	8	2255	281.875	66.902	268.500	206	421	287.250	107.875	1.250	0.270	0.075	0.302	287.212	107.882	1.211	286	107	1	3	3	2
0.048	0.829	2	2	447	223.500	0.707	223.500	223	224	98.500	116.000	1.000	0.124	0.000	0.124	98.499	116.000	1.000	98	116	1	2	1	1
0.145	1.852	6	6	1596	266.000	56.808	266.000	202	331	373.667	119.500	1.333	0.247	0.046	0.245	373.667	119.502	1.254	373	119	1	2	2	2
0.169	2.293	7	7	1906	272.286	62.227	237.000	220	386	7.143	120.857	1.143	0.250	0.088	0.292	7.170	120.836	1.120	6	120	1	3	3	2
0.096	1.270	4	4	968	242.000	35.289	239.000	204	286	457.500	122.500	1.000	0.176	0.000	0.176	457.556	122.529	1.000	457	122	1	2	2	1
0.434	4.198	18	18	5478	304.333	81.516	288.000	203	491	464.611	125.500	1.333	0.361	0.100	0.389	464.618	125.507	1.291	463	124	1	4	4	2
0.024	0.511	1	1	226	226.000	0.000	226.000	226	226	111.000	125.000	1.000	0.000	0.000	0.000	111.000	125.000	1.000	111	125	1	1	1	1
0.265	2.928	11	11	3137	285.182	75.065	271.000	206	452	92.818	135.182	1.273	0.297	0.075	0.316	92.800	135.175	1.235	92	134	1	3	3	2
0.024	0.511	1	1	257	257.000	0.000	257.000	257	257	423.000	134.000	1.000	0.000	0.000	0.000	423.000	134.000	1.000	423	134	1	1	1	1
0.048	0.829	2	2	413	206.500	7.778	206.500	201	212	476.000	136.500	1.000	0.124	0.000	0.124	476.000	136.513	1.000	476	136	1	1	2	1
0.289	3.051	12	12	3561	296.750	85.220	280.500	205	501	363.083	138.083	1.250	0.306	0.082	0.315	363.087	138.090	1.211	362	137	1	3	3	2
0.723	5.608	30	26	14643	488.100	242.134	385.000	233	1095	167.500	141.600	1.667	0.450	0.080	0.452	167.480	141.677	1.508	166	140	1	4	4	3
0.024	0.511	1	1	205	205.000	0.000	205.000	205	205	36.000	144.000	1.000	0.000	0.000	0.000	36.000	144.000	1.000	36	144	1	1	1	1
0.193	2.293	8	8	2072	259.000	60.583	238.000	205	360	220.500	145.000	1.250	0.266	0.068	0.295	220.513	145.049	1.210	220	144	1	2	3	2
0.096	1.270	4	4	986	246.500	17.823	244.500	227	270	172.500	145.500	1.000	0.176	0.000	0.176	172.476	145.519	1.000	172	145	1	2	2	1
2.121	12.169	88	66	56533	642.420	437.898	513.000	205	2072	303.761	146.966	2.057	0.682	0.125	0.674	303.663	147.010	1.740	301	145	1	7	6	4
0.072	1.146	3	3	658	219.333	16.258	225.000	201	232	26.667	147.333	1.000	0.163	0.039	0.185	26.695	147.342	1.000	26	147	1	2	2	1
0.024	0.511	1	1	229	229.000	0.000	229.000	229	229	156.000	147.000	1.000	0.000	0.000	0.000	156.000	147.000	1.000	156	147	1	1	1	1
0.048	0.829	2	2	419	209.500	7.778	209.500	204	215	283.500	151.000	1.000	0.124	0.000	0.124	283.513	151.000	1.000	283	151	1	2	1	1
0.386	3.810	16	16	5657	353.562	112.932	316.000	232	561	312.500	152.500	1.250	0.338	0.086	0.373	312.487	152.460	1.239	311	151	1	4	4	2
0.024	0.511	1	1	260	260.000	0.000	260.000	260	260	107.000	152.000	1.000	0.000	0.000	0.000	107.000	152.000	1.000	107	152	1	1	1	1
0.024	0.511	1	1	222	222.000	0.000	222.000	222	222	273.000	152.000	1.000	0.000	0.000	0.000	273.000	152.000	1.000	273	152	1	1	1	1
0.024	0.511	1	1	251	251.000	0.000	251.000	251	251	235.000	156.000	1.000	0.000	0.000	0.000	235.000	156.000	1.000	235	156	1	1	1	1
0.121	1.658	5	5	1338	267.600	51.413	255.000	200	324	485.600	163.400	1.200	0.224	0.070	0.195	485.626	163.418	1.149	485	163	1	2	2	2
0.096	1.270	4	4	1094	273.500	41.332	272.500	225	324	371.500	172.500	1.000	0.176	0.000	0.176	371.555	172.536	1.000	371	172	1	2	2	1
0.024	0.511	1	1	209	209.000	0.000	209.000	209	209	477.000	172.000	1.000	0.000	0.000	0.000	477.000	172.000	1.000	477	172	1	1	1	1
0.964	7.002	40	36	17534	438.350	208.107	393.000	201	978	24.800	183.400	1.700	0.494	0.102	0.498	24.772	183.405	1.537	23	181	1	5	5	3
0.217	2.610	9	9	2560	284.444	69.313	267.000	216	431	481.667	184.000	1.222	0.276	0.075	0.311	481.693	184.023	1.189	481	183	1	3	3	2
0.410	3.757	17	17	5311	312.412	112.473	307.000	202	580	269.765	185.000	1.412	0.340	0.075	0.347	269.722	185.004	1.338	268	184	1	4	3	2
4.989	21.038	207	126	155121	749.377	508.684	592.000	200	2309	349.937	186.913	3.242	0.978	0.176	0.949	349.875	186.749	3.019	347	184	1	7	7	7
0.313	3.245	13	13	3654	281.077	63.204	259.000	211	410	66.231	186.385	1.308	0.316	0.078	0.342	66.218	186.391	1.266	65	185	1	3	4	2
0.024	0.511	1	1	217	217.000	0.000	217.000	217	217	275.000	187.000	1.000	0.000	0.000	0.000	275.000	187.000	1.000	275	187	1	1	1	1
0.096	1.270	4	4	1098	274.500	37.855	272.000	241	313	142.500	190.500	1.000	0.176	0.000	0.176	142.441	190.494	1.000	142	190	1	2	2	1
0.217	2.610	9	9	2574	286.000	66.836	260.000	216	424	319.000	191.333	1.222	0.276	0.075	0.311	318.993	191.325	1.185	318	190	1	3	3	2
0.024	0.511	1	1	203	203.000	0.000	203.000	203	203	473.000	192.000	1.000	0.000	0.000	0.000	473.000	192.000	1.000	473	192	1	1	1	1
0.193	2.293	8	8	1993	249.125	58.881	229.500	200	337	451.000	193.500	1.250	0.266	0.068	0.295	450.944	193.498	1.204	450	193	1	3	2	2
0.169	2.169	7	7	1846	263.714	55.551	252.000	208	354	365.857	194.571	1.286	0.260	0.065	0.279	365.822	194.582	1.236	365	194	1	3	2	2
0.096	1.270	4	4	964	241.000	29.811	239.000	208	278	392.500	196.500	1.000	0.176	0.000	0.176	392.453	196.526	1.000	392	196	1	2	2	1
0.362	3.439	15	15	5123	341.533	110.121	348.000	210	571	154.933	200.400	1.400	0.328	0.073	0.342	154.938	200.418	1.336	154	199	1	3	4	2
0.072	1.146	3	3	806	268.667	40.649	252.000	239	315	416.667	203.667	1.000	0.163	0.039	0.185	416.687	203.703	1.000	416	203	1	2	2	1
14.413	61.439	598	421	365799	611.704	430.074	473.500	200	2363	40.060	216.062	2.117	1.709	0.667	1.683	39.980	216.571	1.854	31	205	1	19	23	5
0.169	2.293	7	7	1970	281.429	62.265	253.000	225	403	97.143	206.143	1.143	0.250	0.088	0.292	97.136	206.164	1.128	96	205	1	3	3	2
0.410	3.757	17	17	6018	354.000	124.941	337.000	218	659	270.000	211.235	1.412	0.340	0.075	0.347	270.031	211.240	1.338	269	210	1	3	4	2
0.096	1.270	4	4	1186	296.500	42.728	297.500	251	340	306.500	210.500	1.000	0.176	0.000	0.176	306.486	210.439	1.000	306	210	1	2	2	1
0.193	2.293	8	8	2111	263.875	60.315	238.500	218	365	324.500	211.000	1.250	0.266	0.068	0.295	324.508	211.027	1.209	324	210	1	2	3	2
0.241	2.627	10	10	2958	295.800	45.472	301.000	217	361	458.500	211.400	1.800	0.320	0.121	0.350	458.527	211.398	1.711	458	211	1	2	2	3
0.096	1.270	4	4	964	241.000	37.229	238.500	204	283	104.500	212.500	1.000	0.176	0.000	0.176	104.518	212.564	1.000	104	212	1	2	2	1
0.096	1.270	4	4	1031	257.750	36.445	260.000	218	293	115.500	215.500	1.000	0.176	0.000	0.176	115.440	215.487	1.000	115	215	1	2	2	1
0.169	2.293	7	7	1832	261.714	60.166	226.000	203	371	311.143	217.143	1.143	0.250	0.088	0.292	311.158	217.176	1.122	310	216	1	3	3	2
17516.586	20002.422	726791	154548	555500928	764.320	621.457	551.000	200	4066	254.489	291.829	11.247	34.977	17.563	34.508	250.688	298.480	11.403	0	216	1	512	163	23
0.024	0.511	1	1	208	208.000	0.000	208.000	208	208	492.000	217.000	1.000	0.000	0.000	0.000	492.000	217.000	1.000	492	217	1	1	1	1
0.554	4.709	23	22	8219	357.348	137.659	340.000	202	750	103.435	220.087	1.478	0.411	0.129	0.385	103.257	220.044	1.403	102	219	1	5	3	3
0.265	2.928	11	11	3158	287.091	61.279	277.000	219	417	8.182	225.182	1.273	0.297	0.075	0.316	8.163	225.203	1.230	7	224	1	3	3	2
0.193	2.610	8	8	1950	243.750	36.593	246.500	200	301	51.750	225.000	1.125	0.302	0.129	0.315	51.801	225.061	1.103	50	224	1	4	3	2
0.386	3.810	16	16	4102	256.375	56.967	228.500	201	382	17.062	225.812	1.250	0.367	0.127	0.351	17.088	225.797	1.211	15	225	1	5	3	2
0.819	6.859	34	30	9085	267.206	50.169	257.500	201	392	401.706	225.853	2.529	0.523	0.171	0.555	401.715	225.848	2.526	400	225	1	4	3	5
0.024	0.511	1	1	209	209.000	0.000	209.000	209	209	12.000	226.000	1.000	0.000	0.000	0.000	12.000	226.000	1.000	12	226	1	1	1	1
0.362	3.439	15	15	5149	343.267	118.388	350.000	211	601	96.400	226.933	1.400	0.328	0.073	0.342	96.414	226.935	1.326	95	226	1	4	3	2
5.591	24.797	232	149	183935	792.823	600.616	554.000	201	2544	84.065	230.677	2.772	1.019	0.229	1.002	83.816	230.486	2.515	80	228	1	10	8	7
2.145	12.276	89	70	54125	608.146	394.099	482.000	202	1792	36.348	238.966	1.944	0.674	0.128	0.660	36.384	238.937	1.693	34	236	1	6	7	4
0.651	5.238	27	25	8455	313.148	90.528	297.000	201	547	432.741	241.074	1.815	0.434	0.094	0.439	432.745	241.064	1.712	431	240	1	4	4	3
0.048	0.829	2	2	414	207.000	4.243	207.000	204	210	490.000	240.500	1.000	0.124	0.000	0.124	490.000	240.507	1.000	490	240	1	1	2	1
0.410	3.757	17	17	4157	244.529	34.794	236.000	200	328	443.000	243.765	1.412	0.340	0.075	0.347	442.998	243.771	1.378	442	242	1	3	4	2
0.048	0.899	2	2	420	210.000	11.314	210.000	202	218	290.000	245.000	1.500	0.195	0.000	0.195	290.000	245.000	1.481	290	245	1	1	1	2
0.024	0.511	1	1	228	228.000	0.000	228.000	228	228	282.000	246.000	1.000	0.000	0.000	0.000	282.000	246.000	1.000	282	246	1	1	1	1
2.097	12.894	87	74	29351	337.368	135.544	291.000	201	756	264.356	251.805	1.713	0.690	0.197	0.676	264.165	251.810	1.621	261	248	1	8	9	3
0.048	0.829	2	2	409	204.500	4.950	204.500	201	208	370.000	248.500	1.000	0.124	0.000	0.124	370.000	248.509	1.000	370	248	1	1	2	1
0.024	0.511	1	1	207	207.000	0.000	207.000	207	207	482.000	248.000	1.000	0.000	0.000	0.000	482.000	248.000	1.000	482	248	1	1	1	1
0.048	0.829	2	2	407	203.500	4.950	203.500	200	207	252.500	253.000	1.000	0.124	0.000	0.124	252.491	253.000	1.000	252	253	1	2	1	1
0.048	0.829	2	2	405	202.500	3.536	202.500	200	205	292.000	253.500	1.000	0.124	0.000	0.124	292.000	253.494	1.000	292	253	1	1	2	1
0.072	1.217	3	3	655	218.333	28.290	202.000	202	251	298.333	253.000	1.333	0.213	0.059	0.211	298.308	253.000	1.308	298	253	1	2	1	2
0.145	1.852	6	6	1288	214.667	14.362	210.500	202	235	177.500	255.667	1.333	0.247	0.046	0.245	177.484	255.686	1.335	177	255	1	2	2	2
0.386	3.757	16	16	4535	283.438	64.762	277.000	201	409	274.812	256.625	1.375	0.339	0.082	0.348	274.790	256.615	1.339	273	255	1	4	4	2
0.072	1.146	3	3	629	209.667	4.933	212.000	204	213	354.667	255.667	1.000	0.163	0.039	0.185	354.663	255.676	1.000	354	255	1	2	2	1
0.048	0.829	2	2	452	226.000	8.485	226.000	220	232	385.500	257.000	1.000	0.124	0.000	0.124	385.487	257.000	1.000	385	257	1	2	1	1
0.193	2.487	8	8	1842	230.250	26.337	220.000	201	278	357.125	259.250	1.250	0.270	0.075	0.302	357.144	259.243	1.229	356	258	1	3	3	2
0.362	3.897	15	14	3747	249.800	37.285	246.000	207	332	392.800	258.800	1.533	0.355	0.093	0.351	392.817	258.794	1.517	391	258	1	4	3	3
0.024	0.511	1	1	210	210.000	0.000	210.000	210	210	460.000	261.000	1.000	0.000	0.000	0.000	460.000	261.000	1.000	460	261	1	1	1	1
1.976	11.745	82	65	30427	371.061	131.204	334.500	200	654	509.280	264.049	2.354	0.688	0.162	0.679	509.381	264.101	2.237	506	261	1	6	6	5
0.241	2.945	10	10	2258	225.800	22.024	222.500	200	261	392.700	265.900	1.600	0.317	0.102	0.308	392.690	265.887	1.580	392	265	1	2	3	3
5.350	27.247	222	154	56577	254.851	39.098	250.000	200	376	158.491	270.946	3.955	1.179	0.442	1.182	158.550	270.955	3.917	154	268	1	12	8	8
0.578	4.973	24	22	5621	234.208	25.110	229.500	201	287	168.958	276.708	1.583	0.425	0.115	0.390	168.947	276.705	1.549	168	275	1	3	5	3
0.217	2.433	9	9	1930	214.444	7.568	215.000	204	230	70.556	277.556	1.667	0.297	0.104	0.303	70.549	277.547	1.657	70	277	1	2	2	3
0.313	3.580	13	12	2803	215.615	13.727	212.000	200	241	156.000	277.154	1.692	0.367	0.104	0.356	155.991	277.163	1.689	155	276	1	3	3	3
0.096	1.534	4	4	834	208.500	6.807	207.000	202	218	101.750	279.250	1.250	0.219	0.071	0.219	101.751	279.247	1.242	101	279	1	2	2	2
0.072	1.146	3	3	622	207.333	3.786	209.000	203	210	141.333	280.333	1.000	0.163	0.039	0.185	141.326	280.336	1.000	141	280	1	2	2	1
0.699	5.962	29	29	6890	237.586	34.086	225.000	200	317	172.586	283.069	1.310	0.453	0.162	0.443	172.600	283.122	1.303	171	280	1	5	6	2
0.096	1.411	4	4	878	219.500	7.326	220.500	210	227	180.000	281.500	1.500	0.231	0.000	0.231	180.000	281.493	1.487	180	281	1	1	2	2
0.554	4.850	23	21	5457	237.261	28.821	231.000	203	303	153.957	283.348	1.652	0.412	0.095	0.398	153.960	283.355	1.625	153	282	1	3	4	3
0.289	3.650	12	12	2555	212.917	10.031	213.000	201	227	88.667	283.250	2.500	0.356	0.142	0.299	88.661	283.271	2.499	88	282	1	3	3	4
0.265	3.245	11	11	2471	224.636	18.101	223.000	200	260	36.273	286.455	1.182	0.336	0.134	0.345	36.254	286.434	1.172	35	285	1	4	4	2
1.181	8.766	49	45	14744	300.898	82.209	278.000	201	499	162.735	289.612	1.531	0.571	0.228	0.550	162.633	289.616	1.477	159	288	1	10	4	3
0.096	1.464	4	4	837	209.250	7.588	207.000	203	220	97.250	290.000	1.000	0.190	0.092	0.221	97.250	290.002	1.000	97	289	1	2	3	1
0.121	1.852	5	5	1295	259.000	45.497	251.000	217	335	9.000	295.800	1.200	0.231	0.085	0.265	8.988	295.806	1.200	8	295	1	3	2	2
0.217	2.610	9	9	2110	234.444	25.856	230.000	203	289	33.889	299.000	1.222	0.284	0.088	0.289	33.905	298.991	1.205	33	298	1	3	3	2
0.289	3.616	12	12	2587	215.583	9.746	213.500	203	234	473.000	306.750	1.000	0.483	0.223	0.516	472.986	306.759	1.000	470	306	1	7	3	1
0.337	3.563	14	14	3458	247.000	37.507	231.500	201	314	5.643	317.643	1.286	0.325	0.084	0.346	5.639	317.656	1.280	4	316	1	4	4	2
0.048	0.829	2	2	423	211.500	13.435	211.500	202	221	15.000	319.500	1.000	0.124	0.000	0.124	15.000	319.478	1.000	15	319	1	1	2	1
0.048	0.829	2	2	421	210.500	9.192	210.500	204	217	3.500	322.000	1.000	0.124	0.000	0.124	3.485	322.000	1.000	3	322	1	2	1	1
0.048	0.899	2	2	411	205.500	4.950	205.500	202	209	304.000	322.000	1.500	0.195	0.000	0.195	304.000	322.000	1.491	304	322	1	1	1	2
0.362	3.509	15	15	4672	311.467	83.805	313.000	201	481	224.067	327.267	1.533	0.340	0.092	0.343	224.112	327.293	1.449	223	326	1	3	3	3
0.337	3.316	14	14	4091	292.214	75.593	299.000	213	443	242.000	331.500	1.429	0.319	0.065	0.324	241.998	331.501	1.360	241	330	1	3	4	2
0.699	5.962	29	29	8906	307.103	93.326	269.000	207	570	225.897	336.172	1.310	0.490	0.218	0.418	225.989	336.171	1.269	222	335	1	8	3	2
0.096	1.464	4	4	992	248.000	49.491	236.000	205	315	234.000	335.750	1.000	0.190	0.092	0.221	234.012	335.743	1.000	233	335	1	3	2	1
0.096	1.270	4	4	928	232.000	25.742	230.000	209	259	402.500	337.500	1.000	0.176	0.000	0.176	402.504	337.547	1.000	402	337	1	2	2	1
0.795	6.173	33	30	12171	368.818	149.142	336.000	200	715	276.636	345.424	1.576	0.455	0.103	0.453	276.617	345.402	1.444	275	344	1	5	4	3
0.072	1.146	3	3	703	234.333	30.551	241.000	201	261	186.667	347.667	1.000	0.163	0.039	0.185	186.714	347.657	1.000	186	347	1	2	2	1
0.289	2.928	12	12	3020	251.667	38.168	238.500	204	317	100.500	351.500	1.333	0.315	0.083	0.314	100.516	351.543	1.308	100	350	1	2	4	2
0.410	3.757	17	17	5810	341.765	118.462	328.000	203	618	168.000	352.765	1.412	0.340	0.075	0.347	168.047	352.717	1.350	167	351	1	3	4	2
0.024	0.511	1	1	203	203.000	0.000	203.000	203	203	459.000	351.000	1.000	0.000	0.000	0.000	459.000	351.000	1.000	459	351	1	1	1	1
0.072	1.146	3	3	707	235.667	32.005	235.000	204	268	409.667	355.333	1.000	0.163	0.039	0.185	409.668	355.289	1.000	409	355	1	2	2	1
0.337	3.439	14	14	3855	275.357	85.180	232.500	200	497	191.000	360.000	1.357	0.318	0.068	0.353	190.987	359.999	1.292	190	359	1	3	3	2
0.048	0.829	2	2	481	240.500	31.820	240.500	218	263	421.500	359.000	1.000	0.124	0.000	0.124	421.547	359.000	1.000	421	359	1	2	1	1
0.145	1.975	6	6	1503	250.500	54.917	239.500	204	342	446.167	361.667	1.167	0.241	0.083	0.253	446.182	361.680	1.136	445	361	1	3	2	2
0.024	0.511	1	1	204	204.000	0.000	204.000	204	204	220.000	367.000	1.000	0.000	0.000	0.000	220.000	367.000	1.000	220	367	1	1	1	1
1.494	9.772	62	55	25082	404.548	186.355	345.500	200	961	81.435	373.113	1.597	0.586	0.144	0.600	81.519	373.142	1.482	78	371	1	7	6	3
0.072	1.146	3	3	667	222.333	18.824	213.000	210	244	33.000	373.000	1.000	0.166	0.144	0.249	33.000	372.996	1.000	33	372	1	1	3	1
0.024	0.511	1	1	223	223.000	0.000	223.000	223	223	87.000	373.000	1.000	0.000	0.000	0.000	87.000	373.000	1.000	87	373	1	1	1	1
0.096	1.270	4	4	1012	253.000	56.030	253.000	203	303	371.500	388.500	1.000	0.176	0.000	0.176	371.503	388.596	1.000	371	388	1	2	2	1
0.458	4.198	19	19	6588	346.737	126.938	307.000	200	643	372.211	393.737	1.368	0.358	0.089	0.364	372.172	393.692	1.313	371	392	1	4	4	2
0.145	2.169	6	6	1500	250.000	47.979	235.000	209	340	452.000	395.000	1.167	0.236	0.088	0.257	452.018	395.025	1.139	451	394	1	3	3	2
0.386	3.810	16	16	5143	321.438	90.998	294.000	221	474	188.500	402.500	1.250	0.338	0.086	0.373	188.475	402.529	1.241	187	401	1	4	4	2
0.024	0.511	1	1	235	235.000	0.000	235.000	235	235	225.000	407.000	1.000	0.000	0.000	0.000	225.000	407.000	1.000	225	407	1	1	1	1
0.145	2.169	6	6	1730	288.333	58.463	267.000	245	404	375.000	410.000	1.167	0.236	0.088	0.257	375.018	410.001	1.142	374	409	1	3	3	2
0.578	5.027	24	23	9915	413.125	185.086	395.500	204	921	260.125	413.208	1.458	0.400	0.104	0.386	260.114	413.134	1.385	258	412	1	5	4	3
5.567	28.189	231	186	111643	483.303	237.286	418.000	200	1155	187.403	421.545	1.779	1.242	0.508	1.243	187.258	421.652	1.594	180	415	1	16	14	3
0.024	0.511	1	1	214	214.000	0.000	214.000	214	214	427.000	416.000	1.000	0.000	0.000	0.000	427.000	416.000	1.000	427	416	1	1	1	1
0.096	1.270	4	4	883	220.750	17.877	220.000	200	243	390.500	420.500	1.000	0.176	0.000	0.176	390.520	420.471	1.000	390	420	1	2	2	1
0.169	2.293	7	7	1866	266.571	58.648	246.000	216	382	493.857	420.857	1.143	0.250	0.088	0.292	493.846	420.875	1.121	493	420	1	3	3	2
0.193	2.293	8	8	2106	263.250	54.954	242.000	204	361	125.000	423.500	1.250	0.266	0.068	0.295	124.977	423.473	1.204	124	423	1	3	2	2
0.434	3.880	18	18	5941	330.056	118.051	305.000	201	625	392.944	425.333	1.389	0.349	0.084	0.355	392.909	425.291	1.328	392	424	1	3	4	2
0.096	1.270	4	4	1079	269.750	9.394	270.000	258	281	110.500	426.500	1.000	0.176	0.000	0.176	110.489	426.511	1.000	110	426	1	2	2	1
0.072	1.146	3	3	654	218.000	21.000	209.000	203	242	116.333	428.667	1.000	0.163	0.039	0.185	116.310	428.680	1.000	116	428	1	2	2	1
0.289	2.928	12	12	3751	312.583	89.194	269.000	230	480	58.750	433.250	1.333	0.306	0.070	0.326	58.724	433.279	1.286	58	432	1	3	3	2
0.072	1.146	3	3	662	220.667	22.053	215.000	202	245	132.667	432.333	1.000	0.163	0.039	0.185	132.675	432.305	1.000	132	432	1	2	2	1
0.048	0.829	2	2	440	220.000	9.899	220.000	213	227	308.500	432.000	1.000	0.124	0.000	0.124	308.516	432.000	1.000	308	432	1	2	1	1
0.096	1.270	4	4	844	211.000	12.275	209.000	200	226	53.500	434.500	1.000	0.176	0.000	0.176	53.507	434.524	1.000	53	434	1	2	2	1
0.048	0.829	2	2	413	206.500	9.192	206.500	200	213	422.000	437.500	1.000	0.124	0.000	0.124	422.000	437.484	1.000	422	437	1	1	2	1
0.169	2.046	7	7	1971	281.571	67.872	314.000	205	356	483.571	448.571	1.429	0.259	0.023	0.261	483.567	448.566	1.320	483	448	1	2	2	2
0.313	3.245	13	13	4253	327.154	103.210	293.000	204	546	42.385	460.769	1.308	0.316	0.078	0.342	42.361	460.771	1.263	41	460	1	4	3	2
0.121	1.587	5	5	1209	241.800	35.478	240.000	207	287	233.200	461.400	1.000	0.211	0.079	0.222	233.122	461.371	1.000	232	461	1	3	2	1
3.736	23.073	155	140	62894	405.768	183.234	349.000	202	1072	238.806	468.206	1.587	1.082	0.412	1.107	239.210	468.212	1.479	232	464	1	14	10	3
0.048	0.829	2	2	496	248.000	9.899	248.000	241	255	444.500	464.000	1.000	0.124	0.000	0.124	444.486	464.000	1.000	444	464	1	2	1	1
0.048	0.829	2	2	435	217.500	14.849	217.500	207	228	187.500	469.000	1.000	0.124	0.000	0.124	187.524	469.000	1.000	187	469	1	2	1	1
1.012	7.126	42	37	19721	469.548	234.579	384.500	213	1113	455.952	470.619	1.667	0.509	0.113	0.529	455.957	470.706	1.498	453	469	1	6	4	3
7.929	36.003	329	245	192699	585.711	370.965	465.000	200	1925	226.492	479.505	1.976	1.241	0.430	1.239	226.095	479.517	1.715	221	472	1	15	15	4
0.096	1.270	4	4	1056	264.000	33.066	264.000	230	298	372.500	472.500	1.000	0.176	0.000	0.176	372.489	472.553	1.000	372	472	1	2	2	1
0.072	1.146	3	3	813	271.000	44.238	248.000	243	322	95.667	473.667	1.000	0.163	0.039	0.185	95.701	473.695	1.000	95	473	1	2	2	1
0.578	4.956	24	24	7555	314.792	88.846	303.500	206	511	250.917	475.500	1.375	0.397	0.111	0.392	250.911	475.502	1.311	249	474	1	5	4	2
0.362	3.439	15	15	5160	344.000	100.706	298.000	221	598	333.067	482.067	1.400	0.325	0.068	0.330	333.065	482.081	1.329	332	481	1	3	3	2
0.072	1.146	3	3	669	223.000	19.519	224.000	203	242	168.667	483.333	1.000	0.163	0.039	0.185	168.697	483.335	1.000	168	483	1	2	2	1
1.085	7.603	45	45	15262	339.156	98.921	320.000	203	561	195.356	490.222	1.400	0.510	0.163	0.508	195.364	490.222	1.340	193	488	1	6	6	2
0.193	2.416	8	8	2159	269.875	64.168	251.000	210	402	97.250	491.000	1.125	0.260	0.088	0.288	97.238	491.000	1.110	96	490	1	3	3	2
10.532	41.616	437	315	250242	572.636	328.809	480.000	200	1718	212.535	498.497	1.993	1.338	0.441	1.346	212.307	498.241	1.721	206	490	1	15	17	4
0.410	3.439	17	17	6204	364.941	128.378	331.000	203	696	70.059	494.941	1.471	0.336	0.067	0.335	70.071	494.949	1.364	69	494	1	3	3	2
0.024	0.511	1	1	218	218.000	0.000	218.000	218	218	62.000	500.000	1.000	0.000	0.000	0.000	62.000	500.000	1.000	62	500	1	1	1	1
0.072	1.146	3	3	716	238.667	36.828	221.000	214	281	390.667	500.333	1.000	0.163	0.039	0.185	390.691	500.299	1.000	390	500	1	2	2	1
0.892	6.631	37	34	17680	477.838	260.716	415.000	201	1191	374.514	506.946	1.784	0.477	0.097	0.487	374.500	506.945	1.589	373	505	1	4	5	3
0.024	0.511	1	1	211	211.000	0.000	211.000	211	211	475.000	509.000	1.000	0.000	0.000	0.000	475.000	509.000	1.000	475	509	1	1	1	1
0.169	2.169	7	7	2051	293.000	70.744	265.000	230	411	450.286	510.714	1.286	0.264	0.071	0.275	450.314	510.744	1.248	449	510	1	3	2	2
0.024	0.511	1	1	273	273.000	0.000	273.000	273	273	29.000	511.000	1.000	0.000	0.000	0.000	29.000	511.000	1.000	29	511	1	1	1	1
0.362	3.650	15	15	3695	246.333	35.626	240.000	203	324	397.067	259.400	3.067	0.358	0.123	0.394	397.082	259.396	3.066	396	259	2	3	2	3
0.024	0.511	1	1	203	203.000	0.000	203.000	203	203	293.000	250.000	3.000	0.000	0.000	0.000	293.000	250.000	3.000	293	250	3	1	1	1
1.060	8.006	44	36	14287	324.705	114.031	295.000	200	624	305.250	251.386	6.205	0.567	0.165	0.534	305.205	251.400	6.185	304	250	4	4	4	5
0.072	1.146	3	3	617	205.667	6.658	204.000	200	213	191.667	277.667	4.000	0.163	0.039	0.185	191.676	277.669	4.000	191	277	4	2	2	1
4.652	24.775	193	130	75273	390.016	204.261	335.000	201	1242	310.829	339.741	8.927	1.130	0.410	1.132	311.331	339.528	9.356	305	337	5	11	7	9
0.072	1.217	3	3	617	205.667	8.145	202.000	200	215	84.000	283.333	6.333	0.213	0.059	0.211	84.000	283.327	6.324	84	283	6	1	2	2
0.627	5.749	26	23	6250	240.385	33.860	236.500	200	319	172.846	283.462	7.500	0.457	0.127	0.431	172.844	283.497	7.507	171	282	6	4	4	4
0.024	0.511	1	1	200	200.000	0.000	200.000	200	200	101.000	287.000	6.000	0.000	0.000	0.000	101.000	287.000	6.000	101	287	6	1	1	1
0.048	0.899	2	2	424	212.000	1.414	212.000	211	213	382.000	339.000	6.500	0.195	0.000	0.195	382.000	339.000	6.502	382	339	6	1	1	2
0.048	0.899	2	2	432	216.000	9.899	216.000	209	223	300.000	255.000	8.500	0.195	0.000	0.195	300.000	255.000	8.516	300	255	8	1	1	2
0.145	2.046	6	6	1304	217.333	12.176	213.500	205	235	511.000	269.500	8.667	0.288	0.096	0.288	511.000	269.495	8.683	511	268	8	1	4	2
0.024	0.511	1	1	209	209.000	0.000	209.000	209	209	165.000	280.000	8.000	0.000	0.000	0.000	165.000	280.000	8.000	165	280	8	1	1	1
0.024	0.511	1	1	211	211.000	0.000	211.000	211	211	101.000	287.000	8.000	0.000	0.000	0.000	101.000	287.000	8.000	101	287	8	1	1	1
0.048	0.899	2	2	424	212.000	15.556	212.000	201	223	266.000	288.000	8.500	0.195	0.000	0.195	266.000	288.000	8.526	266	288	8	1	1	2
0.530	4.990	22	22	4909	223.136	18.182	218.500	200	262	98.409	290.909	9.000	0.440	0.169	0.468	98.409	290.923	9.018	98	289	8	2	5	4
0.024	0.511	1	1	205	205.000	0.000	205.000	205	205	24.000	330.000	8.000	0.000	0.000	0.000	24.000	330.000	8.000	24	330	8	1	1	1
0.169	2.099	7	7	1505	215.000	10.755	216.000	200	228	62.429	296.000	10.857	0.251	0.083	0.276	62.436	296.009	10.867	62	295	10	2	3	2
0.337	4.038	14	12	3281	234.357	29.204	222.500	206	299	317.143	334.071	12.357	0.388	0.124	0.343	317.122	334.073	12.370	316	333	11	3	3	4
0.048	0.899	2	2	424	212.000	2.828	212.000	210	214	195.000	272.000	12.500	0.195	0.000	0.195	195.000	272.000	12.495	195	272	12	1	1	2
0.217	2.751	9	9	1966	218.444	15.709	215.000	202	251	199.111	276.000	13.444	0.287	0.054	0.304	199.106	276.003	13.434	198	275	13	3	3	2
0.554	4.990	23	20	6323	274.913	65.768	248.000	204	425	129.826	207.696	16.652	0.437	0.120	0.411	129.831	207.655	16.651	129	206	15	3	4	4
0.096	1.411	4	4	951	237.750	10.720	237.500	228	248	425.000	239.500	15.500	0.231	0.000	0.231	425.000	239.481	15.499	425	239	15	1	2	2
0.362	3.650	15	15	3844	256.267	47.358	234.000	202	341	131.533	213.000	17.400	0.361	0.129	0.322	131.541	212.974	17.396	131	212	16	2	3	4
2.386	14.036	99	68	53031	535.667	324.797	448.000	201	1519	335.586	430.838	19.061	0.789	0.219	0.749	335.574	430.816	19.085	333	429	16	6	5	7
0.747	5.766	31	28	10647	343.452	110.961	323.000	206	674	54.968	253.968	19.129	0.480	0.157	0.489	54.966	253.974	19.122	54	253	17	3	3	5
0.072	1.217	3	3	628	209.333	9.018	210.000	200	218	73.333	276.000	17.333	0.213	0.059	0.211	73.318	276.000	17.347	73	276	17	2	1	2
0.121	1.922	5	5	1427	285.400	55.828	280.000	233	378	511.000	317.000	19.000	0.255	0.159	0.249	511.000	317.013	18.997	511	316	18	1	3	3
0.482	4.549	20	18	6103	305.150	82.349	280.500	218	505	273.700	346.950	19.200	0.416	0.126	0.421	273.680	346.944	19.189	273	346	18	3	3	4
0.048	0.829	2	2	441	220.500	7.778	220.500	215	226	126.500	209.000	19.000	0.124	0.000	0.124	126.488	209.000	19.000	126	209	19	2	1	1
0.048	0.829	2	2	419	209.500	9.192	209.500	203	216	161.000	369.500	19.000	0.124	0.000	0.124	161.000	369.484	19.000	161	369	19	1	2	1
0.048	0.899	2	2	510	255.000	22.627	255.000	239	271	33.000	384.000	19.500	0.195	0.000	0.195	33.000	384.000	19.469	33	384	19	1	1	2
0.121	1.728	5	5	1241	248.200	33.885	254.000	202	294	116.600	386.200	19.400	0.245	0.038	0.259	116.604	386.163	19.392	116	386	19	2	2	2
0.072	1.217	3	3	732	244.000	36.056	254.000	204	274	73.333	405.000	19.333	0.213	0.059	0.211	73.279	405.000	19.347	73	405	19	2	1	2
