Volume (micron^3)	Surface (micron^2)	Nb of obj. voxels	Nb of surf. voxels	IntDen	Mean	StdDev	Median	Min	Max	X	Y	Z	Mean dist. to surf. (micron)	SD dist. to surf. (micron)	Median dist. to surf. (micron)	XM	YM	ZM	BX	BY	BZ	B-width	B-height	B-depth
1.157	7.882	48	42	18697	389.521	158.683	356.000	208	848	61.312	10.958	2.979	0.594	0.192	0.561	61.307	10.937	2.940	60	10	1	4	3	5
15.594	57.944	647	365	354235	547.504	321.153	444.000	200	1894	508.804	17.648	5.481	1.630	0.523	1.589	509.204	16.952	5.421	504	10	1	8	18	13
0.723	5.960	30	27	10386	346.200	115.357	324.000	204	671	24.100	27.867	3.067	0.489	0.175	0.474	24.111	27.839	3.069	23	27	1	3	3	5
531.047	1026.590	22034	7072	13992229	635.029	450.217	492.000	200	3862	503.532	89.681	12.158	8.443	4.561	7.928	503.757	93.591	12.534	489	27	1	23	144	20
0.868	7.053	36	31	12589	349.694	123.372	323.000	206	684	360.056	50.222	3.250	0.540	0.183	0.525	360.064	50.249	3.239	359	49	1	3	4	5
1.181	8.464	49	37	17130	349.592	142.947	287.000	201	681	246.551	88.490	2.796	0.609	0.164	0.608	246.543	88.525	2.732	245	87	1	4	4	5
30728.973	30039.611	1274994	258252	955958400	749.775	556.880	570.000	200	4074	305.884	295.734	10.555	46.046	11.667	44.851	306.137	284.016	9.377	37	84	1	475	428	20
2.073	11.585	86	65	37304	433.767	211.214	379.500	202	1085	334.407	101.942	3.105	0.723	0.158	0.735	334.347	101.953	2.974	332	100	1	5	5	5
0.434	4.355	18	17	5329	296.056	64.652	294.500	204	425	412.833	214.611	2.722	0.415	0.146	0.364	412.772	214.603	2.761	412	214	1	3	3	4
1.012	7.688	42	32	14423	343.405	137.484	300.000	202	678	120.667	242.500	3.190	0.582	0.165	0.526	120.719	242.511	3.257	119	241	1	4	4	5
0.241	3.015	10	10	2580	258.000	42.659	235.500	213	330	23.400	251.700	2.700	0.355	0.166	0.310	23.394	251.731	2.681	23	251	1	2	2	4
1.036	7.564	43	36	17010	395.581	151.093	370.000	201	827	137.116	253.116	2.721	0.574	0.177	0.572	137.084	253.137	2.701	136	252	1	4	4	5
0.193	2.627	8	8	1846	230.750	40.535	210.000	200	295	399.125	283.250	2.375	0.310	0.113	0.289	399.108	283.228	2.369	398	283	1	3	2	3
1.036	7.230	43	37	12201	283.744	60.581	267.000	205	426	489.000	332.047	2.395	0.541	0.129	0.587	489.015	332.058	2.354	488	330	1	3	5	4
0.844	6.719	35	28	10786	308.171	86.686	291.000	201	484	71.600	429.657	2.743	0.517	0.110	0.503	71.601	429.667	2.692	70	428	1	4	4	4
0.771	6.084	32	29	10057	314.281	100.140	288.500	202	586	486.844	66.969	3.562	0.491	0.140	0.443	486.837	66.944	3.574	485	66	2	4	3	4
0.048	0.899	2	2	435	217.500	2.121	217.500	216	219	490.000	327.000	2.500	0.195	0.000	0.195	490.000	327.000	2.503	490	327	2	1	1	2
0.434	4.355	18	16	5050	280.556	69.943	265.000	201	445	503.722	380.056	3.333	0.399	0.119	0.366	503.758	380.073	3.357	503	379	2	3	3	4
0.386	4.162	16	15	3854	240.875	35.836	226.500	204	316	420.125	119.312	4.562	0.394	0.139	0.353	420.141	119.314	4.543	419	118	3	3	3	4
0.096	1.605	4	4	989	247.250	35.584	248.500	204	288	450.750	511.000	4.000	0.260	0.164	0.291	450.760	511.000	3.943	450	511	3	2	1	3
0.675	5.572	28	26	8344	298.000	84.260	278.000	207	532	479.964	73.071	5.607	0.461	0.138	0.414	479.953	73.077	5.642	479	72	4	3	3	4
0.048	0.829	2	2	414	207.000	7.071	207.000	202	212	74.000	425.500	4.000	0.124	0.000	0.124	74.000	425.512	4.000	74	425	4	1	2	1
0.916	7.371	38	31	12151	319.763	94.755	302.000	206	567	509.816	5.789	8.079	0.551	0.172	0.511	509.807	5.814	8.080	508	4	6	4	4	5
0.362	4.038	15	13	3846	256.400	49.650	237.000	200	363	462.867	115.800	7.400	0.387	0.120	0.338	462.848	115.780	7.379	462	115	6	3	3	4
0.169	2.046	7	7	1664	237.714	20.846	231.000	214	267	341.571	86.429	7.571	0.259	0.023	0.261	341.592	86.401	7.572	341	86	7	2	2	2
5.688	24.477	236	133	108178	458.381	230.752	401.000	200	1220	126.123	265.242	10.182	1.025	0.184	1.025	126.248	265.374	10.087	122	262	7	9	7	7
0.458	4.743	19	17	4958	260.947	52.482	247.000	203	388	495.158	173.263	9.526	0.430	0.142	0.366	495.156	173.255	9.517	494	172	8	3	3	4
0.145	1.852	6	6	1370	228.333	22.024	224.000	202	263	373.500	86.333	9.667	0.247	0.046	0.245	373.482	86.304	9.673	373	86	9	2	2	2
0.096	1.270	4	4	836	209.000	4.243	208.500	205	214	341.500	95.500	9.000	0.176	0.000	0.176	341.501	95.508	9.000	341	95	9	2	2	1
1.060	7.935	44	35	13547	307.886	94.168	272.500	205	569	500.818	29.000	12.068	0.562	0.153	0.526	500.807	28.941	12.080	499	27	10	4	5	5
0.241	2.945	10	10	2176	217.600	18.222	212.000	201	250	471.900	367.700	10.700	0.310	0.101	0.307	471.885	367.712	10.694	471	367	10	3	2	3
0.458	5.131	19	19	3961	208.474	6.123	208.000	200	219	414.263	310.842	13.053	0.513	0.238	0.465	414.260	310.845	13.053	414	309	11	2	5	5
0.578	5.061	24	22	7039	293.292	70.788	265.000	208	465	93.167	284.792	13.625	0.445	0.137	0.391	93.188	284.793	13.634	92	284	12	3	3	4
0.217	2.945	9	8	2246	249.556	41.080	239.000	207	337	105.000	348.778	13.000	0.333	0.093	0.349	104.995	348.793	12.990	104	348	12	3	3	3
0.337	3.703	14	13	3246	231.857	27.089	229.000	203	292	74.071	501.929	14.286	0.343	0.068	0.362	74.059	501.935	14.291	73	501	13	3	3	3
0.072	1.217	3	3	617	205.667	3.512	206.000	202	209	408.000	320.333	14.333	0.213	0.059	0.211	408.000	320.334	14.339	408	320	14	1	2	2
0.024	0.511	1	1	211	211.000	0.000	211.000	211	211	463.000	393.000	14.000	0.000	0.000	0.000	463.000	393.000	14.000	463	393	14	1	1	1
0.241	2.627	10	10	2368	236.800	19.832	239.000	203	268	398.500	98.400	16.200	0.320	0.121	0.350	398.506	98.396	16.226	398	98	15	2	2	3
3.254	15.325	135	92	86833	643.207	472.767	442.000	205	2082	409.793	309.481	18.259	0.824	0.147	0.817	409.775	309.443	18.611	407	307	15	6	6	6
164.684	428.435	6833	3928	4007677	586.518	342.396	487.000	200	2317	287.835	417.180	18.559	5.733	2.905	5.425	289.039	415.644	18.851	259	380	15	61	82	6
5.760	24.816	239	159	139111	582.054	309.362	519.000	202	1452	171.431	481.887	18.577	1.020	0.249	1.018	171.328	481.980	18.807	167	477	15	10	10	6
2.940	14.445	122	89	82811	678.779	524.533	464.500	201	2547	154.869	198.918	18.836	0.765	0.127	0.768	154.794	198.871	19.195	152	196	17	7	7	4
0.121	1.728	5	5	1089	217.800	13.755	217.000	203	237	403.800	312.400	17.400	0.245	0.038	0.259	403.814	312.424	17.408	403	312	17	2	2	2
0.554	5.061	23	21	6574	285.826	72.624	265.000	200	442	492.565	434.000	18.826	0.445	0.144	0.431	492.567	434.008	18.893	491	433	17	4	3	4
13.931	48.113	578	394	351366	607.900	361.353	498.000	200	2051	260.083	472.616	18.945	1.442	0.440	1.444	260.348	472.859	19.235	252	464	17	18	17	4
0.434	4.409	18	16	4004	222.444	20.952	217.000	202	270	408.389	299.000	19.167	0.396	0.090	0.413	408.394	299.008	19.190	407	298	18	4	3	3
0.121	1.728	5	5	1083	216.600	9.633	218.000	205	230	400.400	311.200	18.400	0.245	0.038	0.259	400.392	311.194	18.391	400	311	18	2	2	2
8.725	45.203	362	338	130684	361.006	152.196	320.500	200	1204	336.798	349.152	19.483	1.432	0.597	1.414	337.109	349.112	19.577	329	341	18	17	20	3
0.169	2.046	7	7	1534	219.143	14.427	216.000	201	240	435.571	131.429	19.571	0.259	0.023	0.261	435.587	131.419	19.585	435	131	19	2	2	2
0.048	0.899	2	2	422	211.000	2.828	211.000	209	213	457.000	295.000	19.500	0.195	0.000	0.195	457.000	295.000	19.495	457	295	19	1	1	2
0.940	8.131	39	39	9034	231.641	25.397	227.000	201	285	427.231	320.410	19.641	0.645	0.261	0.626	427.260	320.399	19.671	423	318	19	9	5	2
0.265	3.175	11	11	2769	251.727	48.456	227.000	200	322	210.455	320.455	19.909	0.316	0.109	0.388	210.480	320.462	19.928	209	319	19	4	4	2
0.578	5.715	24	24	5596	233.167	22.889	231.000	201	282	416.333	321.833	19.750	0.471	0.190	0.448	416.301	321.823	19.768	415	318	19	4	7	2
0.795	6.209	33	33	9946	301.394	90.233	284.000	200	495	359.545	328.515	19.667	0.454	0.143	0.461	359.553	328.551	19.728	358	326	19	4	6	2
0.241	2.734	10	10	2734	273.400	49.300	256.500	209	351	388.900	337.800	19.800	0.288	0.085	0.309	388.882	337.760	19.830	388	337	19	3	3	2
0.410	3.880	17	17	4179	245.824	34.567	237.000	205	327	84.882	392.706	19.647	0.346	0.087	0.351	84.873	392.743	19.674	84	391	19	3	4	2
0.603	5.822	25	25	6183	247.320	45.062	237.000	202	352	310.840	414.080	19.880	0.484	0.208	0.483	310.758	414.050	19.896	308	412	19	7	5	2
0.988	7.974	41	41	12200	297.561	86.243	273.000	200	519	299.220	479.634	19.732	0.566	0.241	0.537	299.098	479.625	19.770	296	478	19	9	5	2
0.096	1.270	4	4	927	231.750	22.381	237.000	203	250	316.500	203.500	20.000	0.176	0.000	0.176	316.512	203.538	20.000	316	203	20	2	2	1
0.145	1.711	6	6	1321	220.167	17.475	223.000	200	244	476.000	222.500	20.000	0.227	0.079	0.278	476.000	222.532	20.000	475	222	20	3	2	1
0.145	1.905	6	6	1615	269.167	45.762	258.000	217	353	132.167	271.833	20.000	0.227	0.092	0.252	132.137	271.848	20.000	131	271	20	3	3	1
0.651	6.440	27	27	6945	257.222	33.140	250.000	203	312	204.333	332.815	20.000	0.610	0.256	0.636	204.371	332.796	20.000	202	329	20	5	8	1
0.169	2.029	7	7	1671	238.714	32.009	236.000	203	284	389.000	363.286	20.000	0.242	0.089	0.259	389.034	363.310	20.000	388	362	20	3	3	1
0.169	2.029	7	7	1549	221.286	20.710	224.000	201	257	460.286	378.000	20.000	0.242	0.089	0.259	460.274	378.007	20.000	459	377	20	3	3	1
0.193	2.152	8	8	1660	207.500	6.590	207.000	200	219	337.500	383.500	20.000	0.284	0.116	0.284	337.492	383.488	20.000	336	383	20	4	2	1
0.024	0.511	1	1	204	204.000	0.000	204.000	204	204	442.000	429.000	20.000	0.000	0.000	0.000	442.000	429.000	20.000	442	429	20	1	1	1
0.193	2.346	8	8	1837	229.625	26.981	220.500	201	268	395.750	482.875	20.000	0.284	0.130	0.286	395.720	482.850	20.000	394	482	20	4	3	1
0.096	1.270	4	4	853	213.250	10.689	213.000	204	223	67.500	499.500	20.000	0.176	0.000	0.176	67.478	499.501	20.000	67	499	20	2	2	1
0.024	0.511	1	1	203	203.000	0.000	203.000	203	203	228.000	511.000	20.000	0.000	0.000	0.000	228.000	511.000	20.000	228	511	20	1	1	1
