Volume (micron^3)	Surface (micron^2)	Nb of obj. voxels	Nb of surf. voxels	IntDen	Mean	StdDev	Median	Min	Max	X	Y	Z	Mean dist. to surf. (micron)	SD dist. to surf. (micron)	Median dist. to surf. (micron)	XM	YM	ZM	BX	BY	BZ	B-width	B-height	B-depth
11297.089	14809.694	468734	115805	327620928	698.948	561.283	504.000	200	4071	233.622	179.314	11.271	32.334	16.913	30.146	235.886	179.807	9.210	0	0	1	456	291	26
23.716	122.331	984	837	762315	774.710	675.492	505.500	200	3409	487.975	0.971	5.297	3.594	1.884	3.369	490.317	0.684	4.317	457	0	1	55	11	13
0.024	0.511	1	1	232	232.000	0.000	232.000	232	232	281.000	98.000	1.000	0.000	0.000	0.000	281.000	98.000	1.000	281	98	1	1	1	1
0.362	3.563	15	15	4479	298.600	100.001	308.000	200	532	74.267	174.933	1.333	0.331	0.081	0.341	74.279	174.955	1.269	73	174	1	4	3	2
44.443	196.225	1844	1536	928922	503.754	260.036	430.000	200	1817	0.729	412.603	10.626	3.585	1.416	3.697	0.571	413.883	10.057	0	390	1	3	47	24
0.241	2.557	10	10	2279	227.900	22.328	223.000	202	271	354.800	50.600	6.500	0.291	0.054	0.296	354.796	50.614	6.507	354	50	6	3	2	2
11.930	73.871	495	470	175125	353.788	159.628	306.000	200	1215	0.507	354.160	15.820	2.294	1.009	2.252	0.445	354.878	15.627	0	340	7	3	25	20
29.355	142.090	1218	1045	568773	466.973	261.578	376.500	200	2007	510.285	37.838	18.924	3.281	1.499	3.185	510.403	37.082	19.264	509	16	9	3	51	18
3.567	27.046	148	148	41173	278.196	67.273	259.500	200	493	0.311	328.135	16.007	1.181	0.494	1.199	0.277	327.941	16.024	0	321	11	2	15	10
4.820	37.308	200	200	56048	280.240	90.550	247.500	200	751	0.345	302.875	19.320	1.585	0.553	1.587	0.316	302.375	19.181	0	295	14	2	16	13
0.024	0.511	1	1	201	201.000	0.000	201.000	201	201	467.000	0.000	16.000	0.000	0.000	0.000	467.000	0.000	16.000	467	0	16	1	1	1
2.723	21.511	113	113	32276	285.628	62.220	276.000	200	470	0.319	372.708	22.496	1.208	0.570	1.189	0.279	372.640	22.546	0	368	16	2	11	11
0.072	1.217	3	3	623	207.667	0.577	208.000	207	208	374.000	43.667	17.667	0.213	0.059	0.211	374.000	43.666	17.666	374	43	17	1	2	2
7.303	31.513	303	170	102942	339.743	112.563	307.000	200	706	359.967	60.789	20.050	1.192	0.336	1.187	359.848	60.627	19.882	356	57	17	10	9	9
6.869	49.947	285	240	67873	238.151	31.675	230.000	200	340	371.361	134.288	22.386	1.732	0.683	1.685	371.546	134.364	22.422	362	127	17	22	13	10
0.145	1.852	6	6	1238	206.333	6.831	204.500	200	215	203.333	193.500	17.667	0.247	0.046	0.245	203.329	193.503	17.675	203	193	17	2	2	2
0.121	1.728	5	5	1140	228.000	19.105	237.000	201	244	299.200	135.400	18.600	0.245	0.038	0.259	299.176	135.396	18.598	299	135	18	2	2	2
0.121	1.798	5	5	1143	228.600	14.117	223.000	212	247	465.400	0.000	19.800	0.289	0.143	0.327	465.404	0.000	19.814	465	0	19	2	1	3
0.121	1.728	5	5	1035	207.000	7.969	204.000	200	219	0.000	314.800	22.600	0.260	0.067	0.253	0.000	314.810	22.603	0	314	22	1	3	2
0.096	1.411	4	4	857	214.250	9.535	215.000	203	224	0.000	340.500	22.500	0.231	0.000	0.231	0.000	340.518	22.498	0	340	22	1	2	2
0.530	6.277	22	22	5578	253.545	44.438	236.500	203	356	449.864	0.000	25.182	0.611	0.288	0.552	449.999	0.000	25.257	445	0	23	10	1	4
0.964	7.283	40	33	9583	239.575	29.032	230.500	204	317	223.250	190.200	24.375	0.541	0.131	0.542	223.259	190.193	24.353	222	188	23	4	5	4
0.530	5.361	22	20	4703	213.773	12.000	210.500	201	237	171.818	189.636	24.364	0.425	0.138	0.418	171.822	189.632	24.363	170	188	23	4	4	4
2.000	12.223	83	64	21019	253.241	39.769	243.000	200	356	123.012	211.217	24.241	0.695	0.155	0.706	122.990	211.139	24.202	119	209	23	8	6	4
0.458	4.251	19	19	4077	214.579	11.384	210.000	200	234	111.474	215.579	23.737	0.367	0.103	0.390	111.480	215.583	23.741	110	214	23	4	4	2
0.024	0.511	1	1	200	200.000	0.000	200.000	200	200	307.000	169.000	24.000	0.000	0.000	0.000	307.000	169.000	24.000	307	169	24	1	1	1
0.024	0.511	1	1	205	205.000	0.000	205.000	205	205	169.000	194.000	24.000	0.000	0.000	0.000	169.000	194.000	24.000	169	194	24	1	1	1
0.048	0.829	2	2	413	206.500	4.950	206.500	203	210	49.000	222.500	24.000	0.124	0.000	0.124	49.000	222.508	24.000	49	222	24	1	2	1
0.096	1.411	4	4	828	207.000	2.944	206.500	204	211	223.000	225.500	24.500	0.231	0.000	0.231	223.000	225.504	24.501	223	225	24	1	2	2
1.326	11.481	55	52	11847	215.400	10.797	213.000	200	244	118.145	254.400	24.800	0.729	0.294	0.708	118.159	254.415	24.787	115	250	24	7	10	3
0.313	3.757	13	13	2820	216.923	11.687	216.000	201	241	428.385	21.692	25.769	0.397	0.180	0.364	428.362	21.702	25.775	427	20	25	5	4	2
0.458	4.392	19	19	4870	256.316	52.101	243.000	201	385	510.579	144.632	25.632	0.420	0.163	0.396	510.618	144.561	25.657	510	142	25	2	6	2
0.362	3.757	15	15	4317	287.800	60.977	292.000	201	404	510.600	154.200	25.667	0.377	0.129	0.358	510.629	154.139	25.729	510	152	25	2	5	2
0.434	4.198	18	18	4902	272.333	56.846	262.500	205	375	510.556	164.500	25.667	0.406	0.156	0.410	510.576	164.533	25.734	510	162	25	2	6	2
0.578	5.010	24	24	5108	212.833	11.586	209.000	200	238	230.542	205.292	25.708	0.405	0.120	0.413	230.541	205.282	25.719	229	203	25	4	5	2
1.350	11.607	56	56	11585	206.875	5.622	205.500	200	221	221.625	210.429	25.643	0.840	0.403	0.783	221.632	210.406	25.649	218	205	25	9	12	2
0.096	1.411	4	4	872	218.000	2.449	218.000	215	221	0.000	381.500	25.500	0.231	0.000	0.231	0.000	381.503	25.500	0	381	25	1	2	2
0.024	0.511	1	1	201	201.000	0.000	201.000	201	201	458.000	0.000	26.000	0.000	0.000	0.000	458.000	0.000	26.000	458	0	26	1	1	1
0.024	0.511	1	1	200	200.000	0.000	200.000	200	200	485.000	0.000	26.000	0.000	0.000	0.000	485.000	0.000	26.000	485	0	26	1	1	1
0.024	0.511	1	1	205	205.000	0.000	205.000	205	205	511.000	11.000	26.000	0.000	0.000	0.000	511.000	11.000	26.000	511	11	26	1	1	1
0.048	0.829	2	2	404	202.000	1.414	202.000	201	203	300.500	169.000	26.000	0.124	0.000	0.124	300.502	169.000	26.000	300	169	26	2	1	1
