Volume (micron^3)	Surface (micron^2)	Nb of obj. voxels	Nb of surf. voxels	IntDen	Mean	StdDev	Median	Min	Max	X	Y	Z	Mean dist. to surf. (micron)	SD dist. to surf. (micron)	Median dist. to surf. (micron)	XM	YM	ZM	BX	BY	BZ	B-width	B-height	B-depth
35.332	217.823	1466	1375	546575	372.834	196.864	315.000	200	2191	510.460	183.952	7.358	5.559	2.355	5.614	510.509	183.326	6.614	509	145	1	3	80	22
5917.370	11373.740	245521	75994	105076992	427.976	261.590	345.000	200	3502	319.645	303.151	11.144	28.302	12.471	26.809	316.344	302.890	10.034	206	204	1	306	308	25
0.603	5.061	25	23	7915	316.600	84.870	298.000	211	521	246.920	351.800	2.120	0.448	0.139	0.455	246.899	351.772	2.053	246	351	1	3	3	4
0.217	2.627	9	9	2101	233.444	24.265	232.000	207	281	240.556	369.333	1.889	0.312	0.127	0.373	240.586	369.317	1.885	240	369	1	2	2	3
117.638	480.046	4881	2834	1561685	319.952	138.534	278.000	200	1461	489.359	497.635	13.020	4.404	1.699	4.361	490.717	498.995	12.155	462	468	1	50	44	25
102.599	338.584	4257	2089	1469406	345.174	161.531	293.000	200	1412	299.870	499.645	11.871	3.897	1.712	3.768	300.279	501.009	10.934	275	485	1	46	27	25
16.365	75.188	679	417	208529	307.112	111.267	271.000	200	900	341.554	507.231	11.816	2.161	0.981	2.034	341.285	507.199	11.474	332	502	2	20	10	21
6.242	33.439	259	190	72746	280.873	72.064	263.000	200	616	433.753	245.085	5.471	1.272	0.524	1.230	433.915	245.155	5.450	426	241	3	19	9	5
0.603	5.238	25	23	6241	249.640	40.539	240.000	201	346	307.160	270.400	4.080	0.427	0.089	0.441	307.177	270.406	4.075	306	269	3	3	4	3
0.554	5.502	23	20	5469	237.783	31.480	223.000	201	299	276.957	496.304	4.304	0.459	0.137	0.430	276.939	496.267	4.311	276	495	3	3	4	4
0.289	3.456	12	12	3177	264.750	59.268	237.000	205	383	474.667	510.750	4.333	0.356	0.123	0.345	474.683	510.799	4.306	473	510	3	4	2	3
0.217	2.751	9	9	1974	219.333	15.387	212.000	201	247	403.667	242.667	4.778	0.301	0.109	0.325	403.664	242.687	4.774	403	242	4	3	2	3
8.773	46.181	364	267	110238	302.852	92.982	272.000	200	668	509.387	488.162	12.604	1.635	0.711	1.575	509.491	487.993	12.341	505	481	4	7	16	15
0.434	3.897	18	17	5184	288.000	61.997	282.000	203	412	287.833	492.333	5.111	0.381	0.096	0.393	287.785	492.357	5.057	287	491	4	3	3	3
0.121	1.728	5	5	1066	213.200	11.100	210.000	202	230	358.200	250.600	5.600	0.245	0.038	0.259	358.204	250.617	5.610	358	250	5	2	2	2
2.338	13.384	97	70	25820	266.186	53.446	253.000	200	412	508.845	476.773	8.124	0.778	0.224	0.762	508.797	476.783	8.137	507	475	5	5	5	7
0.096	1.411	4	4	853	213.250	9.674	214.000	203	222	511.000	480.500	5.500	0.231	0.000	0.231	511.000	480.502	5.481	511	480	5	1	2	2
0.024	0.511	1	1	205	205.000	0.000	205.000	205	205	236.000	488.000	5.000	0.000	0.000	0.000	236.000	488.000	5.000	236	488	5	1	1	1
0.024	0.511	1	1	214	214.000	0.000	214.000	214	214	294.000	500.000	5.000	0.000	0.000	0.000	294.000	500.000	5.000	294	500	5	1	1	1
1.494	12.148	62	62	34139	550.629	374.091	403.500	200	1662	155.887	510.677	8.887	0.739	0.322	0.748	155.770	510.757	8.820	153	510	5	7	2	8
0.362	3.650	15	15	3311	220.733	20.356	213.000	201	259	268.933	448.533	8.600	0.364	0.134	0.335	268.933	448.527	8.587	268	448	7	3	2	4
0.819	6.207	34	30	8615	253.382	38.976	245.000	208	352	509.353	256.147	9.324	0.499	0.134	0.483	509.304	256.172	9.310	508	255	8	4	3	4
0.024	0.511	1	1	200	200.000	0.000	200.000	200	200	488.000	287.000	8.000	0.000	0.000	0.000	488.000	287.000	8.000	488	287	8	1	1	1
0.410	5.078	17	17	3918	230.471	22.760	225.000	201	281	224.412	511.000	10.882	0.590	0.280	0.560	224.454	511.000	10.895	223	511	8	4	1	6
0.747	6.331	31	28	7236	233.419	26.844	227.000	200	306	440.484	248.226	10.871	0.475	0.126	0.473	440.446	248.208	10.869	439	247	9	4	4	4
9.592	48.935	398	250	104525	262.626	60.657	242.500	200	497	428.231	244.540	14.518	1.396	0.465	1.391	428.295	244.516	14.530	422	239	9	15	12	12
3.471	19.734	144	105	41458	287.903	78.271	264.000	200	527	509.583	391.569	12.028	0.908	0.278	0.869	509.670	391.311	11.963	507	386	9	5	13	6
0.169	2.240	7	7	1446	206.571	8.162	202.000	200	223	224.429	477.571	10.143	0.281	0.125	0.208	224.417	477.568	10.145	224	477	9	2	2	3
0.386	4.549	16	16	3767	235.438	27.534	224.000	201	291	265.875	510.812	10.250	0.430	0.173	0.449	265.875	510.826	10.247	264	510	9	5	2	4
0.048	0.829	2	2	439	219.500	2.121	219.500	218	221	163.500	511.000	9.000	0.124	0.000	0.124	163.503	511.000	9.000	163	511	9	2	1	1
0.048	0.899	2	2	414	207.000	5.657	207.000	203	211	251.000	511.000	9.500	0.195	0.000	0.195	251.000	511.000	9.490	251	511	9	1	1	2
0.072	1.217	3	3	615	205.000	4.359	207.000	200	208	511.000	185.667	10.667	0.213	0.059	0.211	511.000	185.662	10.675	511	185	10	1	2	2
0.651	6.331	27	26	6392	236.741	26.737	227.000	201	292	497.407	465.778	11.667	0.483	0.171	0.470	497.382	465.820	11.628	496	464	10	4	4	4
0.024	0.511	1	1	210	210.000	0.000	210.000	210	210	324.000	494.000	10.000	0.000	0.000	0.000	324.000	494.000	10.000	324	494	10	1	1	1
0.747	7.511	31	31	7749	249.968	41.889	234.000	202	337	510.774	303.290	13.484	0.575	0.246	0.602	510.802	303.256	13.464	510	301	11	2	6	6
86.499	288.188	3589	1885	1263983	352.182	128.979	322.000	200	1036	506.284	345.987	20.241	5.064	2.329	5.603	506.392	346.688	20.373	497	312	11	15	70	15
0.265	3.386	11	11	2276	206.909	4.657	207.000	200	214	259.909	431.727	12.455	0.375	0.169	0.339	259.922	431.720	12.464	259	431	11	3	3	4
28.777	146.106	1194	834	349433	292.657	81.380	270.000	200	670	505.629	415.356	20.980	2.699	1.113	2.497	505.738	415.708	21.003	496	397	12	16	39	14
0.024	0.511	1	1	200	200.000	0.000	200.000	200	200	224.000	434.000	12.000	0.000	0.000	0.000	224.000	434.000	12.000	224	434	12	1	1	1
0.072	1.146	3	3	643	214.333	8.505	211.000	208	224	274.333	448.667	12.000	0.163	0.039	0.185	274.323	448.672	12.000	274	448	12	2	2	1
3.278	19.307	136	104	41379	304.257	82.711	282.500	200	532	510.000	459.816	15.618	0.936	0.320	0.953	510.078	459.779	15.617	508	456	12	4	10	8
0.072	1.217	3	3	604	201.333	1.528	201.000	200	203	256.667	475.000	12.333	0.213	0.059	0.211	256.669	475.000	12.333	256	475	12	2	1	2
9.134	47.711	379	296	103927	274.214	54.360	268.000	200	500	362.554	509.918	19.591	1.501	0.547	1.488	362.802	509.994	19.461	354	507	12	17	5	14
0.145	2.046	6	6	1235	205.833	4.750	204.500	200	214	218.000	336.500	13.333	0.258	0.061	0.288	218.000	336.500	13.328	217	336	13	3	2	2
0.434	4.232	18	18	4152	230.667	25.541	225.500	200	276	208.556	353.000	14.333	0.403	0.154	0.376	208.552	352.986	14.341	208	352	13	2	3	4
0.819	7.053	34	27	9439	277.618	74.344	242.500	200	460	499.735	383.324	15.147	0.544	0.170	0.502	499.737	383.335	15.101	498	382	13	4	4	5
0.024	0.511	1	1	200	200.000	0.000	200.000	200	200	243.000	393.000	13.000	0.000	0.000	0.000	243.000	393.000	13.000	243	393	13	1	1	1
0.241	2.945	10	10	2208	220.800	19.407	216.500	201	255	505.700	461.900	13.600	0.317	0.102	0.308	505.704	461.899	13.591	505	461	13	2	3	3
0.048	0.899	2	2	401	200.500	0.707	200.500	200	201	170.000	511.000	13.500	0.195	0.000	0.195	170.000	511.000	13.499	170	511	13	1	1	2
9.038	45.323	375	240	112459	299.891	84.664	280.000	200	641	491.637	395.280	20.720	1.489	0.533	1.572	491.594	395.188	20.693	486	389	14	14	13	12
0.121	1.728	5	5	1161	232.200	18.833	236.000	201	251	497.200	460.600	14.400	0.245	0.038	0.259	497.173	460.593	14.403	497	460	14	2	2	2
1.277	8.517	53	42	14925	281.604	68.699	259.000	201	464	229.491	479.736	15.736	0.608	0.161	0.598	229.458	479.733	15.770	228	478	14	4	4	5
0.024	0.511	1	1	207	207.000	0.000	207.000	207	207	342.000	228.000	15.000	0.000	0.000	0.000	342.000	228.000	15.000	342	228	15	1	1	1
0.096	1.534	4	4	807	201.750	2.062	201.500	200	204	295.750	250.750	15.750	0.219	0.071	0.219	295.747	250.752	15.752	295	250	15	2	2	2
0.289	2.998	12	12	2732	227.667	18.850	227.500	203	256	502.750	307.500	15.583	0.315	0.080	0.298	502.727	307.518	15.574	501	307	15	4	2	2
0.024	0.511	1	1	202	202.000	0.000	202.000	202	202	503.000	436.000	15.000	0.000	0.000	0.000	503.000	436.000	15.000	503	436	15	1	1	1
0.048	0.899	2	2	407	203.500	4.950	203.500	200	207	249.000	443.000	15.500	0.195	0.000	0.195	249.000	443.000	15.491	249	443	15	1	1	2
0.530	4.867	22	20	5266	239.364	29.719	236.000	201	308	259.182	493.091	16.955	0.422	0.126	0.447	259.179	493.110	16.955	258	492	15	3	3	4
1.542	14.933	64	64	20525	320.703	109.264	292.500	201	583	217.500	510.875	19.641	0.931	0.442	0.899	217.573	510.910	19.766	214	510	15	8	2	10
0.024	0.511	1	1	200	200.000	0.000	200.000	200	200	474.000	225.000	16.000	0.000	0.000	0.000	474.000	225.000	16.000	474	225	16	1	1	1
0.048	1.023	2	2	410	205.000	1.414	205.000	204	206	317.000	279.500	16.500	0.231	0.000	0.231	317.000	279.502	16.498	317	279	16	1	2	2
0.362	4.232	15	15	3307	220.467	17.225	220.000	203	257	260.933	421.600	17.067	0.389	0.131	0.428	260.934	421.605	17.053	260	420	16	3	4	3
5.423	35.093	225	177	59729	265.462	51.732	254.000	200	475	285.289	469.693	21.382	1.363	0.509	1.425	285.399	469.761	21.491	280	462	16	9	16	10
0.217	2.751	9	9	1934	214.889	12.221	212.000	203	235	445.889	507.222	16.556	0.324	0.108	0.314	445.889	507.212	16.551	445	507	16	3	2	3
1.542	11.425	64	58	25616	400.250	178.177	349.000	200	886	510.391	137.547	20.266	0.724	0.284	0.694	510.488	137.487	20.180	509	135	17	3	6	7
0.145	2.116	6	6	1321	220.167	13.848	215.500	207	242	283.833	328.667	18.167	0.283	0.130	0.285	283.843	328.678	18.145	283	328	17	2	2	3
5.230	33.595	217	177	53620	247.097	36.646	239.000	200	383	271.212	479.899	21.272	1.333	0.518	1.386	271.155	480.027	21.251	267	475	17	12	11	9
0.024	0.511	1	1	202	202.000	0.000	202.000	202	202	238.000	486.000	17.000	0.000	0.000	0.000	238.000	486.000	17.000	238	486	17	1	1	1
0.217	2.557	9	9	1888	209.778	7.276	207.000	203	222	451.222	507.333	17.444	0.294	0.060	0.302	451.215	507.324	17.446	450	507	17	3	2	2
0.217	2.892	9	9	2034	226.000	18.688	225.000	201	260	230.889	511.000	18.667	0.379	0.168	0.341	230.886	511.000	18.627	230	511	17	3	1	4
0.048	0.899	2	2	448	224.000	11.314	224.000	216	232	511.000	152.000	19.500	0.195	0.000	0.195	511.000	152.000	19.482	511	152	19	1	1	2
0.627	5.502	26	23	6446	247.923	32.856	244.000	201	334	399.731	245.000	20.538	0.469	0.140	0.440	399.728	244.991	20.555	398	244	19	4	3	4
5.736	28.342	238	175	72762	305.723	80.161	288.500	200	534	497.655	356.676	23.143	1.269	0.542	1.169	497.648	356.734	23.235	495	347	19	6	17	7
0.072	1.217	3	3	647	215.667	14.295	219.000	200	228	269.333	422.000	19.667	0.213	0.059	0.211	269.309	422.000	19.648	269	422	19	2	1	2
0.072	1.217	3	3	614	204.667	0.577	205.000	204	205	238.000	487.333	19.333	0.213	0.059	0.211	238.000	487.332	19.334	238	487	19	1	2	2
0.121	1.728	5	5	1026	205.200	2.588	206.000	202	208	305.400	226.200	20.600	0.245	0.038	0.259	305.401	226.197	20.601	305	226	20	2	2	2
0.386	3.456	16	16	3619	226.188	21.504	220.000	200	273	369.125	255.500	21.125	0.364	0.120	0.394	369.127	255.509	21.132	368	255	20	3	2	3
0.747	6.682	31	27	8733	281.710	58.358	270.000	200	430	377.742	254.935	22.452	0.558	0.235	0.615	377.717	254.939	22.405	377	254	20	3	3	6
1.494	10.703	62	54	13834	223.129	14.123	223.000	200	257	257.645	272.758	23.048	0.662	0.217	0.673	257.673	272.760	23.047	254	271	20	7	4	6
0.096	1.411	4	4	874	218.500	16.093	219.000	200	236	511.000	295.500	20.500	0.231	0.000	0.231	511.000	295.530	20.511	511	295	20	1	2	2
1.687	11.374	70	60	15739	224.843	16.441	223.000	200	261	508.643	301.643	22.157	0.716	0.260	0.679	508.670	301.642	22.135	506	300	20	6	4	6
0.024	0.511	1	1	203	203.000	0.000	203.000	203	203	490.000	388.000	20.000	0.000	0.000	0.000	490.000	388.000	20.000	490	388	20	1	1	1
6.965	29.154	289	184	119583	413.782	208.057	360.000	200	1328	489.581	408.152	23.360	1.092	0.245	1.102	489.825	408.639	23.575	485	403	20	11	11	6
0.096	1.411	4	4	838	209.500	6.455	211.000	201	215	272.500	433.000	20.500	0.231	0.000	0.231	272.512	433.000	20.495	272	433	20	2	1	2
1.759	12.485	73	58	17478	239.425	31.095	230.000	200	310	469.836	502.904	22.589	0.710	0.231	0.688	469.824	502.894	22.576	468	500	20	5	7	6
0.121	1.728	5	5	1053	210.600	4.336	211.000	204	216	511.000	184.200	21.600	0.260	0.067	0.253	511.000	184.192	21.600	511	183	21	1	3	2
0.386	3.774	16	15	3443	215.188	10.790	212.500	200	238	265.000	357.312	22.062	0.379	0.103	0.404	264.999	357.319	22.051	264	356	21	3	3	3
1.783	10.880	74	56	22389	302.554	79.743	287.500	201	507	222.919	477.257	23.216	0.687	0.154	0.679	222.870	477.287	23.207	221	475	21	5	5	5
0.530	6.224	22	22	5252	238.727	23.285	239.500	200	279	166.045	511.000	23.455	0.605	0.282	0.585	166.085	511.000	23.493	163	511	21	8	1	5
0.121	1.798	5	5	1147	229.400	14.117	233.000	208	246	444.600	511.000	21.800	0.289	0.143	0.327	444.592	511.000	21.782	444	511	21	2	1	3
0.892	6.842	37	34	8969	242.405	31.640	236.000	200	309	495.324	279.000	23.784	0.524	0.154	0.508	495.346	278.996	23.847	494	277	22	4	4	4
0.024	0.511	1	1	219	219.000	0.000	219.000	219	219	511.000	311.000	22.000	0.000	0.000	0.000	511.000	311.000	22.000	511	311	22	1	1	1
0.916	7.460	38	35	8726	229.632	23.026	226.500	200	283	499.816	390.237	24.158	0.522	0.170	0.493	499.825	390.231	24.204	498	387	22	4	6	4
0.048	0.899	2	2	412	206.000	1.414	206.000	205	207	270.000	422.000	22.500	0.195	0.000	0.195	270.000	422.000	22.498	270	422	22	1	1	2
0.482	4.603	20	20	5273	263.650	43.815	258.500	202	356	510.600	190.550	24.250	0.410	0.142	0.406	510.625	190.574	24.303	510	188	23	2	5	3
1.036	8.730	43	40	10164	236.372	29.311	226.000	201	312	221.163	428.000	24.372	0.604	0.245	0.583	221.181	427.995	24.400	216	426	23	9	5	3
0.024	0.511	1	1	201	201.000	0.000	201.000	201	201	487.000	467.000	23.000	0.000	0.000	0.000	487.000	467.000	23.000	487	467	23	1	1	1
1.060	7.460	44	39	11245	255.568	38.908	244.500	202	338	263.909	492.295	24.182	0.521	0.112	0.528	263.949	492.300	24.230	261	491	23	6	4	3
0.193	2.557	8	8	2074	259.250	43.001	254.500	207	330	511.000	149.000	24.625	0.337	0.129	0.318	511.000	149.031	24.649	511	147	24	1	5	2
0.121	1.852	5	5	1089	217.800	21.288	215.000	201	253	510.800	232.000	24.800	0.231	0.085	0.265	510.815	232.004	24.815	510	231	24	2	3	2
0.337	3.880	14	14	3136	224.000	18.000	221.000	201	253	500.286	304.500	24.786	0.366	0.135	0.364	500.277	304.523	24.802	498	303	24	5	4	2
0.145	1.975	6	6	1652	275.333	55.374	291.500	208	342	276.667	409.833	24.833	0.241	0.083	0.253	276.647	409.763	24.874	276	409	24	2	3	2
0.169	2.293	7	7	1478	211.143	9.063	214.000	200	225	495.857	447.857	24.857	0.276	0.112	0.292	495.850	447.857	24.855	495	447	24	3	3	2
0.337	4.004	14	14	3003	214.500	10.918	211.000	200	242	230.571	478.357	24.857	0.423	0.200	0.415	230.553	478.364	24.861	229	476	24	5	5	2
0.024	0.511	1	1	208	208.000	0.000	208.000	208	208	504.000	400.000	25.000	0.000	0.000	0.000	504.000	400.000	25.000	504	400	25	1	1	1
0.024	0.511	1	1	203	203.000	0.000	203.000	203	203	210.000	511.000	25.000	0.000	0.000	0.000	210.000	511.000	25.000	210	511	25	1	1	1
