Volume (micron^3)	Surface (micron^2)	Nb of obj. voxels	Nb of surf. voxels	IntDen	Mean	StdDev	Median	Min	Max	X	Y	Z	Mean dist. to surf. (micron)	SD dist. to surf. (micron)	Median dist. to surf. (micron)	XM	YM	ZM	BX	BY	BZ	B-width	B-height	B-depth
40923.328	25763.039	1697974	246296	2543987712.000	1498.249	1036.927	1218.000	200	4093	205.507	235.849	12.221	45.967	15.439	45.021	208.186	244.923	10.949	0	0	1	375	512	23
0.145	1.711	6	6	1466.000	244.333	35.517	229.500	212	295	272.500	81.000	1.000	0.227	0.079	0.278	272.508	80.980	1.000	272	80	1	2	3	1
0.169	2.029	7	7	1615.000	230.714	28.070	218.000	206	273	268.000	83.714	1.000	0.242	0.089	0.259	267.989	83.692	1.000	267	83	1	3	3	1
0.169	2.029	7	7	1748.000	249.714	25.617	245.000	223	292	309.286	141.000	1.000	0.242	0.089	0.259	309.294	140.990	1.000	308	140	1	3	3	1
1.952	11.515	81	60	30524.000	376.840	159.870	339.000	200	803	347.765	321.259	2.580	0.690	0.152	0.693	347.828	321.247	2.507	345	319	1	6	5	5
0.048	0.829	2	2	454.000	227.000	0.000	227.000	227	227	254.500	330.000	1.000	0.124	0.000	0.124	254.500	330.000	1.000	254	330	1	2	1	1
0.747	5.785	31	30	11276.000	363.742	137.724	343.000	200	677	341.355	391.419	1.484	0.431	0.110	0.441	341.356	391.439	1.389	339	390	1	5	4	3
0.386	3.686	16	16	4649.000	290.562	79.724	262.000	202	452	111.625	431.125	1.312	0.341	0.088	0.350	111.609	431.104	1.266	110	430	1	4	3	2
0.699	5.836	29	25	9054.000	312.207	76.590	303.000	228	474	212.448	441.000	2.448	0.506	0.141	0.576	212.457	441.032	2.400	211	440	1	4	3	4
0.241	2.804	10	10	2501.000	250.100	50.287	253.500	201	364	218.900	441.100	1.300	0.295	0.078	0.298	218.906	441.094	1.264	218	440	1	3	3	2
0.482	4.569	20	20	5077.000	253.850	48.684	225.000	202	335	221.150	446.650	1.250	0.405	0.154	0.383	221.191	446.646	1.213	220	444	1	3	6	2
0.024	0.511	1	1	216.000	216.000	0.000	216.000	216	216	95.000	500.000	1.000	0.000	0.000	0.000	95.000	500.000	1.000	95	500	1	1	1	1
0.048	0.829	2	2	460.000	230.000	1.414	230.000	229	231	95.500	511.000	1.000	0.124	0.000	0.124	95.498	511.000	1.000	95	511	1	2	1	1
0.096	1.270	4	4	824.000	206.000	4.690	205.500	201	212	350.500	332.500	5.000	0.176	0.000	0.176	350.508	332.495	5.000	350	332	5	2	2	1
0.627	6.260	26	24	5878.000	226.077	17.242	224.500	203	262	299.423	56.962	9.692	0.496	0.176	0.498	299.428	56.945	9.703	297	55	8	5	5	4
0.048	0.829	2	2	469.000	234.500	0.707	234.500	234	235	339.000	122.500	9.000	0.124	0.000	0.124	339.000	122.499	9.000	339	122	9	1	2	1
0.771	6.207	32	29	9110.000	284.688	58.709	279.000	201	426	292.688	54.000	11.625	0.498	0.149	0.485	292.711	53.971	11.632	291	53	10	4	3	4
0.217	2.433	9	9	2398.000	266.444	32.658	270.000	205	314	341.556	366.556	10.667	0.297	0.104	0.303	341.573	366.553	10.648	341	366	10	2	2	3
0.072	1.146	3	3	637.000	212.333	7.234	216.000	204	217	197.667	79.667	13.000	0.163	0.039	0.185	197.680	79.659	13.000	197	79	13	2	2	1
0.410	4.038	17	17	4332.000	254.824	45.255	238.000	207	337	340.941	117.471	15.412	0.392	0.148	0.348	340.920	117.482	15.407	340	117	14	3	2	4
0.362	3.650	15	15	3557.000	237.133	24.459	236.000	201	288	314.400	184.400	15.067	0.363	0.120	0.406	314.397	184.387	15.071	313	184	14	4	2	3
20.848	56.180	865	422	1134748.000	1311.847	1117.290	862.000	201	4041	109.594	404.260	20.836	1.620	0.358	1.603	109.593	404.184	21.663	103	396	17	14	18	7
15.666	48.718	650	337	788757.000	1213.472	1056.625	780.000	200	4046	13.206	419.103	20.962	1.460	0.292	1.458	13.339	418.969	21.652	5	413	17	17	14	7
0.434	4.884	18	18	6067.000	337.056	99.188	305.500	203	519	0.722	510.722	19.500	0.479	0.244	0.379	0.656	510.767	19.475	0	510	17	3	2	6
1.518	11.251	63	51	15923.000	252.746	48.711	236.000	200	384	5.905	51.048	20.587	0.695	0.235	0.640	5.873	51.117	20.555	4	48	18	4	7	6
4.868	24.654	202	141	141155.000	698.787	545.773	496.500	200	2628	312.243	70.901	21.342	1.040	0.306	1.026	311.955	70.212	21.675	309	67	18	8	11	6
0.048	0.829	2	2	420.000	210.000	2.828	210.000	208	212	337.000	100.500	18.000	0.124	0.000	0.124	337.000	100.505	18.000	337	100	18	1	2	1
13.256	44.767	550	317	598375.000	1087.955	906.553	759.000	200	3752	110.727	171.300	21.333	1.402	0.366	1.409	110.685	171.583	21.936	103	164	18	15	14	6
8.243	32.048	342	208	360772.000	1054.889	912.259	681.500	201	3877	36.860	179.459	21.333	1.174	0.289	1.154	37.046	179.123	21.835	32	175	18	11	13	6
4.145	18.023	172	112	150386.000	874.337	705.937	607.500	210	3118	167.936	205.407	20.983	0.908	0.166	0.887	167.884	205.471	21.477	165	203	18	7	6	6
7.688	29.084	319	189	338893.000	1062.360	908.047	700.000	201	3798	228.335	295.928	21.263	1.113	0.191	1.108	228.285	295.995	21.850	224	291	18	10	11	6
6.074	23.985	252	150	259380.000	1029.286	879.588	706.500	200	3652	112.627	420.968	21.044	1.027	0.155	1.017	112.621	420.960	21.624	109	417	18	8	9	6
0.362	4.162	15	13	3414.000	227.600	27.268	221.000	201	287	301.133	432.067	19.400	0.391	0.120	0.353	301.131	432.074	19.405	300	431	18	3	3	4
0.169	2.046	7	7	1640.000	234.286	24.019	238.000	201	266	267.429	469.571	18.571	0.259	0.023	0.261	267.421	469.613	18.575	267	469	18	2	2	2
4.459	19.489	185	122	173426.000	937.438	789.328	657.000	200	3515	100.778	124.054	21.470	0.901	0.136	0.892	100.791	124.098	21.959	97	121	19	8	8	5
4.121	21.888	171	129	110516.000	646.292	520.422	456.000	201	2562	74.023	156.292	21.848	0.962	0.297	0.968	74.603	155.939	22.074	69	152	19	10	11	5
2.964	15.131	123	86	97732.000	794.569	620.559	548.000	201	2880	154.195	163.577	21.423	0.796	0.135	0.762	154.170	163.641	21.806	151	161	19	7	6	5
12.219	47.554	507	326	372781.000	735.268	519.473	543.000	202	2534	145.684	192.730	21.611	1.491	0.519	1.500	145.286	192.581	21.978	136	187	19	20	12	5
11.617	48.335	482	346	312271.000	647.865	461.836	494.000	202	2708	135.546	208.336	21.909	1.557	0.646	1.476	135.380	208.705	22.191	130	197	19	17	22	5
1.976	11.939	82	63	54137.000	660.207	475.921	503.000	202	2076	84.683	229.524	21.695	0.678	0.145	0.657	84.665	229.528	21.991	82	227	19	6	6	5
6.098	25.734	253	164	216100.000	854.150	689.403	608.000	201	3223	237.976	240.842	21.636	1.035	0.231	1.031	238.092	240.873	22.044	232	236	19	11	11	5
7.423	37.288	308	227	225002.000	730.526	662.394	453.000	203	3371	218.075	241.519	21.860	1.448	0.732	1.318	219.435	241.637	22.110	203	238	19	25	9	5
4.820	20.812	200	130	188087.000	940.435	789.738	651.000	203	3562	156.230	266.895	21.485	0.933	0.153	0.934	156.157	266.945	21.963	152	264	19	9	8	5
1.904	11.234	79	62	53451.000	676.595	475.196	482.000	201	2030	355.595	435.342	21.722	0.665	0.128	0.659	355.586	435.365	22.039	353	433	19	6	6	5
2.434	13.015	101	74	76815.000	760.545	557.716	566.000	201	2609	270.228	501.911	21.673	0.725	0.131	0.724	270.233	501.924	22.041	267	500	19	7	5	5
0.337	4.038	14	14	4651.000	332.214	130.573	292.500	206	624	73.214	0.214	22.071	0.409	0.179	0.420	73.201	0.160	22.218	72	0	20	4	2	4
1.253	8.553	52	43	29530.000	567.885	348.199	457.000	203	1623	485.096	4.288	21.962	0.570	0.122	0.550	485.060	4.311	22.225	483	2	20	5	5	4
2.025	14.004	84	73	43159.000	513.798	340.305	389.500	200	1661	340.988	33.940	22.190	0.773	0.267	0.796	341.120	33.485	22.343	338	30	20	6	10	4
1.012	7.213	42	36	21091.000	502.167	284.189	413.500	201	1294	494.595	38.048	22.095	0.511	0.099	0.510	494.582	38.059	22.312	493	36	20	4	5	4
1.012	7.213	42	37	18779.000	447.119	236.990	368.000	200	1152	309.833	81.667	22.024	0.523	0.126	0.506	309.856	81.708	22.227	308	80	20	5	4	4
1.832	10.458	76	59	50388.000	663.000	463.066	495.500	213	2173	339.750	82.961	21.842	0.647	0.105	0.632	339.731	82.992	22.166	337	81	20	6	5	4
7.279	32.649	302	213	206691.000	684.407	463.735	518.000	200	2151	384.649	126.278	21.834	1.209	0.438	1.168	384.736	126.376	22.133	381	117	20	9	18	4
3.615	18.097	150	114	86758.000	578.387	359.544	466.500	200	1808	153.413	129.407	22.027	0.858	0.232	0.830	153.424	129.276	22.286	150	125	20	7	11	4
1.904	11.905	79	62	43868.000	555.291	375.504	413.000	201	1762	61.038	141.089	22.025	0.672	0.160	0.660	61.123	141.324	22.232	59	137	20	5	8	4
2.290	12.787	95	75	60617.000	638.074	451.139	507.000	200	2180	199.063	147.126	21.926	0.699	0.135	0.687	199.004	147.009	22.185	196	144	20	7	7	4
2.266	12.363	94	72	66718.000	709.766	539.251	493.500	201	2441	59.074	156.574	21.819	0.698	0.114	0.697	59.041	156.571	22.126	56	154	20	7	6	4
5.736	35.330	238	197	112565.000	472.962	287.728	380.000	201	1783	198.303	159.811	22.197	1.638	0.654	1.635	196.989	159.714	22.338	190	154	20	23	11	4
3.133	16.369	130	102	64098.000	493.062	270.224	407.000	202	1372	194.123	173.415	22.115	0.782	0.185	0.792	194.193	173.273	22.305	190	169	20	9	9	4
4.194	21.748	174	130	107016.000	615.034	421.043	496.500	200	1824	70.517	202.167	21.914	0.954	0.317	0.903	70.259	202.406	22.210	65	197	20	13	10	4
2.049	11.129	85	66	55409.000	651.871	449.426	479.000	204	2043	215.471	216.459	22.071	0.660	0.115	0.657	215.495	216.520	22.330	213	214	20	6	6	4
1.060	7.530	44	37	24115.000	548.068	318.305	444.000	200	1436	494.909	223.386	22.068	0.527	0.112	0.506	494.836	223.374	22.289	493	222	20	5	4	4
2.458	13.422	102	79	65320.000	640.392	463.131	486.000	201	2029	225.716	228.647	21.971	0.714	0.134	0.714	225.718	228.580	22.284	223	225	20	6	8	4
3.639	20.230	151	115	102317.000	677.596	511.758	465.000	202	2742	182.570	234.172	21.993	0.886	0.260	0.894	182.262	234.059	22.227	178	231	20	11	9	4
2.145	12.152	89	71	48816.000	548.494	317.373	446.000	205	1458	23.393	240.876	22.067	0.687	0.166	0.698	23.393	240.896	22.305	20	239	20	8	5	4
1.591	9.489	66	53	44502.000	674.273	458.148	532.500	204	2105	441.242	244.773	22.030	0.607	0.115	0.596	441.202	244.700	22.273	439	243	20	6	5	4
4.218	24.481	175	136	109994.000	628.537	495.881	420.000	200	2456	16.234	256.011	22.051	0.997	0.341	1.005	15.463	256.191	22.263	11	251	20	13	9	4
1.398	9.506	58	48	32667.000	563.224	360.366	453.500	202	1649	417.707	288.138	21.983	0.588	0.121	0.572	417.663	288.110	22.220	415	286	20	6	5	4
2.916	16.491	121	97	72185.000	596.570	415.790	422.000	201	2212	217.851	335.967	21.967	0.833	0.259	0.829	218.143	335.635	22.197	214	332	20	9	9	4
4.724	22.225	196	142	129588.000	661.163	469.603	504.500	201	2372	63.500	372.816	21.934	0.966	0.287	0.937	63.340	373.135	22.231	60	365	20	8	14	4
5.085	22.559	211	146	177733.000	842.336	628.543	623.000	200	2746	97.445	396.900	21.791	0.975	0.251	0.946	97.328	397.030	22.180	92	392	20	11	10	4
1.639	10.511	68	55	40987.000	602.750	377.668	476.000	204	1747	163.265	400.882	22.088	0.619	0.128	0.606	163.244	400.909	22.327	161	398	20	6	6	4
3.446	16.280	143	103	117054.000	818.559	652.088	540.000	200	3008	114.315	431.867	21.818	0.808	0.135	0.816	114.273	431.897	22.172	111	429	20	8	7	4
1.422	9.365	59	50	34309.000	581.508	375.281	457.000	203	1699	340.017	450.390	22.102	0.580	0.121	0.586	339.948	450.476	22.313	338	448	20	5	6	4
2.531	13.369	105	78	79510.000	757.238	565.595	526.000	201	2522	51.162	459.514	21.886	0.725	0.119	0.736	51.160	459.547	22.216	48	457	20	7	6	4
1.205	8.289	50	42	28169.000	563.380	349.349	444.000	209	1607	409.820	482.700	22.100	0.547	0.113	0.548	409.791	482.723	22.302	408	481	20	5	5	4
0.386	4.549	16	15	3633.000	227.062	28.200	211.500	201	285	186.625	499.062	21.500	0.402	0.136	0.341	186.603	499.065	21.497	185	498	20	4	3	4
0.554	4.850	23	22	8727.000	379.435	141.911	341.000	205	752	236.217	1.783	22.304	0.409	0.105	0.398	236.164	1.772	22.436	235	0	21	4	4	3
0.795	5.802	33	31	13873.000	420.394	188.917	349.000	201	913	40.879	2.545	22.212	0.456	0.097	0.475	40.903	2.494	22.339	39	1	21	4	4	3
0.868	6.120	36	32	18218.000	506.056	271.010	422.500	203	1191	380.667	3.333	22.194	0.480	0.085	0.483	380.630	3.370	22.393	379	2	21	4	4	3
0.747	5.873	31	27	10368.000	334.452	118.291	295.000	201	647	81.452	3.419	22.226	0.461	0.079	0.482	81.423	3.378	22.329	80	2	21	4	4	3
0.386	3.897	16	16	4367.000	272.938	64.608	250.500	201	409	221.188	4.750	22.312	0.369	0.117	0.363	221.240	4.742	22.387	220	4	21	3	3	3
0.386	3.703	16	15	4957.000	309.812	83.114	295.500	215	506	198.938	5.812	22.438	0.352	0.079	0.347	198.913	5.783	22.506	198	5	21	3	3	3
0.410	4.021	17	16	5294.000	311.412	94.487	294.000	200	527	92.294	9.941	22.471	0.359	0.087	0.352	92.293	9.880	22.545	91	9	21	4	3	3
0.434	4.144	18	18	5509.000	306.056	93.812	298.000	208	494	15.111	23.500	22.444	0.369	0.111	0.349	15.148	23.497	22.524	14	22	21	3	4	3
0.892	6.367	37	33	18351.000	495.973	262.083	392.000	211	1239	288.162	28.541	22.297	0.480	0.094	0.490	288.148	28.586	22.442	286	27	21	5	4	3
0.603	5.221	25	23	9086.000	363.440	153.444	337.000	202	712	348.200	52.560	22.480	0.415	0.101	0.414	348.228	52.562	22.588	347	51	21	4	4	3
0.169	2.240	7	7	1463.000	209.000	7.979	204.000	203	223	276.571	59.714	22.429	0.309	0.122	0.274	276.579	59.718	22.431	276	59	21	2	2	3
0.651	5.873	27	26	11741.000	434.852	198.665	446.000	207	996	319.000	71.000	22.296	0.429	0.110	0.408	319.016	71.014	22.436	317	69	21	5	5	3
0.362	3.580	15	15	3991.000	266.067	67.372	246.000	202	425	287.600	71.000	22.333	0.347	0.105	0.318	287.600	70.991	22.423	287	70	21	3	3	3
0.554	4.973	23	21	8572.000	372.696	161.576	315.000	203	764	388.652	95.826	22.435	0.405	0.096	0.400	388.628	95.838	22.541	387	94	21	4	4	3
0.651	5.291	27	25	11270.000	417.407	201.620	361.000	200	955	367.370	103.852	22.333	0.431	0.099	0.427	367.374	103.911	22.492	366	102	21	4	4	3
0.434	4.144	18	17	6531.000	362.833	135.707	316.500	202	661	394.000	109.222	22.500	0.364	0.088	0.361	394.017	109.318	22.597	393	108	21	3	4	3
0.603	5.097	25	24	8340.000	333.600	131.715	293.000	201	623	393.680	119.560	22.360	0.419	0.110	0.431	393.631	119.579	22.490	392	118	21	4	4	3
0.771	6.049	32	29	13041.000	407.531	190.151	347.500	206	922	113.375	129.719	22.375	0.455	0.099	0.461	113.349	129.779	22.504	112	128	21	4	5	3
0.530	4.532	22	21	8005.000	363.864	133.493	332.500	216	724	198.864	134.955	22.318	0.394	0.095	0.388	198.852	134.956	22.449	197	134	21	4	3	3
0.747	6.190	31	28	13056.000	421.161	214.089	331.000	203	1023	366.194	135.258	22.258	0.458	0.095	0.459	366.188	135.231	22.438	364	134	21	5	4	3
0.627	5.291	26	24	10401.000	400.038	179.048	364.500	206	882	192.346	136.885	22.385	0.423	0.098	0.420	192.295	136.923	22.509	191	135	21	4	4	3
0.627	5.221	26	24	10907.000	419.500	187.657	362.000	218	910	389.385	155.154	22.462	0.419	0.099	0.423	389.368	155.125	22.566	388	154	21	4	4	3
0.747	6.631	31	30	8863.000	285.903	71.811	268.000	203	458	1.129	160.645	22.387	0.492	0.170	0.493	1.147	160.579	22.462	0	158	21	4	7	3
0.578	5.044	24	23	10191.000	424.625	183.888	408.000	205	931	394.125	179.083	22.292	0.410	0.102	0.394	394.113	179.058	22.461	393	178	21	4	4	3
1.470	11.781	61	54	25939.000	425.230	205.179	365.000	200	1081	93.459	184.426	22.393	0.731	0.232	0.758	93.516	184.217	22.513	91	181	21	6	9	3
0.193	2.433	8	8	1770.000	221.250	14.907	219.000	203	243	296.500	185.750	22.000	0.298	0.128	0.319	296.504	185.767	22.015	296	185	21	2	2	3
0.795	6.049	33	31	13753.000	416.758	224.359	333.000	200	1016	197.515	187.970	22.333	0.455	0.102	0.466	197.523	187.986	22.486	196	186	21	4	5	3
0.386	3.774	16	16	4577.000	286.062	67.245	274.500	200	430	362.062	187.625	22.250	0.361	0.114	0.359	362.090	187.616	22.348	361	187	21	3	3	3
0.434	4.144	18	17	6788.000	377.111	129.235	362.000	217	692	191.778	189.000	22.500	0.364	0.088	0.361	191.757	188.986	22.594	190	188	21	4	3	3
0.699	5.856	29	28	10801.000	372.448	143.328	341.000	203	715	203.172	194.172	22.517	0.431	0.117	0.410	203.195	194.164	22.605	201	192	21	5	5	3
0.964	7.002	40	35	17539.000	438.475	214.477	399.000	205	1045	176.900	203.375	22.325	0.499	0.103	0.513	176.862	203.330	22.485	175	202	21	5	4	3
0.868	6.437	36	34	17711.000	491.972	258.437	403.000	228	1179	180.500	209.000	22.222	0.470	0.102	0.481	180.481	208.986	22.358	179	207	21	4	5	3
0.506	4.779	21	20	7977.000	379.857	158.535	334.000	201	766	43.333	216.143	22.476	0.392	0.106	0.380	43.330	216.145	22.586	42	215	21	4	4	3
1.567	9.348	65	55	33512.000	515.569	308.784	413.000	205	1402	159.385	225.523	22.200	0.591	0.119	0.610	159.388	225.527	22.402	157	223	21	6	6	3
1.012	8.008	42	40	16235.000	386.548	140.516	372.000	203	763	27.119	224.214	22.524	0.539	0.189	0.543	27.164	224.268	22.596	25	221	21	5	7	3
0.771	5.802	32	29	10103.000	315.719	107.043	274.000	200	582	355.219	228.531	22.250	0.457	0.091	0.472	355.195	228.552	22.354	354	227	21	4	4	3
0.819	6.120	34	31	16042.000	471.824	237.796	391.500	208	1111	48.882	235.500	22.265	0.463	0.093	0.476	48.892	235.527	22.416	47	234	21	5	4	3
0.795	5.996	33	30	15876.000	481.091	251.113	394.000	207	1181	403.606	237.212	22.212	0.463	0.090	0.466	403.671	237.175	22.411	402	236	21	4	4	3
0.554	5.097	23	21	8314.000	361.478	155.182	309.000	205	730	38.783	244.565	22.478	0.408	0.102	0.406	38.807	244.564	22.571	37	243	21	4	4	3
0.530	4.779	22	21	8399.000	381.773	165.684	331.500	202	801	152.273	247.818	22.455	0.395	0.102	0.384	152.287	247.850	22.574	151	246	21	4	4	3
0.699	5.608	29	26	12097.000	417.138	203.021	334.000	205	908	142.517	249.345	22.345	0.441	0.091	0.445	142.520	249.299	22.496	141	248	21	4	4	3
0.651	5.291	27	25	11453.000	424.185	201.661	376.000	202	945	230.370	253.852	22.333	0.431	0.099	0.427	230.392	253.905	22.485	229	252	21	4	4	3
0.723	6.173	30	28	10644.000	354.800	148.014	312.500	203	714	239.333	261.967	22.500	0.462	0.145	0.458	239.359	262.080	22.596	238	259	21	4	6	3
0.723	5.785	30	28	11593.000	386.433	151.500	360.000	202	737	66.200	268.267	22.500	0.447	0.122	0.448	66.263	268.283	22.592	64	267	21	5	4	3
0.771	6.120	32	30	14301.000	446.906	225.373	397.500	201	1087	80.062	269.344	22.250	0.459	0.104	0.470	80.046	269.276	22.414	78	268	21	5	4	3
0.844	6.667	35	33	13179.000	376.543	158.869	339.000	208	767	222.657	267.829	22.543	0.479	0.143	0.494	222.609	267.924	22.626	221	265	21	4	6	3
1.036	7.884	43	40	16724.000	388.930	182.593	338.000	206	955	39.744	276.512	22.442	0.531	0.172	0.508	39.619	276.351	22.535	38	274	21	5	7	3
0.530	4.779	22	20	8726.000	396.636	169.023	348.000	204	817	238.000	279.500	22.455	0.402	0.098	0.381	238.004	279.424	22.559	237	278	21	3	4	3
0.651	5.361	27	25	8216.000	304.296	96.052	267.000	203	519	363.444	283.259	22.222	0.440	0.099	0.457	363.468	283.268	22.333	362	282	21	4	4	3
0.530	4.656	22	20	8342.000	379.182	131.707	359.500	218	704	252.364	285.091	22.409	0.400	0.092	0.382	252.332	285.100	22.507	251	284	21	4	3	3
2.386	13.318	99	82	41965.000	423.889	182.085	388.000	200	914	196.020	288.596	22.273	0.704	0.175	0.702	196.062	288.641	22.442	193	285	21	7	8	3
0.434	4.144	18	17	6626.000	368.111	135.009	343.000	206	699	134.778	290.000	22.500	0.364	0.088	0.361	134.741	289.996	22.602	133	289	21	4	3	3
0.458	4.268	19	18	7169.000	377.316	143.160	349.000	214	713	481.684	296.053	22.526	0.372	0.096	0.359	481.672	296.080	22.614	480	295	21	4	3	3
0.578	5.097	24	22	8952.000	373.000	167.062	320.000	208	784	389.375	302.750	22.458	0.409	0.098	0.407	389.370	302.756	22.569	388	301	21	4	4	3
0.723	5.608	30	26	11777.000	392.567	196.494	333.000	201	858	33.400	314.500	22.333	0.450	0.080	0.452	33.383	314.492	22.491	32	313	21	4	4	3
0.844	6.367	35	33	15118.000	431.943	213.322	369.000	208	997	23.000	321.571	22.314	0.466	0.107	0.479	22.989	321.592	22.468	21	320	21	5	5	3
0.699	5.679	29	26	12333.000	425.276	208.905	349.000	204	1002	72.276	321.690	22.276	0.446	0.089	0.453	72.220	321.742	22.448	71	320	21	4	4	3
0.868	6.755	36	33	16669.000	463.028	248.311	389.500	203	1183	458.333	341.917	22.278	0.477	0.103	0.496	458.284	341.939	22.409	456	340	21	5	5	3
0.892	6.631	37	34	17655.000	477.162	257.089	396.000	203	1207	503.486	346.054	22.216	0.477	0.097	0.487	503.430	346.036	22.395	502	344	21	4	5	3
0.723	6.755	30	27	11993.000	399.767	196.657	323.500	207	952	435.033	352.700	22.467	0.492	0.189	0.462	435.119	352.511	22.572	432	351	21	6	6	3
0.651	5.414	27	25	11299.000	418.481	203.180	361.000	201	946	370.444	353.259	22.370	0.433	0.102	0.429	370.417	353.194	22.517	369	352	21	4	4	3
1.060	7.637	44	38	19117.000	434.477	231.881	356.000	203	1120	167.955	355.091	22.295	0.517	0.099	0.548	167.895	355.084	22.452	166	353	21	5	5	3
0.916	6.808	38	35	16201.000	426.342	198.489	377.500	212	957	192.289	362.816	22.395	0.485	0.117	0.495	192.266	362.806	22.540	191	360	21	4	6	3
0.530	4.532	22	21	9046.000	411.182	166.225	388.500	212	869	201.955	362.045	22.318	0.395	0.097	0.373	201.932	362.040	22.474	200	361	21	4	3	3
2.000	11.430	83	70	44855.000	540.422	318.974	423.000	202	1508	172.253	374.819	22.241	0.670	0.177	0.646	172.110	374.827	22.416	169	373	21	9	5	3
1.350	8.960	56	49	27737.000	495.304	271.539	388.000	208	1384	183.696	376.732	22.321	0.567	0.130	0.589	183.803	376.783	22.441	181	374	21	6	6	3
0.651	5.785	27	26	9911.000	367.074	147.645	316.000	206	767	444.889	375.926	22.593	0.444	0.156	0.405	444.954	375.991	22.657	442	374	21	6	5	3
0.410	4.021	17	17	5262.000	309.529	92.622	256.000	200	430	371.294	385.588	22.294	0.390	0.127	0.436	371.354	385.555	22.326	370	384	21	3	4	3
0.964	6.949	40	35	18930.000	473.250	252.682	396.500	209	1218	178.075	398.350	22.225	0.496	0.090	0.507	178.061	398.283	22.343	176	396	21	5	5	3
1.036	7.196	43	38	19156.000	445.488	229.166	372.000	215	1079	5.814	403.256	22.256	0.505	0.098	0.525	5.829	403.313	22.413	4	401	21	5	5	3
0.651	5.873	27	26	12066.000	446.889	203.365	461.000	212	1019	412.000	408.000	22.296	0.429	0.110	0.408	412.003	407.987	22.446	410	406	21	5	5	3
0.458	4.338	19	18	7179.000	377.842	144.979	327.000	206	744	324.263	418.000	22.421	0.379	0.097	0.352	324.275	418.021	22.557	323	417	21	4	3	3
0.627	5.414	26	24	9721.000	373.885	172.407	317.500	202	803	509.231	421.423	22.423	0.424	0.102	0.426	509.180	421.411	22.535	508	420	21	4	4	3
0.482	4.586	20	19	7245.000	362.250	143.834	340.500	203	684	437.700	430.600	22.550	0.379	0.101	0.397	437.712	430.612	22.630	436	429	21	4	4	3
0.747	5.732	31	27	11685.000	376.935	159.773	342.000	209	763	85.452	437.548	22.355	0.454	0.086	0.454	85.469	437.565	22.497	84	436	21	4	4	3
0.819	6.049	34	32	15012.000	441.529	233.476	349.000	223	1064	410.500	445.000	22.294	0.460	0.101	0.463	410.500	444.984	22.452	409	443	21	4	5	3
0.530	4.779	22	21	8521.000	387.318	165.781	332.000	204	808	440.818	451.273	22.455	0.395	0.102	0.384	440.862	451.277	22.568	439	450	21	4	4	3
0.410	4.144	17	16	5088.000	299.294	88.325	279.000	203	502	23.647	470.176	22.529	0.365	0.100	0.362	23.656	470.215	22.583	22	469	21	4	3	3
0.675	5.167	28	26	9311.000	332.536	105.302	316.000	208	585	24.000	483.393	22.214	0.440	0.095	0.434	24.002	483.416	22.331	23	482	21	3	4	3
0.940	6.631	39	35	21494.000	551.128	301.838	473.000	214	1371	296.359	483.718	22.179	0.491	0.090	0.492	296.365	483.709	22.361	294	482	21	5	4	3
0.627	5.291	26	24	10191.000	391.962	177.914	329.500	200	821	256.308	504.385	22.346	0.427	0.099	0.433	256.264	504.400	22.504	255	503	21	4	4	3
0.627	5.414	26	24	11040.000	424.615	201.800	394.000	201	930	264.346	509.000	22.462	0.419	0.100	0.422	264.393	509.003	22.560	263	507	21	4	5	3
0.506	4.797	21	21	12033.000	573.000	340.002	484.000	215	1472	403.905	510.619	22.238	0.412	0.136	0.414	403.855	510.726	22.382	402	510	21	5	2	3
0.121	1.728	5	5	1466.000	293.200	83.479	259.000	204	420	395.200	0.000	22.600	0.260	0.067	0.253	395.186	0.000	22.687	394	0	22	3	1	2
0.145	1.975	6	6	1426.000	237.667	30.936	231.000	205	278	271.167	11.333	22.833	0.241	0.083	0.253	271.180	11.353	22.853	270	11	22	3	2	2
0.121	1.728	5	5	1232.000	246.400	38.527	229.000	209	298	182.400	11.800	22.600	0.245	0.038	0.259	182.403	11.830	22.636	182	11	22	2	2	2
0.337	3.369	14	14	4169.000	297.786	78.074	274.000	204	435	10.714	14.500	22.714	0.325	0.083	0.353	10.687	14.492	22.719	10	13	22	3	4	2
0.265	3.122	11	11	2803.000	254.818	54.989	248.000	202	373	387.727	15.545	22.727	0.309	0.089	0.322	387.759	15.568	22.764	386	15	22	4	3	2
0.241	2.804	10	10	2742.000	274.200	65.745	256.000	209	411	492.100	15.700	22.700	0.289	0.068	0.307	492.111	15.682	22.736	491	15	22	3	3	2
0.121	1.658	5	5	1407.000	281.400	46.263	283.000	206	329	331.600	15.600	22.800	0.224	0.070	0.195	331.598	15.581	22.854	331	15	22	2	2	2
0.386	3.757	16	16	4904.000	306.500	101.658	269.500	206	568	505.125	19.812	22.625	0.339	0.084	0.331	505.147	19.830	22.693	504	18	22	3	4	2
0.217	2.610	9	9	2295.000	255.000	47.424	251.000	201	344	19.667	21.000	22.778	0.276	0.075	0.311	19.655	21.023	22.773	19	20	22	3	3	2
0.072	1.217	3	3	654.000	218.000	17.521	219.000	200	235	158.000	23.333	22.667	0.213	0.059	0.211	158.000	23.335	22.694	158	23	22	1	2	2
0.096	1.534	4	4	886.000	221.500	26.739	213.500	201	258	171.250	26.750	22.750	0.219	0.071	0.219	171.227	26.746	22.772	171	26	22	2	2	2
0.241	3.051	10	10	2574.000	257.400	36.369	257.000	201	310	310.900	34.000	22.900	0.379	0.164	0.394	310.796	34.047	22.922	309	33	22	5	3	2
0.145	1.975	6	6	1475.000	245.833	45.867	235.500	201	328	320.333	39.833	22.833	0.241	0.083	0.253	320.325	39.827	22.864	320	39	22	2	3	2
0.313	3.245	13	13	3825.000	294.231	90.625	275.000	206	515	339.077	44.000	22.692	0.313	0.074	0.354	339.115	43.997	22.747	338	43	22	3	3	2
0.193	2.046	8	8	2222.000	277.750	65.652	274.500	204	355	465.500	48.500	22.500	0.263	0.000	0.263	465.503	48.480	22.608	465	48	22	2	2	2
0.145	1.975	6	6	1469.000	244.833	34.897	235.000	210	298	286.333	51.500	22.833	0.251	0.098	0.217	286.345	51.531	22.857	285	51	22	3	2	2
0.458	3.757	19	19	7344.000	386.526	146.476	358.000	201	769	333.895	64.000	22.526	0.350	0.077	0.343	333.896	63.978	22.627	332	63	22	4	3	2
0.386	3.563	16	16	5582.000	348.875	114.775	334.500	204	593	501.000	64.500	22.625	0.338	0.082	0.342	501.018	64.510	22.672	500	63	22	3	4	2
0.482	4.198	20	20	6654.000	332.700	123.151	324.000	201	588	432.350	68.650	22.600	0.363	0.086	0.392	432.334	68.639	22.658	431	67	22	4	4	2
0.217	2.610	9	9	2536.000	281.778	65.264	263.000	222	421	342.333	78.000	22.778	0.276	0.075	0.311	342.310	78.005	22.809	341	77	22	3	3	2
0.313	3.245	13	13	4128.000	317.538	97.294	288.000	200	512	322.615	79.231	22.692	0.316	0.078	0.342	322.601	79.217	22.722	321	78	22	4	3	2
0.145	2.046	6	6	1449.000	241.500	42.702	223.500	206	311	317.333	86.000	22.667	0.255	0.060	0.283	317.335	85.996	22.693	317	85	22	2	3	2
0.241	2.804	10	10	2666.000	266.600	59.939	249.500	206	392	306.700	87.900	22.700	0.289	0.068	0.307	306.691	87.888	22.724	306	87	22	3	3	2
0.193	2.293	8	8	2049.000	256.125	54.528	235.000	212	344	403.500	90.000	22.750	0.266	0.068	0.295	403.502	89.975	22.776	403	89	22	2	3	2
0.289	3.051	12	12	3779.000	314.917	93.972	308.500	202	537	356.083	94.917	22.750	0.306	0.082	0.315	356.119	94.901	22.782	355	94	22	3	3	2
0.217	2.610	9	9	2667.000	296.333	71.568	272.000	208	426	438.333	105.000	22.778	0.276	0.075	0.311	438.374	105.006	22.794	437	104	22	3	3	2
0.289	3.122	12	12	3524.000	293.667	81.272	256.000	214	431	353.583	118.333	22.667	0.313	0.079	0.317	353.562	118.358	22.707	352	117	22	4	3	2
0.386	3.633	16	16	5555.000	347.188	114.304	328.500	213	599	495.062	121.312	22.562	0.334	0.072	0.344	495.067	121.350	22.627	494	120	22	3	4	2
0.434	4.074	18	18	5672.000	315.111	98.841	295.000	200	528	120.000	122.889	22.611	0.352	0.090	0.355	120.058	122.822	22.652	118	122	22	5	3	2
0.096	1.411	4	4	942.000	235.500	31.332	236.500	205	264	189.000	127.500	22.500	0.231	0.000	0.231	189.000	127.498	22.557	189	127	22	1	2	2
0.145	2.169	6	6	1638.000	273.000	54.685	264.000	226	376	450.000	139.000	22.833	0.236	0.088	0.257	450.004	138.984	22.862	449	138	22	3	3	2
0.217	2.610	9	9	2479.000	275.444	62.642	257.000	226	410	455.333	149.000	22.778	0.276	0.075	0.311	455.328	149.004	22.805	454	148	22	3	3	2
0.313	3.316	13	13	3841.000	295.462	82.573	290.000	203	450	130.538	151.923	22.615	0.315	0.068	0.328	130.521	151.951	22.686	129	151	22	4	3	2
0.265	2.804	11	11	3472.000	315.636	87.346	298.000	213	486	182.182	154.364	22.636	0.298	0.063	0.298	182.168	154.374	22.704	181	153	22	3	3	2
0.482	4.321	20	20	6594.000	329.700	111.577	313.500	208	579	83.250	158.350	22.650	0.364	0.091	0.372	83.235	158.331	22.689	82	157	22	4	4	2
0.434	4.268	18	18	5415.000	300.833	93.143	290.500	204	522	186.000	161.222	22.611	0.362	0.113	0.349	185.935	161.223	22.665	184	160	22	5	4	2
0.193	2.293	8	8	2082.000	260.250	51.096	247.500	207	332	168.000	162.500	22.750	0.266	0.068	0.295	167.965	162.500	22.798	167	162	22	3	2	2
0.362	3.563	15	15	5386.000	359.067	124.831	322.000	202	591	130.533	163.800	22.667	0.332	0.082	0.347	130.512	163.769	22.704	129	163	22	4	3	2
0.265	2.804	11	11	3228.000	293.455	74.251	276.000	212	443	8.818	174.636	22.636	0.298	0.063	0.298	8.822	174.638	22.704	8	174	22	3	3	2
0.217	2.487	9	9	2476.000	275.111	60.333	255.000	200	369	181.111	174.444	22.667	0.281	0.062	0.291	181.122	174.447	22.742	180	174	22	3	2	2
0.313	3.316	13	13	4077.000	313.615	96.320	310.000	203	516	127.462	180.923	22.615	0.315	0.068	0.328	127.439	180.912	22.677	126	180	22	4	3	2
0.193	2.363	8	8	2137.000	267.125	54.989	259.500	205	357	195.750	181.375	22.625	0.273	0.054	0.276	195.733	181.369	22.692	195	181	22	3	2	2
0.121	1.658	5	5	1326.000	265.200	54.159	271.000	211	347	474.400	182.600	22.800	0.224	0.070	0.195	474.363	182.633	22.833	474	182	22	2	2	2
0.844	6.156	35	35	12411.000	354.600	112.820	327.000	206	620	208.086	190.229	22.571	0.456	0.135	0.465	208.130	190.285	22.640	206	188	22	5	5	2
0.145	1.975	6	6	1495.000	249.167	52.598	241.500	202	342	17.833	188.667	22.833	0.241	0.083	0.253	17.825	188.687	22.850	17	188	22	3	2	2
0.458	4.198	19	19	6844.000	360.211	141.705	340.000	206	658	31.316	195.421	22.632	0.358	0.087	0.385	31.306	195.426	22.686	30	194	22	4	4	2
0.289	3.245	12	12	3489.000	290.750	66.605	269.500	215	418	204.667	200.167	22.750	0.310	0.084	0.328	204.663	200.156	22.784	203	199	22	4	3	2
0.145	2.169	6	6	1578.000	263.000	52.142	245.000	223	363	161.000	202.000	22.833	0.236	0.088	0.257	161.032	202.000	22.856	160	201	22	3	3	2
0.241	2.734	10	10	2675.000	267.500	62.452	267.500	201	406	141.200	202.900	22.800	0.288	0.085	0.309	141.183	202.902	22.824	140	202	22	3	3	2
0.169	2.293	7	7	1888.000	269.714	46.187	257.000	232	363	101.143	207.143	22.857	0.250	0.088	0.292	101.136	207.149	22.877	100	206	22	3	3	2
0.217	2.681	9	9	2461.000	273.444	69.044	252.000	211	400	93.778	209.778	22.667	0.281	0.062	0.303	93.748	209.749	22.724	93	209	22	3	3	2
0.265	2.928	11	11	3143.000	285.727	78.012	252.000	204	450	434.182	214.182	22.727	0.297	0.075	0.316	434.211	214.200	22.762	433	213	22	3	3	2
0.265	2.804	11	11	3338.000	303.455	85.517	256.000	224	450	472.182	215.636	22.636	0.298	0.063	0.298	472.228	215.614	22.700	471	215	22	3	3	2
0.145	1.922	6	6	1538.000	256.333	36.779	252.500	213	317	368.667	227.667	22.500	0.255	0.021	0.269	368.695	227.690	22.534	368	227	22	2	2	2
0.193	2.487	8	8	2112.000	264.000	59.728	244.500	200	358	106.250	233.875	22.750	0.270	0.075	0.302	106.271	233.825	22.795	105	233	22	3	3	2
0.337	3.439	14	14	4575.000	326.786	102.561	281.500	227	591	437.000	239.000	22.643	0.318	0.068	0.353	437.036	239.027	22.701	436	238	22	3	3	2
0.386	3.439	16	16	5142.000	321.375	100.715	307.000	206	573	13.875	244.000	22.562	0.331	0.067	0.333	13.854	243.992	22.644	13	243	22	3	3	2
0.217	2.610	9	9	2656.000	295.111	75.004	267.000	226	450	399.333	251.000	22.778	0.276	0.075	0.311	399.326	251.024	22.816	398	250	22	3	3	2
0.193	2.487	8	8	2130.000	266.250	63.059	243.500	203	388	386.125	253.250	22.750	0.270	0.075	0.302	386.131	253.262	22.787	385	252	22	3	3	2
0.386	3.439	16	16	5025.000	314.062	103.696	291.000	201	582	421.000	253.875	22.562	0.331	0.067	0.333	420.975	253.852	22.633	420	253	22	3	3	2
0.289	3.122	12	12	3794.000	316.167	91.295	283.500	220	477	46.500	255.167	22.667	0.307	0.071	0.316	46.506	255.197	22.707	45	254	22	4	3	2
0.265	2.928	11	11	3389.000	308.091	83.421	280.000	214	490	107.818	259.182	22.727	0.297	0.075	0.316	107.795	259.186	22.759	107	258	22	3	3	2
0.265	2.804	11	11	3389.000	308.091	79.084	269.000	224	434	145.636	259.182	22.636	0.298	0.063	0.298	145.605	259.224	22.691	145	258	22	3	3	2
0.386	3.633	16	16	5388.000	336.750	106.053	320.000	201	566	434.312	262.938	22.562	0.334	0.072	0.344	434.352	262.986	22.634	433	262	22	4	3	2
0.169	2.293	7	7	1818.000	259.714	58.880	229.000	209	369	386.143	268.143	22.857	0.250	0.088	0.292	386.164	268.164	22.874	385	267	22	3	3	2
0.265	2.928	11	11	3223.000	293.000	82.774	295.000	203	485	138.182	269.182	22.727	0.297	0.075	0.316	138.181	269.155	22.765	137	268	22	3	3	2
0.241	2.928	10	10	2948.000	294.800	73.961	282.000	202	435	30.000	271.500	22.800	0.288	0.083	0.289	30.018	271.475	22.822	29	270	22	3	4	2
0.241	2.734	10	10	2719.000	271.900	56.238	258.000	202	359	78.800	274.100	22.800	0.288	0.085	0.309	78.829	274.157	22.835	78	273	22	3	3	2
0.362	3.439	15	15	4900.000	326.667	108.245	285.000	207	602	115.067	274.933	22.600	0.325	0.068	0.330	115.085	274.906	22.674	114	274	22	3	3	2
0.337	3.369	14	14	4682.000	334.429	108.504	297.000	210	535	4.500	280.714	22.714	0.325	0.083	0.353	4.534	280.698	22.732	3	280	22	4	3	2
0.337	3.439	14	14	4126.000	294.714	92.604	267.500	200	526	144.000	281.000	22.643	0.318	0.068	0.353	144.069	280.996	22.697	143	280	22	3	3	2
0.265	2.804	11	11	3393.000	308.455	83.891	276.000	214	481	82.182	283.636	22.636	0.298	0.063	0.298	82.188	283.642	22.698	81	283	22	3	3	2
0.362	3.439	15	15	5290.000	352.667	116.772	319.000	230	639	441.067	285.067	22.600	0.325	0.068	0.330	441.081	285.122	22.673	440	284	22	3	3	2
0.241	2.681	10	10	2828.000	282.800	70.946	259.500	200	386	23.300	285.300	22.600	0.290	0.058	0.296	23.355	285.334	22.652	22	284	22	3	3	2
0.699	5.468	29	29	10801.000	372.448	136.590	352.000	201	667	62.655	287.103	22.552	0.424	0.120	0.438	62.658	287.073	22.640	61	285	22	4	5	2
0.289	3.122	12	12	3814.000	317.833	92.345	291.000	222	490	237.500	286.167	22.667	0.307	0.071	0.316	237.489	286.181	22.711	236	285	22	4	3	2
0.121	1.852	5	5	1314.000	262.800	53.881	232.000	217	341	231.000	287.800	22.800	0.231	0.085	0.265	231.004	287.774	22.835	230	287	22	3	2	2
0.337	3.439	14	14	4698.000	335.571	109.226	316.500	205	578	420.357	292.857	22.643	0.323	0.075	0.335	420.340	292.830	22.696	419	292	22	4	3	2
0.482	4.321	20	20	6950.000	347.500	120.856	328.000	215	616	241.250	295.350	22.650	0.364	0.091	0.372	241.269	295.380	22.692	240	294	22	4	4	2
0.241	2.734	10	10	2705.000	270.500	63.746	259.500	206	418	73.100	298.800	22.800	0.288	0.085	0.309	73.100	298.832	22.827	72	298	22	3	3	2
0.169	2.293	7	7	1846.000	263.714	60.116	247.000	213	378	391.857	298.143	22.857	0.250	0.088	0.292	391.837	298.142	22.866	391	297	22	3	3	2
0.193	2.293	8	8	2294.000	286.750	64.743	260.500	231	398	435.000	298.500	22.750	0.266	0.068	0.295	435.027	298.486	22.790	434	298	22	3	2	2
0.410	3.757	17	17	6376.000	375.059	138.277	332.000	220	672	415.588	302.882	22.588	0.343	0.080	0.349	415.574	302.871	22.653	414	302	22	4	3	2
0.265	2.804	11	11	3104.000	282.182	74.765	249.000	200	426	54.818	304.364	22.636	0.298	0.063	0.298	54.805	304.372	22.692	54	303	22	3	3	2
0.337	3.122	14	14	4653.000	332.357	105.450	318.500	211	571	237.929	310.286	22.571	0.321	0.066	0.332	237.933	310.300	22.650	237	309	22	3	3	2
0.313	3.316	13	13	4178.000	321.385	99.496	313.000	201	529	51.538	315.923	22.615	0.315	0.068	0.328	51.556	315.901	22.682	50	315	22	4	3	2
0.410	3.757	17	17	5411.000	318.294	117.460	316.000	204	612	175.235	317.000	22.588	0.340	0.075	0.347	175.255	317.027	22.660	174	316	22	4	3	2
0.217	2.487	9	9	2528.000	280.889	64.692	274.000	204	393	362.889	317.444	22.667	0.281	0.062	0.291	362.882	317.450	22.708	362	317	22	3	2	2
0.169	2.169	7	7	1756.000	250.857	55.436	227.000	204	343	400.571	319.857	22.714	0.260	0.065	0.279	400.579	319.863	22.755	400	319	22	2	3	2
0.265	2.998	11	11	3288.000	298.909	86.474	290.000	202	499	443.727	322.000	22.636	0.298	0.062	0.307	443.753	321.990	22.710	443	321	22	3	3	2
0.241	2.804	10	10	2845.000	284.500	77.013	254.000	201	432	195.300	325.100	22.700	0.289	0.068	0.307	195.309	325.154	22.744	194	324	22	3	3	2
0.265	2.998	11	11	3332.000	302.909	81.897	284.000	201	480	185.727	329.000	22.636	0.298	0.062	0.307	185.719	329.000	22.716	185	328	22	3	3	2
0.241	2.681	10	10	3478.000	347.800	123.332	321.500	208	601	510.600	333.000	22.600	0.292	0.058	0.310	510.664	332.896	22.672	510	332	22	2	3	2
0.265	2.928	11	11	3325.000	302.273	86.429	294.000	205	501	409.182	333.182	22.727	0.297	0.075	0.316	409.193	333.145	22.770	408	332	22	3	3	2
0.241	2.734	10	10	2729.000	272.900	62.740	260.000	201	398	154.900	337.000	22.800	0.290	0.091	0.299	154.880	337.042	22.831	154	336	22	3	3	2
0.265	2.804	11	11	3247.000	295.182	83.876	250.000	209	427	66.364	338.182	22.636	0.298	0.063	0.298	66.386	338.248	22.693	65	337	22	3	3	2
0.169	2.293	7	7	2022.000	288.857	66.812	275.000	205	425	146.857	356.857	22.857	0.250	0.088	0.292	146.889	356.892	22.871	146	356	22	3	3	2
0.121	1.728	5	5	1197.000	239.400	47.136	212.000	201	302	210.400	359.800	22.600	0.245	0.038	0.259	210.403	359.832	22.652	210	359	22	2	2	2
0.145	2.169	6	6	1441.000	240.167	49.252	221.500	208	336	77.000	361.000	22.833	0.236	0.088	0.257	77.026	361.015	22.852	76	360	22	3	3	2
0.482	4.321	20	20	6101.000	305.050	86.936	291.500	201	498	26.500	362.750	22.650	0.366	0.092	0.382	26.481	362.785	22.701	25	361	22	4	4	2
0.289	2.928	12	12	3728.000	310.667	79.725	294.000	208	480	130.250	362.250	22.667	0.306	0.070	0.326	130.263	362.213	22.725	129	361	22	3	3	2
0.193	2.416	8	8	2060.000	257.500	63.891	240.000	202	388	51.750	368.000	22.875	0.260	0.088	0.288	51.757	368.003	22.886	51	367	22	3	3	2
0.121	1.658	5	5	1238.000	247.600	42.383	242.000	202	307	6.600	373.600	22.800	0.224	0.070	0.195	6.607	373.630	22.837	6	373	22	2	2	2
0.337	3.316	14	14	4331.000	309.357	99.982	291.000	200	540	38.857	375.857	22.571	0.319	0.063	0.332	38.810	375.844	22.652	38	375	22	3	3	2
0.193	2.293	8	8	1975.000	246.875	57.531	224.000	203	337	509.500	381.000	22.750	0.266	0.068	0.295	509.500	381.038	22.790	509	380	22	2	3	2
0.362	3.439	15	15	4723.000	314.867	102.213	288.000	205	573	34.067	387.067	22.600	0.325	0.068	0.330	34.057	387.116	22.664	33	386	22	3	3	2
0.217	2.610	9	9	2777.000	308.556	73.077	285.000	220	443	17.667	388.000	22.778	0.276	0.075	0.311	17.629	388.000	22.802	17	387	22	3	3	2
0.362	3.439	15	15	4826.000	321.733	97.832	332.000	208	527	507.933	388.600	22.600	0.328	0.073	0.342	507.943	388.581	22.669	507	387	22	3	4	2
0.241	2.804	10	10	2717.000	271.700	69.575	251.500	206	411	363.900	392.300	22.700	0.289	0.068	0.307	363.867	392.310	22.744	363	391	22	3	3	2
0.289	2.928	12	12	3614.000	301.167	90.025	258.500	207	469	135.250	394.750	22.667	0.306	0.070	0.326	135.297	394.732	22.715	134	394	22	3	3	2
0.169	2.169	7	7	1756.000	250.857	37.804	237.000	215	308	196.571	395.143	22.714	0.260	0.065	0.279	196.558	395.141	22.733	196	394	22	2	3	2
0.289	2.928	12	12	3839.000	319.917	92.217	298.500	207	522	128.750	399.250	22.667	0.306	0.070	0.326	128.742	399.221	22.720	128	398	22	3	3	2
0.121	1.852	5	5	1341.000	268.200	56.945	237.000	221	354	339.800	406.000	22.800	0.231	0.085	0.265	339.777	406.012	22.828	339	405	22	2	3	2
0.169	2.363	7	7	2092.000	298.857	88.283	265.000	203	435	511.000	409.143	22.714	0.330	0.144	0.305	511.000	409.225	22.755	511	407	22	1	5	2
0.410	3.757	17	17	5961.000	350.647	125.457	332.000	210	627	444.588	413.882	22.588	0.343	0.080	0.349	444.594	413.861	22.654	443	413	22	4	3	2
0.096	1.411	4	4	912.000	228.000	15.599	228.000	214	242	172.500	414.000	22.500	0.231	0.000	0.231	172.501	414.000	22.530	172	414	22	2	1	2
0.530	5.662	22	22	6103.000	277.409	69.519	257.500	211	444	0.864	416.636	22.727	0.510	0.253	0.433	0.778	416.781	22.752	0	413	22	4	8	2
0.265	2.804	11	11	3382.000	307.455	78.580	297.000	214	469	320.182	434.636	22.636	0.298	0.063	0.298	320.173	434.641	22.700	319	434	22	3	3	2
0.362	3.316	15	15	5102.000	340.133	111.215	326.000	205	599	497.067	444.800	22.533	0.325	0.064	0.341	497.095	444.771	22.629	496	444	22	3	3	2
0.121	1.658	5	5	1221.000	244.200	31.491	245.000	204	285	295.600	446.400	22.800	0.224	0.070	0.195	295.615	446.399	22.833	295	446	22	2	2	2
0.217	3.122	9	9	2045.000	227.222	32.030	223.000	200	307	98.111	448.111	22.889	0.397	0.197	0.356	98.158	448.058	22.896	96	447	22	5	4	2
0.265	2.804	11	11	3453.000	313.909	89.681	264.000	221	451	44.182	459.364	22.636	0.298	0.063	0.298	44.240	459.394	22.699	43	458	22	3	3	2
0.265	2.804	11	11	3190.000	290.000	78.308	251.000	203	417	287.182	465.636	22.636	0.298	0.063	0.298	287.235	465.609	22.688	286	465	22	3	3	2
0.482	4.321	20	20	7023.000	351.150	138.890	313.500	201	708	304.750	488.650	22.650	0.364	0.091	0.372	304.809	488.694	22.685	303	487	22	4	4	2
0.193	2.293	8	8	2037.000	254.625	55.921	234.500	204	362	436.000	501.500	22.750	0.266	0.068	0.295	435.991	501.531	22.789	435	501	22	3	2	2
0.241	2.804	10	10	3100.000	310.000	78.009	295.500	214	465	506.700	501.100	22.700	0.289	0.068	0.307	506.672	501.089	22.745	506	500	22	3	3	2
0.169	2.293	7	7	1794.000	256.286	58.085	235.000	207	369	414.143	506.857	22.857	0.250	0.088	0.292	414.156	506.855	22.869	413	506	22	3	3	2
0.193	2.540	8	8	1810.000	226.250	21.599	216.000	200	256	21.750	1.750	23.000	0.312	0.145	0.340	21.726	1.731	23.000	20	0	23	4	4	1
0.048	0.829	2	2	482.000	241.000	43.841	241.000	210	272	438.500	0.000	23.000	0.124	0.000	0.124	438.564	0.000	23.000	438	0	23	2	1	1
0.072	1.146	3	3	722.000	240.667	18.475	230.000	230	262	183.333	3.667	23.000	0.163	0.039	0.185	183.319	3.681	23.000	183	3	23	2	2	1
0.048	0.829	2	2	460.000	230.000	15.556	230.000	219	241	350.500	10.000	23.000	0.124	0.000	0.124	350.524	10.000	23.000	350	10	23	2	1	1
0.048	0.829	2	2	506.000	253.000	0.000	253.000	253	253	464.500	17.000	23.000	0.124	0.000	0.124	464.500	17.000	23.000	464	17	23	2	1	1
0.048	0.829	2	2	510.000	255.000	32.527	255.000	232	278	372.500	22.000	23.000	0.124	0.000	0.124	372.545	22.000	23.000	372	22	23	2	1	1
0.024	0.511	1	1	219.000	219.000	0.000	219.000	219	219	7.000	26.000	23.000	0.000	0.000	0.000	7.000	26.000	23.000	7	26	23	1	1	1
0.048	0.829	2	2	428.000	214.000	19.799	214.000	200	228	338.000	28.500	23.000	0.124	0.000	0.124	338.000	28.533	23.000	338	28	23	1	2	1
0.096	1.270	4	4	1063.000	265.750	20.614	262.500	247	291	313.500	30.500	23.000	0.176	0.000	0.176	313.510	30.468	23.000	313	30	23	2	2	1
0.121	1.781	5	5	1179.000	235.800	25.568	231.000	211	271	346.800	31.200	23.000	0.239	0.122	0.205	346.735	31.131	23.000	346	30	23	3	3	1
0.048	0.829	2	2	408.000	204.000	2.828	204.000	202	206	104.500	31.000	23.000	0.124	0.000	0.124	104.505	31.000	23.000	104	31	23	2	1	1
0.024	0.511	1	1	227.000	227.000	0.000	227.000	227	227	356.000	34.000	23.000	0.000	0.000	0.000	356.000	34.000	23.000	356	34	23	1	1	1
0.096	1.270	4	4	1002.000	250.500	12.897	252.000	235	263	443.500	41.500	23.000	0.176	0.000	0.176	443.479	41.507	23.000	443	41	23	2	2	1
0.024	0.511	1	1	207.000	207.000	0.000	207.000	207	207	433.000	47.000	23.000	0.000	0.000	0.000	433.000	47.000	23.000	433	47	23	1	1	1
0.096	1.270	4	4	1031.000	257.750	44.664	256.000	205	314	337.500	56.500	23.000	0.176	0.000	0.176	337.549	56.443	23.000	337	56	23	2	2	1
0.048	0.829	2	2	421.000	210.500	6.364	210.500	206	215	333.500	57.000	23.000	0.124	0.000	0.124	333.511	57.000	23.000	333	57	23	2	1	1
0.024	0.511	1	1	234.000	234.000	0.000	234.000	234	234	467.000	57.000	23.000	0.000	0.000	0.000	467.000	57.000	23.000	467	57	23	1	1	1
0.072	1.146	3	3	678.000	226.000	22.338	219.000	208	251	406.667	61.667	23.000	0.163	0.039	0.185	406.677	61.693	23.000	406	61	23	2	2	1
0.024	0.511	1	1	275.000	275.000	0.000	275.000	275	275	320.000	65.000	23.000	0.000	0.000	0.000	320.000	65.000	23.000	320	65	23	1	1	1
0.024	0.511	1	1	251.000	251.000	0.000	251.000	251	251	345.000	69.000	23.000	0.000	0.000	0.000	345.000	69.000	23.000	345	69	23	1	1	1
0.024	0.511	1	1	240.000	240.000	0.000	240.000	240	240	413.000	71.000	23.000	0.000	0.000	0.000	413.000	71.000	23.000	413	71	23	1	1	1
0.024	0.511	1	1	202.000	202.000	0.000	202.000	202	202	420.000	86.000	23.000	0.000	0.000	0.000	420.000	86.000	23.000	420	86	23	1	1	1
0.096	1.464	4	4	941.000	235.250	49.379	215.000	203	308	478.000	111.750	23.000	0.190	0.092	0.221	478.003	111.762	23.000	477	111	23	3	2	1
0.048	0.829	2	2	470.000	235.000	7.071	235.000	230	240	492.000	112.500	23.000	0.124	0.000	0.124	492.000	112.489	23.000	492	112	23	1	2	1
0.096	1.270	4	4	987.000	246.750	6.397	246.000	240	255	366.500	118.500	23.000	0.176	0.000	0.176	366.502	118.506	23.000	366	118	23	2	2	1
0.048	0.829	2	2	454.000	227.000	28.284	227.000	207	247	451.500	118.000	23.000	0.124	0.000	0.124	451.456	118.000	23.000	451	118	23	2	1	1
0.096	1.270	4	4	1030.000	257.500	33.481	257.000	217	299	492.500	132.500	23.000	0.176	0.000	0.176	492.460	132.540	23.000	492	132	23	2	2	1
0.072	1.146	3	3	685.000	228.333	40.526	208.000	202	275	487.333	134.667	23.000	0.163	0.039	0.185	487.304	134.705	23.000	487	134	23	2	2	1
0.121	1.587	5	5	1262.000	252.400	27.943	259.000	213	289	151.200	137.600	23.000	0.211	0.079	0.222	151.242	137.604	23.000	150	137	23	3	2	1
0.096	1.270	4	4	927.000	231.750	2.872	232.500	228	234	206.500	141.500	23.000	0.176	0.000	0.176	206.498	141.505	23.000	206	141	23	2	2	1
0.048	0.829	2	2	418.000	209.000	2.828	209.000	207	211	478.000	144.500	23.000	0.124	0.000	0.124	478.000	144.505	23.000	478	144	23	1	2	1
0.072	1.146	3	3	791.000	263.667	44.613	260.000	221	310	189.667	150.333	23.000	0.163	0.039	0.185	189.671	150.279	23.000	189	150	23	2	2	1
0.096	1.464	4	4	944.000	236.000	46.847	222.000	200	300	458.000	151.750	23.000	0.190	0.092	0.221	457.998	151.744	23.000	457	151	23	3	2	1
0.048	0.829	2	2	458.000	229.000	41.012	229.000	200	258	502.000	153.500	23.000	0.124	0.000	0.124	502.000	153.563	23.000	502	153	23	1	2	1
0.072	1.146	3	3	780.000	260.000	43.555	252.000	221	307	93.667	160.333	23.000	0.163	0.039	0.185	93.677	160.283	23.000	93	160	23	2	2	1
0.024	0.511	1	1	217.000	217.000	0.000	217.000	217	217	204.000	166.000	23.000	0.000	0.000	0.000	204.000	166.000	23.000	204	166	23	1	1	1
0.072	1.146	3	3	660.000	220.000	12.000	220.000	208	232	129.667	175.333	23.000	0.163	0.039	0.185	129.667	175.315	23.000	129	175	23	2	2	1
0.048	0.829	2	2	450.000	225.000	28.284	225.000	205	245	169.500	175.000	23.000	0.124	0.000	0.124	169.456	175.000	23.000	169	175	23	2	1	1
0.096	1.270	4	4	963.000	240.750	34.355	240.500	211	271	490.500	181.500	23.000	0.176	0.000	0.176	490.438	181.501	23.000	490	181	23	2	2	1
0.096	1.270	4	4	1060.000	265.000	35.646	263.000	230	304	123.500	183.500	23.000	0.176	0.000	0.176	123.443	183.487	23.000	123	183	23	2	2	1
0.072	1.146	3	3	613.000	204.333	1.528	204.000	203	206	220.333	185.333	23.000	0.163	0.039	0.185	220.331	185.333	23.000	220	185	23	2	2	1
0.048	0.829	2	2	414.000	207.000	8.485	207.000	201	213	127.000	186.500	23.000	0.124	0.000	0.124	127.000	186.514	23.000	127	186	23	1	2	1
0.048	0.829	2	2	494.000	247.000	32.527	247.000	224	270	0.000	200.500	23.000	0.124	0.000	0.124	0.000	200.453	23.000	0	200	23	1	2	1
0.024	0.511	1	1	210.000	210.000	0.000	210.000	210	210	380.000	203.000	23.000	0.000	0.000	0.000	380.000	203.000	23.000	380	203	23	1	1	1
0.096	1.270	4	4	1024.000	256.000	9.899	256.500	246	265	438.500	211.500	23.000	0.176	0.000	0.176	438.499	211.483	23.000	438	211	23	2	2	1
0.048	0.829	2	2	460.000	230.000	14.142	230.000	220	240	7.000	218.500	23.000	0.124	0.000	0.124	7.000	218.478	23.000	7	218	23	1	2	1
0.121	1.587	5	5	1209.000	241.800	33.454	244.000	206	290	29.800	218.400	23.000	0.211	0.079	0.222	29.806	218.442	23.000	29	218	23	3	2	1
0.096	1.270	4	4	1131.000	282.750	31.330	280.500	251	319	198.500	218.500	23.000	0.176	0.000	0.176	198.454	218.485	23.000	198	218	23	2	2	1
0.072	1.146	3	3	668.000	222.667	16.197	231.000	204	233	147.667	219.333	23.000	0.163	0.039	0.185	147.695	219.349	23.000	147	219	23	2	2	1
0.169	2.029	7	7	1632.000	233.143	23.926	226.000	203	273	17.000	231.000	23.000	0.242	0.117	0.249	16.968	231.031	23.000	16	230	23	3	3	1
0.024	0.511	1	1	227.000	227.000	0.000	227.000	227	227	432.000	230.000	23.000	0.000	0.000	0.000	432.000	230.000	23.000	432	230	23	1	1	1
0.072	1.146	3	3	772.000	257.333	42.899	241.000	225	306	203.667	232.333	23.000	0.163	0.039	0.185	203.688	232.291	23.000	203	232	23	2	2	1
0.024	0.511	1	1	224.000	224.000	0.000	224.000	224	224	6.000	233.000	23.000	0.000	0.000	0.000	6.000	233.000	23.000	6	233	23	1	1	1
0.048	0.829	2	2	524.000	262.000	5.657	262.000	258	266	430.000	243.500	23.000	0.124	0.000	0.124	430.000	243.508	23.000	430	243	23	1	2	1
0.048	0.829	2	2	526.000	263.000	1.414	263.000	262	264	486.000	247.500	23.000	0.124	0.000	0.124	486.000	247.502	23.000	486	247	23	1	2	1
0.072	1.146	3	3	730.000	243.333	40.673	239.000	205	286	16.333	248.333	23.000	0.163	0.039	0.185	16.327	248.281	23.000	16	248	23	2	2	1
0.024	0.511	1	1	203.000	203.000	0.000	203.000	203	203	28.000	248.000	23.000	0.000	0.000	0.000	28.000	248.000	23.000	28	248	23	1	1	1
0.024	0.511	1	1	253.000	253.000	0.000	253.000	253	253	117.000	262.000	23.000	0.000	0.000	0.000	117.000	262.000	23.000	117	262	23	1	1	1
0.048	0.829	2	2	435.000	217.500	23.335	217.500	201	234	432.000	267.500	23.000	0.124	0.000	0.124	432.000	267.462	23.000	432	267	23	1	2	1
0.096	1.270	4	4	1052.000	263.000	28.202	258.500	234	301	103.500	270.500	23.000	0.176	0.000	0.176	103.473	270.537	23.000	103	270	23	2	2	1
0.048	0.829	2	2	431.000	215.500	7.778	215.500	210	221	125.500	273.000	23.000	0.124	0.000	0.124	125.487	273.000	23.000	125	273	23	2	1	1
0.048	0.829	2	2	469.000	234.500	19.092	234.500	221	248	132.000	285.500	23.000	0.124	0.000	0.124	132.000	285.529	23.000	132	285	23	1	2	1
0.072	1.146	3	3	772.000	257.333	17.926	248.000	246	278	112.667	288.333	23.000	0.163	0.039	0.185	112.681	288.321	23.000	112	288	23	2	2	1
0.048	0.829	2	2	422.000	211.000	4.243	211.000	208	214	180.000	292.500	23.000	0.124	0.000	0.124	180.000	292.493	23.000	180	292	23	1	2	1
0.072	1.146	3	3	732.000	244.000	32.419	238.000	215	279	217.667	293.667	23.000	0.163	0.039	0.185	217.675	293.706	23.000	217	293	23	2	2	1
0.048	0.829	2	2	480.000	240.000	26.870	240.000	221	259	0.000	307.500	23.000	0.124	0.000	0.124	0.000	307.540	23.000	0	307	23	1	2	1
0.024	0.511	1	1	225.000	225.000	0.000	225.000	225	225	412.000	308.000	23.000	0.000	0.000	0.000	412.000	308.000	23.000	412	308	23	1	1	1
0.048	0.829	2	2	548.000	274.000	2.828	274.000	272	276	123.500	312.000	23.000	0.124	0.000	0.124	123.504	312.000	23.000	123	312	23	2	1	1
0.048	0.829	2	2	533.000	266.500	9.192	266.500	260	273	229.500	312.000	23.000	0.124	0.000	0.124	229.512	312.000	23.000	229	312	23	2	1	1
0.048	0.829	2	2	454.000	227.000	4.243	227.000	224	230	463.000	314.500	23.000	0.124	0.000	0.124	463.000	314.493	23.000	463	314	23	1	2	1
0.048	0.829	2	2	460.000	230.000	16.971	230.000	218	242	17.500	317.000	23.000	0.124	0.000	0.124	17.526	317.000	23.000	17	317	23	2	1	1
0.096	1.270	4	4	1039.000	259.750	40.186	257.500	222	302	181.500	323.500	23.000	0.176	0.000	0.176	181.434	323.489	23.000	181	323	23	2	2	1
0.048	0.829	2	2	414.000	207.000	4.243	207.000	204	210	126.500	329.000	23.000	0.124	0.000	0.124	126.493	329.000	23.000	126	329	23	2	1	1
0.024	0.511	1	1	239.000	239.000	0.000	239.000	239	239	364.000	344.000	23.000	0.000	0.000	0.000	364.000	344.000	23.000	364	344	23	1	1	1
0.048	0.829	2	2	423.000	211.500	3.536	211.500	209	214	220.500	348.000	23.000	0.124	0.000	0.124	220.494	348.000	23.000	220	348	23	2	1	1
0.024	0.511	1	1	216.000	216.000	0.000	216.000	216	216	351.000	348.000	23.000	0.000	0.000	0.000	351.000	348.000	23.000	351	348	23	1	1	1
0.024	0.511	1	1	209.000	209.000	0.000	209.000	209	209	438.000	348.000	23.000	0.000	0.000	0.000	438.000	348.000	23.000	438	348	23	1	1	1
0.024	0.511	1	1	234.000	234.000	0.000	234.000	234	234	111.000	364.000	23.000	0.000	0.000	0.000	111.000	364.000	23.000	111	364	23	1	1	1
0.048	0.829	2	2	480.000	240.000	45.255	240.000	208	272	130.000	370.500	23.000	0.124	0.000	0.124	130.000	370.567	23.000	130	370	23	1	2	1
0.048	0.829	2	2	448.000	224.000	25.456	224.000	206	242	426.500	376.000	23.000	0.124	0.000	0.124	426.540	376.000	23.000	426	376	23	2	1	1
0.072	1.146	3	3	777.000	259.000	48.125	263.000	209	305	115.667	380.333	23.000	0.163	0.039	0.185	115.662	380.269	23.000	115	380	23	2	2	1
0.048	0.829	2	2	452.000	226.000	7.071	226.000	221	231	165.000	382.500	23.000	0.124	0.000	0.124	165.000	382.489	23.000	165	382	23	1	2	1
0.048	0.829	2	2	431.000	215.500	14.849	215.500	205	226	418.000	385.500	23.000	0.124	0.000	0.124	418.000	385.476	23.000	418	385	23	1	2	1
0.096	1.270	4	4	886.000	221.500	18.628	219.500	201	246	57.500	386.500	23.000	0.176	0.000	0.176	57.523	386.528	23.000	57	386	23	2	2	1
0.048	0.829	2	2	466.000	233.000	7.071	233.000	228	238	149.000	390.500	23.000	0.124	0.000	0.124	149.000	390.511	23.000	149	390	23	1	2	1
0.048	0.829	2	2	450.000	225.000	32.527	225.000	202	248	177.500	394.000	23.000	0.124	0.000	0.124	177.449	394.000	23.000	177	394	23	2	1	1
0.024	0.511	1	1	227.000	227.000	0.000	227.000	227	227	509.000	396.000	23.000	0.000	0.000	0.000	509.000	396.000	23.000	509	396	23	1	1	1
0.048	0.829	2	2	469.000	234.500	3.536	234.500	232	237	347.000	399.500	23.000	0.124	0.000	0.124	347.000	399.495	23.000	347	399	23	1	2	1
0.048	0.829	2	2	544.000	272.000	18.385	272.000	259	285	387.500	399.000	23.000	0.124	0.000	0.124	387.476	399.000	23.000	387	399	23	2	1	1
0.096	1.270	4	4	1081.000	270.250	34.013	269.000	235	308	371.500	407.500	23.000	0.176	0.000	0.176	371.552	407.515	23.000	371	407	23	2	2	1
0.024	0.511	1	1	207.000	207.000	0.000	207.000	207	207	67.000	408.000	23.000	0.000	0.000	0.000	67.000	408.000	23.000	67	408	23	1	1	1
0.096	1.270	4	4	1023.000	255.750	18.733	255.500	234	278	378.500	414.500	23.000	0.176	0.000	0.176	378.472	414.515	23.000	378	414	23	2	2	1
0.072	1.146	3	3	643.000	214.333	9.292	217.000	204	222	106.333	416.667	23.000	0.163	0.039	0.185	106.337	416.683	23.000	106	416	23	2	2	1
0.024	0.511	1	1	224.000	224.000	0.000	224.000	224	224	355.000	419.000	23.000	0.000	0.000	0.000	355.000	419.000	23.000	355	419	23	1	1	1
0.048	0.829	2	2	475.000	237.500	6.364	237.500	233	242	132.500	421.000	23.000	0.124	0.000	0.124	132.509	421.000	23.000	132	421	23	2	1	1
0.048	0.829	2	2	421.000	210.500	2.121	210.500	209	212	73.000	425.500	23.000	0.124	0.000	0.124	73.000	425.504	23.000	73	425	23	1	2	1
0.024	0.511	1	1	207.000	207.000	0.000	207.000	207	207	163.000	425.000	23.000	0.000	0.000	0.000	163.000	425.000	23.000	163	425	23	1	1	1
0.096	1.270	4	4	1006.000	251.500	6.608	249.000	247	261	26.500	430.500	23.000	0.176	0.000	0.176	26.495	430.491	23.000	26	430	23	2	2	1
0.121	1.587	5	5	1191.000	238.200	24.864	238.000	212	278	27.400	446.200	23.000	0.211	0.079	0.222	27.401	446.210	23.000	27	445	23	2	3	1
0.096	1.270	4	4	1124.000	281.000	41.207	278.500	242	325	381.500	450.500	23.000	0.176	0.000	0.176	381.562	450.488	23.000	381	450	23	2	2	1
0.096	1.464	4	4	963.000	240.750	50.381	218.000	211	316	503.000	452.250	23.000	0.190	0.092	0.221	503.011	452.222	23.000	502	452	23	3	2	1
0.024	0.511	1	1	208.000	208.000	0.000	208.000	208	208	378.000	456.000	23.000	0.000	0.000	0.000	378.000	456.000	23.000	378	456	23	1	1	1
0.048	0.829	2	2	476.000	238.000	24.042	238.000	221	255	283.000	460.500	23.000	0.124	0.000	0.124	283.000	460.464	23.000	283	460	23	1	2	1
0.024	0.511	1	1	210.000	210.000	0.000	210.000	210	210	445.000	460.000	23.000	0.000	0.000	0.000	445.000	460.000	23.000	445	460	23	1	1	1
0.096	1.270	4	4	976.000	244.000	44.624	245.500	201	284	388.500	461.500	23.000	0.176	0.000	0.176	388.579	461.494	23.000	388	461	23	2	2	1
0.048	0.829	2	2	477.000	238.500	28.991	238.500	218	259	274.500	465.000	23.000	0.124	0.000	0.124	274.457	465.000	23.000	274	465	23	2	1	1
0.024	0.511	1	1	262.000	262.000	0.000	262.000	262	262	478.000	465.000	23.000	0.000	0.000	0.000	478.000	465.000	23.000	478	465	23	1	1	1
0.096	1.270	4	4	1169.000	292.250	25.237	291.000	266	321	380.500	471.500	23.000	0.176	0.000	0.176	380.535	471.512	23.000	380	471	23	2	2	1
0.024	0.511	1	1	207.000	207.000	0.000	207.000	207	207	442.000	479.000	23.000	0.000	0.000	0.000	442.000	479.000	23.000	442	479	23	1	1	1
0.024	0.511	1	1	218.000	218.000	0.000	218.000	218	218	370.000	485.000	23.000	0.000	0.000	0.000	370.000	485.000	23.000	370	485	23	1	1	1
0.024	0.511	1	1	266.000	266.000	0.000	266.000	266	266	349.000	494.000	23.000	0.000	0.000	0.000	349.000	494.000	23.000	349	494	23	1	1	1
0.096	1.270	4	4	1078.000	269.500	23.756	269.500	242	297	349.500	508.500	23.000	0.176	0.000	0.176	349.517	508.466	23.000	349	508	23	2	2	1
