Volume (micron^3)	Surface (micron^2)	Nb of obj. voxels	Nb of surf. voxels	IntDen	Mean	StdDev	Median	Min	Max	X	Y	Z	Mean dist. to surf. (micron)	SD dist. to surf. (micron)	Median dist. to surf. (micron)	XM	YM	ZM	BX	BY	BZ	B-width	B-height	B-depth
1.326	9.346	55	50	234	4.255	4.608	2.000	1	19	83.273	0.709	2.436	0.615	0.191	0.617	83.201	0.372	2.073	80	0	1	7	3	5
22.896	76.267	950	496	86239	90.778	184.703	12.000	1	1203	95.640	4.284	4.526	1.851	0.547	1.926	96.534	3.824	3.074	86	0	1	20	11	10
3.929	17.863	163	103	1095	6.718	8.001	3.000	1	40	139.779	5.387	3.393	0.924	0.216	0.892	139.871	5.339	2.896	137	3	1	6	6	7
0.892	6.929	37	34	57	1.541	0.730	1.000	1	4	163.000	4.000	3.000	0.541	0.196	0.525	163.000	4.000	2.965	162	3	1	3	3	5
10.605	36.079	440	231	25394	57.714	110.370	8.000	1	616	440.761	6.405	4.323	1.341	0.312	1.340	440.682	6.460	3.090	436	3	1	10	9	10
0.675	4.920	28	26	41	1.464	0.637	1.000	1	3	275.071	5.000	2.000	0.436	0.090	0.463	275.049	5.000	1.878	274	4	1	4	3	3
0.265	3.333	11	10	11	1.000	0.000	1.000	1	1	362.000	4.000	2.364	0.333	0.079	0.319	362.000	4.000	2.364	361	3	1	3	3	3
3.302	16.258	137	94	667	4.869	5.396	2.000	1	28	460.204	5.934	3.285	0.877	0.234	0.861	460.175	5.970	2.924	458	4	1	6	5	7
3.181	15.395	132	85	527	3.992	4.012	2.000	1	17	219.576	6.500	2.879	0.818	0.124	0.793	219.617	6.541	2.603	217	4	1	6	6	6
1.735	10.158	72	52	147	2.042	1.505	1.000	1	7	392.792	6.000	2.708	0.668	0.127	0.637	392.741	6.000	2.599	391	4	1	5	5	5
11.328	37.720	470	237	15286	32.523	50.957	8.000	1	270	192.623	10.085	4.004	1.341	0.263	1.323	192.573	10.002	2.985	188	6	1	10	10	9
0.675	5.766	28	26	30	1.071	0.262	1.000	1	2	2.000	9.000	2.500	0.461	0.137	0.402	2.000	9.000	2.500	1	8	1	3	3	4
3.663	16.876	152	97	721	4.743	5.241	2.000	1	25	58.493	9.454	3.092	0.879	0.165	0.846	58.588	9.623	2.630	55	7	1	7	6	6
2.916	14.460	121	81	486	4.017	4.058	2.000	1	19	127.595	10.017	3.041	0.813	0.171	0.801	127.669	10.012	2.677	125	8	1	6	5	6
7.664	29.521	318	174	3892	12.239	18.380	5.000	1	102	178.296	15.157	3.541	1.145	0.221	1.132	177.624	15.350	3.089	174	12	1	10	8	8
0.337	3.439	14	14	15	1.071	0.267	1.000	1	2	250.000	15.000	1.357	0.318	0.068	0.353	250.000	15.000	1.333	249	14	1	3	3	2
0.844	6.525	35	31	39	1.114	0.323	1.000	1	2	299.629	15.914	2.343	0.501	0.132	0.483	299.615	15.923	2.359	298	15	1	4	3	4
5.736	23.294	238	142	3921	16.475	25.286	5.000	1	133	244.819	18.887	3.576	1.056	0.229	1.045	244.785	18.958	2.702	242	16	1	7	7	8
0.362	3.439	15	15	16	1.067	0.258	1.000	1	2	117.067	17.933	1.400	0.325	0.068	0.330	117.062	17.938	1.375	116	17	1	3	3	2
0.313	3.914	13	12	13	1.000	0.000	1.000	1	1	500.846	19.000	2.385	0.382	0.136	0.336	500.846	19.000	2.385	500	18	1	3	3	4
5.350	21.901	222	140	4911	22.122	31.535	8.000	1	147	1.986	22.964	3.739	1.039	0.265	1.038	1.574	22.916	2.883	0	20	1	6	7	8
4.627	19.874	192	116	2163	11.266	15.361	4.000	1	72	26.849	22.547	3.120	0.941	0.147	0.924	26.872	22.553	2.550	24	19	1	7	8	6
0.892	6.595	37	33	48	1.297	0.520	1.000	1	3	273.054	22.270	2.297	0.510	0.133	0.510	273.042	22.208	2.333	272	21	1	3	4	4
4.411	20.597	183	123	636	3.475	3.804	2.000	1	24	294.934	24.197	3.257	0.956	0.234	0.951	294.983	23.774	3.063	293	21	1	6	8	8
12.605	50.081	523	304	11159	21.337	41.103	5.000	1	285	324.880	26.663	3.688	1.426	0.421	1.467	325.618	25.264	2.952	319	21	1	12	14	9
10.532	35.250	437	231	27135	62.094	117.611	9.000	1	681	167.620	26.304	4.387	1.345	0.319	1.335	167.616	26.303	3.142	164	22	1	9	10	10
3.230	15.235	134	90	876	6.537	7.256	3.000	1	32	421.522	25.970	3.134	0.848	0.183	0.852	421.534	25.973	2.565	419	24	1	6	5	6
0.434	4.409	18	17	18	1.000	0.000	1.000	1	1	212.778	26.667	2.222	0.384	0.101	0.369	212.778	26.667	2.222	212	25	1	3	4	3
6.507	26.028	270	157	5442	20.156	31.856	6.000	1	158	40.563	31.367	3.544	1.096	0.224	1.083	40.612	31.361	2.815	37	28	1	8	8	8
2.989	14.971	124	82	479	3.863	3.781	2.000	1	19	123.879	31.153	3.202	0.822	0.179	0.850	123.854	31.154	2.990	121	29	1	6	6	6
0.603	5.184	25	23	27	1.080	0.277	1.000	1	2	83.040	30.000	2.680	0.434	0.123	0.380	83.074	30.000	2.704	82	29	1	3	3	4
4.338	19.239	180	114	1563	8.683	11.096	4.000	1	54	215.078	32.589	3.083	0.921	0.154	0.901	215.058	32.628	2.610	212	30	1	7	7	6
1.253	8.851	52	42	105	2.019	1.321	1.000	1	6	4.923	32.000	3.000	0.641	0.205	0.576	4.962	32.000	2.657	3	30	1	4	5	6
1.567	9.399	65	51	117	1.800	1.135	1.000	1	5	275.646	34.138	2.431	0.623	0.101	0.619	275.667	34.145	2.308	274	32	1	5	5	4
1.181	7.547	49	41	68	1.388	0.671	1.000	1	3	373.408	34.408	2.592	0.568	0.116	0.578	373.382	34.382	2.647	372	33	1	4	4	4
0.578	4.990	24	22	26	1.083	0.282	1.000	1	2	492.000	34.000	2.250	0.421	0.110	0.384	492.000	34.000	2.269	491	33	1	3	3	4
5.543	22.836	230	139	2904	12.626	17.787	4.000	1	88	501.196	38.148	3.500	1.042	0.227	1.020	501.189	38.206	2.838	498	35	1	7	7	8
2.362	13.243	98	68	313	3.194	2.878	2.000	1	14	220.235	38.990	2.888	0.742	0.150	0.728	220.246	39.006	2.764	218	37	1	6	5	6
3.278	16.365	136	93	971	7.140	8.754	3.000	1	43	292.235	40.051	2.912	0.825	0.138	0.817	292.154	40.023	2.473	289	37	1	7	7	6
0.675	5.766	28	26	30	1.071	0.262	1.000	1	2	115.000	40.000	2.500	0.461	0.137	0.402	115.000	40.000	2.500	114	39	1	3	3	4
3.832	17.475	159	104	1129	7.101	8.292	3.000	1	38	206.484	43.736	3.289	0.898	0.195	0.880	206.466	43.885	2.788	204	41	1	6	6	7
3.687	17.405	153	98	1120	7.320	8.739	4.000	1	45	354.778	43.222	3.209	0.884	0.178	0.873	354.876	43.127	2.734	352	41	1	6	6	7
4.290	18.992	178	111	1680	9.438	12.119	4.000	1	55	490.478	45.197	3.275	0.929	0.195	0.913	490.470	45.121	2.699	488	42	1	6	7	7
2.097	12.344	87	63	229	2.632	2.064	2.000	1	9	329.701	48.161	2.667	0.713	0.147	0.702	329.694	48.175	2.445	327	46	1	6	6	5
1.398	9.840	58	44	82	1.414	0.676	1.000	1	4	163.431	48.810	2.397	0.609	0.120	0.627	163.598	48.866	2.427	160	47	1	7	5	4
11.472	39.608	476	254	24142	50.718	94.507	9.000	1	576	340.193	51.824	3.905	1.350	0.273	1.334	339.696	51.874	2.787	335	48	1	14	9	9
0.241	2.664	10	10	10	1.000	0.000	1.000	1	1	235.000	50.000	1.100	0.281	0.099	0.301	235.000	50.000	1.100	234	49	1	3	3	2
1.085	7.865	45	38	54	1.200	0.405	1.000	1	2	403.333	51.400	2.356	0.562	0.146	0.550	403.333	51.407	2.333	402	50	1	4	4	5
0.554	5.097	23	22	31	1.348	0.714	1.000	1	4	464.000	53.000	1.478	0.393	0.099	0.398	464.000	53.000	1.387	462	51	1	5	5	3
0.603	5.625	25	23	26	1.040	0.200	1.000	1	2	456.680	53.680	2.080	0.428	0.101	0.452	456.692	53.692	2.077	455	52	1	4	4	3
3.832	20.967	159	107	561	3.528	3.855	2.000	1	19	488.686	56.717	2.956	0.893	0.199	0.903	489.178	56.898	2.840	484	52	1	9	8	6
6.339	25.446	263	151	5043	19.175	30.286	6.000	1	157	7.316	57.236	3.525	1.083	0.223	1.072	7.320	57.247	2.703	4	54	1	8	8	8
4.507	19.310	187	114	1914	10.235	13.093	4.000	1	62	477.310	56.594	3.305	0.943	0.182	0.934	477.320	56.681	2.793	474	54	1	7	7	7
0.458	4.603	19	18	20	1.053	0.229	1.000	1	2	157.000	57.000	2.000	0.382	0.086	0.390	157.000	57.000	2.000	156	56	1	3	3	3
9.110	31.971	378	203	18811	49.765	93.321	8.500	1	546	184.622	60.772	3.992	1.252	0.273	1.228	184.606	60.882	2.928	180	57	1	9	9	9
3.784	18.093	157	97	567	3.611	3.587	2.000	1	18	198.166	58.898	3.108	0.886	0.149	0.872	198.300	58.862	2.822	195	56	1	7	7	6
92447.984	42170.707	3835814	400965	1058694336	276.003	319.817	170.000	1	3713	274.153	289.009	15.866	44.717	12.620	46.100	288.838	282.268	19.227	7	57	1	505	455	31
2.386	12.715	99	68	328	3.313	3.053	2.000	1	14	455.626	58.980	2.737	0.739	0.122	0.711	455.659	58.970	2.537	453	57	1	6	5	5
0.386	4.496	16	15	17	1.062	0.250	1.000	1	2	71.062	58.000	2.875	0.418	0.138	0.422	71.059	58.000	2.882	70	57	1	3	3	4
0.241	2.664	10	10	10	1.000	0.000	1.000	1	1	299.000	59.000	1.100	0.281	0.099	0.301	299.000	59.000	1.100	298	58	1	3	3	2
5.591	22.960	232	137	4270	18.405	28.088	5.500	1	145	470.254	61.039	3.444	1.035	0.198	1.003	470.231	61.041	2.730	467	58	1	8	7	7
0.964	7.812	40	30	54	1.350	0.662	1.000	1	4	147.000	60.000	2.350	0.544	0.101	0.558	147.000	60.000	2.352	145	58	1	5	5	4
6.266	26.540	260	159	2053	7.896	12.126	3.000	1	72	113.935	62.815	3.327	1.076	0.225	1.083	113.129	62.321	2.872	110	59	1	9	8	7
3.037	15.148	126	89	764	6.063	6.817	3.000	1	33	28.294	63.952	2.802	0.801	0.141	0.779	28.166	63.949	2.401	26	61	1	6	7	6
0.578	4.990	24	22	31	1.292	0.550	1.000	1	3	406.167	63.000	2.917	0.425	0.120	0.437	406.161	63.000	2.935	405	62	1	3	3	4
0.892	6.154	37	34	43	1.162	0.442	1.000	1	3	408.000	69.000	2.568	0.525	0.171	0.611	408.023	69.000	2.581	407	68	1	3	3	5
2.940	15.466	122	88	722	5.918	6.488	3.000	1	30	468.049	71.115	2.697	0.791	0.165	0.764	468.035	71.025	2.352	465	68	1	7	7	6
1.808	11.515	75	52	175	2.333	1.833	1.000	1	9	98.947	73.000	2.707	0.674	0.120	0.628	98.960	73.000	2.531	97	71	1	5	5	5
0.651	5.696	27	23	31	1.148	0.362	1.000	1	2	145.667	72.000	2.815	0.460	0.121	0.436	145.645	72.000	2.774	144	71	1	4	3	4
2.723	14.460	113	78	333	2.947	2.528	2.000	1	13	345.080	73.708	3.044	0.803	0.185	0.794	345.087	73.748	2.970	343	71	1	5	7	6
2.145	12.485	89	61	225	2.528	1.828	2.000	1	8	503.315	74.213	2.910	0.731	0.164	0.706	503.347	74.209	2.720	501	72	1	6	5	6
11.279	36.627	468	239	28560	61.026	127.222	8.000	1	744	24.365	77.182	4.113	1.334	0.260	1.318	24.432	76.787	2.808	21	73	1	9	10	9
1.976	11.127	82	54	191	2.329	1.722	2.000	1	8	92.000	76.000	3.037	0.698	0.130	0.671	92.058	76.000	2.921	90	74	1	5	5	6
2.482	13.173	103	72	379	3.680	3.510	2.000	1	16	12.913	79.243	2.738	0.753	0.148	0.739	12.913	79.311	2.412	11	77	1	5	6	6
17.811	60.578	739	389	24537	33.203	67.250	6.000	1	507	449.610	86.583	3.708	1.573	0.406	1.598	449.342	88.027	2.903	444	78	1	14	17	9
7.568	28.285	314	172	6409	20.411	32.650	6.000	1	174	155.360	85.567	3.914	1.175	0.262	1.154	155.348	85.542	3.282	152	82	1	8	8	9
1.301	8.888	54	39	95	1.759	1.098	1.000	1	6	125.759	84.000	2.593	0.605	0.115	0.580	125.853	84.000	2.642	124	82	1	5	5	5
2.507	13.895	104	71	323	3.106	2.787	2.000	1	14	458.038	90.087	3.221	0.792	0.193	0.746	458.065	90.189	3.074	456	88	1	5	6	6
3.446	16.699	143	95	938	6.559	7.528	3.000	1	36	506.182	90.944	3.196	0.864	0.196	0.877	506.120	90.934	2.727	503	88	1	7	6	7
0.241	2.664	10	10	10	1.000	0.000	1.000	1	1	431.000	91.000	1.100	0.281	0.099	0.301	431.000	91.000	1.100	430	90	1	3	3	2
7.182	28.762	298	168	5845	19.614	32.204	5.000	1	180	383.178	95.285	3.738	1.138	0.230	1.129	383.363	95.323	3.058	378	91	1	10	9	8
7.303	27.562	303	170	6214	20.508	32.248	6.000	1	166	115.746	96.492	3.795	1.146	0.231	1.133	115.677	96.522	3.250	112	93	1	8	8	8
4.194	19.310	174	108	1964	11.287	15.812	4.500	1	83	24.098	96.954	3.144	0.928	0.191	0.901	24.191	97.002	2.505	21	94	1	7	7	7
0.289	3.105	12	12	12	1.000	0.000	1.000	1	1	371.083	98.333	1.083	0.318	0.112	0.326	371.083	98.333	1.083	370	97	1	3	4	2
1.229	8.975	51	39	70	1.373	0.631	1.000	1	4	446.098	98.000	2.824	0.628	0.169	0.589	446.100	98.000	2.686	444	96	1	5	5	5
2.121	11.515	88	60	204	2.318	1.963	1.000	1	11	410.920	99.932	3.034	0.722	0.145	0.687	410.902	99.961	2.941	409	98	1	5	5	6
1.615	10.175	67	51	143	2.134	1.455	2.000	1	7	12.060	101.597	2.612	0.657	0.156	0.643	12.133	101.741	2.329	10	100	1	5	5	5
0.675	5.766	28	26	37	1.321	0.612	1.000	1	3	4.000	103.000	2.500	0.461	0.137	0.402	4.000	103.000	2.405	3	102	1	3	3	4
1.085	6.929	45	42	81	1.800	0.842	2.000	1	4	28.000	105.000	3.000	0.601	0.216	0.525	28.025	105.000	2.901	27	104	1	3	3	5
3.133	14.707	130	88	604	4.646	4.889	3.000	1	26	434.892	108.000	3.246	0.825	0.174	0.823	434.916	108.043	3.013	432	106	1	6	5	6
0.916	7.177	38	34	108	2.842	2.175	2.000	1	9	0.605	109.316	2.526	0.541	0.163	0.594	0.361	109.343	2.269	0	107	1	3	5	5
0.819	6.471	34	30	45	1.324	0.535	1.000	1	3	78.000	108.853	3.647	0.513	0.163	0.503	78.000	108.867	3.667	77	107	1	3	4	5
0.362	4.673	15	14	15	1.000	0.000	1.000	1	1	60.533	114.000	2.133	0.418	0.167	0.448	60.533	114.000	2.133	59	113	1	4	3	4
1.494	11.127	62	51	92	1.484	0.784	1.000	1	4	475.161	117.952	2.500	0.640	0.174	0.628	474.913	117.989	2.380	473	115	1	7	6	4
6.772	27.368	281	162	4661	16.587	25.141	6.000	1	129	56.192	122.523	3.573	1.111	0.222	1.095	56.280	122.542	3.082	51	119	1	10	8	8
7.279	27.315	302	170	8096	26.808	44.008	7.000	1	248	506.997	121.798	3.831	1.151	0.249	1.129	507.006	121.808	2.979	503	118	1	9	8	8
3.808	18.110	158	102	745	4.715	5.197	2.500	1	26	70.475	123.000	3.468	0.917	0.230	0.881	70.420	122.996	3.383	68	120	1	6	7	7
0.265	3.333	11	10	11	1.000	0.000	1.000	1	1	82.000	121.000	2.364	0.333	0.079	0.319	82.000	121.000	2.364	81	120	1	3	3	3
1.904	11.515	79	58	207	2.620	2.244	1.000	1	11	493.127	125.949	2.671	0.701	0.154	0.690	493.077	125.976	2.483	491	124	1	5	5	5
0.723	5.572	30	28	32	1.067	0.254	1.000	1	2	424.933	125.033	3.067	0.468	0.153	0.479	424.938	125.031	3.031	424	124	1	3	3	5
5.929	24.477	246	147	3941	16.020	24.125	5.000	1	120	464.378	128.228	3.451	1.063	0.218	1.039	464.405	128.214	2.816	461	125	1	8	8	8
3.061	14.707	127	85	495	3.898	3.930	2.000	1	21	423.102	130.016	3.299	0.819	0.172	0.808	423.038	130.063	3.168	421	128	1	6	5	6
14.605	44.279	606	282	72051	118.896	270.337	11.000	1	1617	18.583	137.734	4.685	1.491	0.316	1.507	18.594	137.638	2.982	14	133	1	10	11	11
6.363	24.300	264	153	6406	24.265	39.170	6.000	1	211	5.951	137.943	3.530	1.075	0.198	1.054	5.926	138.003	2.773	2	135	1	8	7	8
1.928	11.127	80	56	176	2.200	1.664	1.000	1	9	452.875	145.913	2.963	0.699	0.134	0.670	452.881	145.955	2.977	451	144	1	5	5	5
0.289	3.051	12	12	12	1.000	0.000	1.000	1	1	431.167	145.917	1.250	0.311	0.087	0.315	431.167	145.917	1.250	430	145	1	3	3	2
0.795	6.137	33	29	37	1.121	0.331	1.000	1	2	24.545	148.000	3.030	0.478	0.127	0.472	24.541	148.000	3.027	23	147	1	4	3	5
3.784	16.753	157	102	868	5.529	6.329	3.000	1	30	31.592	152.573	3.159	0.888	0.164	0.862	31.684	152.517	2.911	29	150	1	6	6	6
0.506	4.726	21	19	28	1.333	0.577	1.000	1	3	488.667	152.000	1.762	0.412	0.095	0.421	488.679	152.000	1.643	487	151	1	4	3	3
3.856	18.604	160	98	1112	6.950	8.660	3.000	1	47	456.044	154.094	3.200	0.894	0.166	0.889	456.035	154.031	2.920	453	151	1	7	7	7
0.747	6.595	31	28	34	1.097	0.301	1.000	1	2	474.516	151.806	3.065	0.491	0.154	0.478	474.529	151.824	3.029	473	151	1	4	3	5
2.579	12.996	107	76	442	4.131	3.890	3.000	1	19	4.925	154.850	3.019	0.777	0.176	0.770	4.934	154.781	2.674	3	153	1	5	5	6
0.362	3.827	15	15	16	1.067	0.258	1.000	1	2	72.067	154.000	1.467	0.343	0.104	0.325	72.062	154.000	1.438	71	153	1	3	3	3
8.002	29.732	332	182	11729	35.328	62.394	7.000	1	345	13.864	157.334	3.735	1.188	0.260	1.155	13.882	157.326	2.844	10	154	1	9	8	9
5.061	24.741	210	142	1651	7.862	10.749	3.000	1	50	482.305	158.129	3.029	1.044	0.298	1.019	483.129	158.508	2.644	476	155	1	11	7	6
2.964	14.848	123	82	542	4.407	4.433	2.000	1	21	492.585	162.089	3.065	0.820	0.180	0.812	492.629	162.089	2.797	490	160	1	6	5	6
1.301	8.570	54	46	73	1.352	0.555	1.000	1	3	468.981	161.519	2.667	0.585	0.128	0.588	468.932	161.466	2.671	467	160	1	5	4	4
4.796	22.502	199	129	1388	6.975	9.055	3.000	1	46	26.563	168.804	3.377	1.003	0.265	0.954	26.535	169.002	3.223	24	163	1	6	10	7
0.723	5.679	30	28	36	1.200	0.407	1.000	1	2	484.000	167.367	1.867	0.448	0.099	0.450	484.000	167.444	1.861	483	165	1	3	5	3
6.941	30.350	288	179	2995	10.399	16.522	3.000	1	86	469.309	174.955	3.375	1.156	0.311	1.106	468.564	175.651	2.908	465	169	1	11	11	7
1.109	8.393	46	40	88	1.913	1.411	1.000	1	7	0.783	171.674	2.913	0.596	0.191	0.576	0.523	171.716	3.034	0	170	1	4	5	5
3.832	17.652	159	102	1204	7.572	9.116	3.000	1	45	7.333	173.950	3.233	0.892	0.176	0.894	7.326	173.969	2.830	5	171	1	6	7	7
10.315	40.173	428	254	6795	15.876	27.491	4.000	1	179	504.437	176.283	3.283	1.284	0.330	1.267	505.255	175.254	2.734	500	172	1	10	12	8
1.494	9.663	62	46	115	1.855	1.199	1.000	1	6	33.516	178.097	3.145	0.643	0.147	0.624	33.470	178.070	3.139	31	176	1	5	5	5
0.410	4.884	17	14	19	1.118	0.332	1.000	1	2	482.000	178.000	3.000	0.447	0.171	0.462	482.000	178.000	2.947	481	177	1	3	3	5
2.314	12.220	96	70	320	3.333	2.994	2.000	1	14	488.094	181.125	2.812	0.747	0.149	0.735	488.191	181.097	2.622	486	179	1	6	5	5
0.651	5.184	27	25	30	1.111	0.320	1.000	1	2	502.000	195.111	2.778	0.446	0.127	0.450	502.000	195.133	2.767	501	194	1	3	3	4
2.217	12.749	92	68	360	3.913	3.630	2.000	1	18	1.304	201.207	3.120	0.743	0.200	0.723	1.103	201.128	2.925	0	199	1	4	6	6
2.410	13.066	100	68	280	2.800	2.462	2.000	1	12	483.800	206.060	3.560	0.780	0.191	0.766	483.839	206.096	3.479	482	204	1	5	5	6
0.482	4.392	20	20	22	1.100	0.308	1.000	1	2	31.400	207.050	1.450	0.374	0.109	0.352	31.409	207.045	1.409	30	206	1	4	3	3
3.808	18.234	158	104	909	5.753	6.396	3.000	1	32	501.215	208.291	3.247	0.902	0.200	0.888	501.120	208.188	2.927	498	206	1	7	6	7
6.001	24.387	249	141	3530	14.177	20.241	5.000	1	105	275.920	214.470	3.711	1.075	0.233	1.076	275.823	214.520	3.141	273	211	1	7	8	8
0.241	2.664	10	10	10	1.000	0.000	1.000	1	1	208.000	221.000	1.100	0.281	0.099	0.301	208.000	221.000	1.100	207	220	1	3	3	2
3.230	15.994	134	86	510	3.806	3.793	2.000	1	19	265.291	223.731	3.261	0.842	0.162	0.818	265.306	223.751	3.086	263	221	1	6	6	6
0.241	2.664	10	10	10	1.000	0.000	1.000	1	1	255.000	225.000	1.100	0.281	0.099	0.301	255.000	225.000	1.100	254	224	1	3	3	2
0.578	4.990	24	22	26	1.083	0.282	1.000	1	2	507.000	227.000	2.250	0.421	0.110	0.384	507.000	227.000	2.269	506	226	1	3	3	4
5.134	21.937	213	130	2424	11.380	15.649	5.000	1	82	210.751	231.085	3.385	0.999	0.200	0.969	210.717	231.069	2.917	207	228	1	8	7	7
0.627	7.089	26	25	27	1.038	0.196	1.000	1	2	318.269	230.423	1.769	0.494	0.191	0.482	318.259	230.407	1.778	317	228	1	4	7	3
9.110	32.429	378	203	10485	27.738	47.436	6.000	1	289	27.384	232.921	4.008	1.249	0.264	1.240	27.655	232.929	3.251	23	229	1	10	8	9
12.316	47.805	511	293	14724	28.814	58.787	5.000	1	396	248.689	234.704	3.890	1.445	0.413	1.437	247.493	233.392	3.065	243	230	1	13	12	9
0.410	4.162	17	16	17	1.000	0.000	1.000	1	1	509.059	232.412	2.294	0.389	0.126	0.373	509.059	232.412	2.294	508	231	1	3	3	4
3.591	16.505	149	97	816	5.477	6.047	3.000	1	28	268.242	235.671	3.121	0.880	0.176	0.863	268.195	235.684	2.738	266	233	1	6	6	6
0.241	2.664	10	10	10	1.000	0.000	1.000	1	1	296.900	234.100	1.100	0.296	0.114	0.298	296.900	234.100	1.100	296	233	1	3	3	2
12.002	46.113	498	284	18702	37.554	79.749	5.000	1	480	309.271	239.446	3.805	1.400	0.388	1.379	307.862	240.452	2.911	304	234	1	13	12	9
1.205	9.293	50	39	61	1.220	0.507	1.000	1	3	234.840	237.080	2.820	0.623	0.185	0.606	234.869	237.098	2.836	233	236	1	5	4	5
4.844	20.597	201	128	1219	6.065	7.141	3.000	1	37	16.383	240.473	3.542	0.993	0.231	0.958	16.249	240.436	3.231	13	237	1	8	7	7
0.988	7.441	41	35	55	1.341	0.575	1.000	1	3	24.268	239.000	3.293	0.575	0.196	0.566	24.218	239.000	3.291	23	238	1	4	3	5
0.386	4.355	16	15	17	1.062	0.250	1.000	1	2	224.938	239.750	2.125	0.397	0.141	0.389	224.941	239.765	2.118	224	239	1	3	3	4
3.230	15.483	134	90	731	5.455	6.203	2.500	1	30	233.530	248.075	3.052	0.843	0.176	0.842	233.557	248.033	2.802	231	246	1	6	6	6
0.482	4.867	20	17	20	1.000	0.000	1.000	1	1	209.550	247.000	2.750	0.422	0.114	0.400	209.550	247.000	2.750	208	246	1	4	3	4
1.085	7.547	45	36	57	1.267	0.495	1.000	1	3	493.711	248.533	2.622	0.558	0.132	0.531	493.719	248.579	2.649	492	247	1	4	4	5
2.362	13.156	98	72	306	3.122	2.645	2.000	1	12	315.765	250.020	2.684	0.754	0.163	0.725	315.748	249.980	2.484	313	248	1	6	6	5
3.205	15.306	133	92	844	6.346	6.629	4.000	1	31	1.744	251.759	3.256	0.855	0.197	0.861	1.432	251.833	2.873	0	249	1	5	6	6
1.494	9.399	62	51	92	1.484	0.741	1.000	1	4	25.113	248.129	3.548	0.617	0.152	0.623	25.120	248.239	3.609	24	246	1	4	5	6
2.458	13.226	102	70	386	3.784	3.793	2.000	1	18	301.990	251.333	2.696	0.748	0.127	0.718	301.956	251.326	2.508	300	248	1	5	7	5
12.774	46.307	530	283	38387	72.428	156.721	7.000	1	1024	216.591	257.398	4.138	1.432	0.347	1.392	217.177	258.117	3.044	210	250	1	12	13	9
5.808	27.722	241	164	1073	4.452	5.943	2.000	1	34	326.996	257.174	2.954	1.064	0.294	1.071	327.536	258.352	2.615	323	251	1	9	11	7
4.459	20.226	185	115	1652	8.930	11.253	4.000	1	59	5.411	258.984	3.486	0.955	0.205	0.909	5.372	259.009	3.143	2	256	1	7	7	7
0.337	3.563	14	14	15	1.071	0.267	1.000	1	2	33.929	259.000	1.286	0.338	0.101	0.357	33.933	259.000	1.267	33	258	1	4	3	2
9.809	35.517	407	226	21689	53.290	104.352	7.000	1	570	317.174	262.506	3.806	1.288	0.277	1.251	317.402	262.420	2.771	311	258	1	12	10	9
4.531	19.697	188	118	1902	10.117	12.783	4.000	1	61	267.681	263.537	3.293	0.949	0.191	0.927	267.713	263.555	2.897	265	260	1	7	8	7
1.157	7.882	48	43	80	1.667	0.883	1.000	1	5	287.708	261.000	2.729	0.585	0.188	0.568	287.750	261.000	2.775	286	260	1	4	3	5
0.771	8.272	32	31	32	1.000	0.000	1.000	1	1	187.375	262.406	1.781	0.556	0.226	0.530	187.375	262.406	1.781	185	260	1	6	6	4
0.844	7.513	35	33	37	1.057	0.236	1.000	1	2	193.800	265.229	1.714	0.539	0.194	0.530	193.757	265.243	1.676	191	264	1	7	4	4
4.820	20.791	200	121	2042	10.210	14.388	4.000	1	79	202.100	266.950	3.330	0.981	0.183	0.949	202.130	266.924	2.874	199	264	1	7	7	7
16.317	56.096	677	351	16778	24.783	55.353	5.000	1	441	9.529	275.015	3.789	1.519	0.356	1.502	8.534	275.787	3.198	4	267	1	13	16	9
0.819	6.084	34	31	37	1.088	0.288	1.000	1	2	265.235	272.971	2.412	0.513	0.152	0.554	265.216	272.973	2.378	264	272	1	4	3	4
10.195	35.110	423	218	4300	10.165	13.835	4.000	1	83	345.097	279.801	4.246	1.289	0.267	1.295	345.028	280.317	3.810	342	275	1	7	11	9
4.459	19.821	185	114	1643	8.881	11.269	4.000	1	54	283.276	280.432	3.238	0.943	0.173	0.926	283.247	280.369	2.749	280	277	1	7	8	7
3.061	15.359	127	90	525	4.134	4.093	2.000	1	20	199.811	281.961	3.126	0.831	0.192	0.853	199.808	281.910	2.884	197	280	1	6	6	6
6.315	24.300	262	153	5424	20.702	33.084	5.000	1	183	248.168	282.893	3.546	1.075	0.203	1.051	248.163	282.926	2.866	245	280	1	8	7	8
12.484	39.819	518	260	54790	105.772	224.329	11.500	1	1320	312.097	285.533	4.405	1.413	0.304	1.426	312.049	285.554	2.917	307	281	1	11	10	10
1.856	11.515	77	54	173	2.247	1.687	1.000	1	8	232.000	287.000	2.792	0.693	0.135	0.636	231.994	287.000	2.636	230	285	1	5	5	5
2.266	12.291	94	66	266	2.830	2.377	2.000	1	12	325.936	287.085	2.904	0.739	0.150	0.708	325.940	287.162	2.771	324	285	1	5	5	6
0.241	2.664	10	10	10	1.000	0.000	1.000	1	1	293.000	287.000	1.100	0.281	0.099	0.301	293.000	287.000	1.100	292	286	1	3	3	2
0.482	4.409	20	19	22	1.100	0.308	1.000	1	2	182.000	289.850	1.750	0.397	0.099	0.386	182.000	289.818	1.682	181	289	1	3	3	3
0.795	6.084	33	30	47	1.424	0.663	1.000	1	3	276.061	292.000	2.697	0.494	0.139	0.475	276.064	292.000	2.681	275	291	1	4	3	4
3.133	15.429	130	84	574	4.415	4.822	2.000	1	25	7.423	294.000	3.354	0.843	0.189	0.824	7.333	293.988	3.195	5	292	1	6	5	7
2.916	16.736	121	81	346	2.860	2.712	2.000	1	13	291.314	294.339	2.901	0.826	0.192	0.810	291.514	294.127	2.743	288	292	1	7	7	6
0.603	5.802	25	25	32	1.280	0.542	1.000	1	3	38.280	298.960	1.560	0.420	0.157	0.383	38.219	298.969	1.469	36	297	1	6	5	3
2.844	14.848	118	79	407	3.449	3.257	2.000	1	16	8.915	300.381	3.093	0.805	0.175	0.806	8.904	300.329	2.897	7	298	1	5	6	6
5.134	21.302	213	128	2426	11.390	15.276	5.000	1	77	265.873	301.324	3.441	0.999	0.197	0.971	265.849	301.272	2.917	263	298	1	7	7	7
0.337	3.439	14	14	15	1.071	0.267	1.000	1	2	495.000	301.000	1.357	0.318	0.068	0.353	495.000	301.000	1.333	494	300	1	3	3	2
7.737	36.186	321	208	2114	6.586	9.589	3.000	1	52	247.171	305.850	3.206	1.184	0.359	1.232	248.398	306.903	2.853	241	301	1	12	10	7
1.253	8.376	52	39	94	1.808	1.189	1.000	1	6	307.000	305.538	2.519	0.589	0.115	0.553	307.000	305.681	2.606	305	304	1	5	4	5
0.675	4.990	28	26	37	1.321	0.612	1.000	1	3	277.000	308.000	2.071	0.442	0.117	0.463	277.000	308.000	2.027	276	307	1	3	3	4
5.760	23.207	239	142	4714	19.724	31.574	5.000	1	160	328.473	309.854	3.343	1.039	0.201	1.010	328.463	309.870	2.555	325	307	1	8	7	7
9.255	42.606	384	232	3621	9.430	13.822	3.000	1	84	294.938	318.763	3.096	1.363	0.518	1.271	294.922	319.157	2.486	290	308	1	10	18	7
3.205	15.412	133	88	805	6.053	6.779	3.000	1	35	196.752	310.955	3.135	0.828	0.161	0.841	196.825	310.978	2.830	194	308	1	6	6	6
5.808	24.848	241	147	966	4.008	4.068	2.000	1	23	225.780	313.270	3.091	1.030	0.226	1.062	225.880	313.631	2.790	222	308	1	8	11	6
2.796	14.583	116	76	355	3.060	2.665	2.000	1	11	507.621	312.466	3.060	0.802	0.152	0.800	507.566	312.417	2.887	505	310	1	6	6	6
0.386	3.968	16	15	16	1.000	0.000	1.000	1	1	288.688	311.562	1.938	0.376	0.107	0.399	288.688	311.562	1.938	288	310	1	3	4	3
0.337	3.439	14	14	15	1.071	0.267	1.000	1	2	47.000	313.000	1.357	0.318	0.068	0.353	47.000	313.000	1.333	46	312	1	3	3	2
0.241	2.664	10	10	10	1.000	0.000	1.000	1	1	335.000	314.000	1.100	0.281	0.099	0.301	335.000	314.000	1.100	334	313	1	3	3	2
7.423	28.074	308	175	6184	20.078	31.580	5.000	1	166	25.049	317.380	3.805	1.153	0.241	1.130	24.961	317.496	3.092	21	313	1	9	9	8
5.037	22.676	209	124	1581	7.565	9.447	3.000	1	49	37.684	319.847	3.828	1.030	0.255	1.006	37.712	319.840	3.417	35	317	1	7	7	8
10.267	37.315	426	234	20512	48.150	95.020	5.000	1	517	278.108	320.143	3.845	1.307	0.302	1.285	278.618	320.434	2.924	271	316	1	12	9	9
1.880	11.498	78	54	145	1.859	1.384	1.000	1	7	314.090	319.013	2.833	0.675	0.110	0.661	314.117	319.014	2.814	312	317	1	6	5	5
5.736	23.454	238	140	4218	17.723	27.682	6.000	1	145	232.773	323.908	3.307	1.034	0.192	1.000	232.710	323.944	2.665	229	321	1	9	7	7
0.313	3.580	13	12	13	1.000	0.000	1.000	1	1	330.000	321.538	2.154	0.347	0.096	0.353	330.000	321.538	2.154	329	321	1	3	3	3
3.615	17.351	150	100	853	5.687	6.413	3.000	1	35	31.267	324.973	3.447	0.900	0.226	0.855	31.163	324.981	3.117	28	323	1	7	5	7
7.375	27.773	306	171	6657	21.755	34.628	6.000	1	206	40.173	331.948	3.977	1.170	0.277	1.150	40.129	331.966	3.126	37	329	1	8	7	9
8.484	35.604	352	208	8952	25.432	45.304	5.000	1	258	14.716	335.670	3.585	1.225	0.292	1.171	15.082	335.414	2.942	9	332	1	11	10	9
6.556	24.724	272	155	3639	13.379	18.056	5.000	1	90	324.059	335.357	3.272	1.064	0.166	1.036	323.957	335.289	2.653	320	332	1	8	8	7
0.337	3.546	14	14	14	1.000	0.000	1.000	1	1	370.857	335.286	1.071	0.365	0.149	0.361	370.857	335.286	1.071	370	333	1	3	5	2
5.326	22.131	221	129	2511	11.362	16.002	4.000	1	90	232.095	338.244	3.511	1.013	0.194	0.998	232.070	338.254	3.170	228	335	1	8	7	7
0.699	5.114	29	28	37	1.276	0.528	1.000	1	3	292.138	340.069	2.034	0.438	0.106	0.464	292.108	340.054	2.027	291	339	1	4	3	3
0.578	4.990	24	22	25	1.042	0.204	1.000	1	2	352.167	339.000	2.625	0.431	0.125	0.405	352.160	339.000	2.640	351	338	1	3	3	4
2.049	12.097	85	60	180	2.118	1.577	2.000	1	8	24.776	343.565	3.035	0.721	0.165	0.698	24.822	343.572	3.044	23	341	1	5	6	6
4.025	17.388	167	109	1373	8.222	9.996	3.000	1	46	11.521	347.635	3.132	0.898	0.165	0.876	11.551	347.771	2.656	9	344	1	6	7	6
2.241	13.791	93	69	163	1.753	1.028	1.000	1	5	326.903	347.688	2.387	0.743	0.201	0.710	326.865	347.650	2.368	322	344	1	9	8	4
1.856	11.515	77	60	158	2.052	1.477	1.000	1	7	502.844	345.468	2.948	0.707	0.179	0.690	502.924	345.424	2.930	500	343	1	6	6	5
1.446	9.663	60	45	122	2.033	1.426	1.000	1	7	296.300	346.000	2.567	0.621	0.111	0.616	296.246	346.000	2.566	294	344	1	5	5	5
0.265	2.874	11	11	11	1.000	0.000	1.000	1	1	380.273	347.182	1.455	0.300	0.057	0.302	380.273	347.182	1.455	379	346	1	3	3	2
0.458	5.291	19	19	19	1.000	0.000	1.000	1	1	262.211	347.947	2.158	0.635	0.171	0.617	262.211	347.947	2.158	260	346	1	5	5	4
5.591	26.891	232	147	1709	7.366	9.906	3.000	1	53	83.677	354.474	3.672	1.056	0.249	1.062	83.315	354.745	3.386	80	350	1	10	9	8
4.603	20.332	191	122	1700	8.901	11.501	4.000	1	53	282.110	355.366	3.168	0.948	0.189	0.926	282.075	355.361	2.666	279	352	1	7	8	7
1.494	9.981	62	46	102	1.645	0.907	1.000	1	4	267.355	355.113	2.565	0.645	0.144	0.628	267.294	355.108	2.539	265	353	1	5	5	5
0.627	5.625	26	24	27	1.038	0.196	1.000	1	2	340.538	355.808	2.154	0.445	0.123	0.447	340.556	355.815	2.148	339	355	1	4	3	4
0.337	3.439	14	14	15	1.071	0.267	1.000	1	2	313.000	357.000	1.357	0.318	0.068	0.353	313.000	357.000	1.333	312	356	1	3	3	2
15.184	48.442	630	312	18368	29.156	49.085	8.000	1	346	69.241	362.210	4.117	1.490	0.305	1.516	69.575	362.568	3.261	64	357	1	12	12	10
0.241	2.664	10	10	10	1.000	0.000	1.000	1	1	228.000	360.000	1.100	0.281	0.099	0.301	228.000	360.000	1.100	227	359	1	3	3	2
4.555	19.327	189	120	1482	7.841	9.617	3.000	1	48	81.196	362.360	3.524	0.959	0.214	0.926	81.114	362.374	3.123	78	360	1	7	6	7
0.771	6.331	32	29	41	1.281	0.523	1.000	1	3	315.469	362.031	2.312	0.507	0.146	0.521	315.439	362.073	2.366	314	361	1	4	3	4
0.241	2.664	10	10	10	1.000	0.000	1.000	1	1	374.000	365.000	1.100	0.281	0.099	0.301	374.000	365.000	1.100	373	364	1	3	3	2
1.567	11.903	65	50	95	1.462	0.731	1.000	1	4	319.769	366.508	2.846	0.677	0.195	0.648	319.600	366.432	2.779	318	364	1	7	6	5
3.085	15.429	128	88	617	4.820	5.228	3.000	1	28	92.180	368.984	3.461	0.829	0.196	0.798	92.170	369.021	3.323	90	367	1	6	5	7
1.446	8.764	60	50	119	1.983	1.186	2.000	1	5	266.483	370.383	2.550	0.606	0.144	0.612	266.471	370.471	2.387	265	369	1	4	4	5
1.060	7.160	44	36	57	1.295	0.509	1.000	1	3	296.182	370.364	2.432	0.542	0.109	0.528	296.175	370.316	2.439	295	369	1	4	4	4
6.772	26.222	281	161	6538	23.267	37.370	6.000	1	200	56.698	373.737	3.637	1.112	0.221	1.100	56.719	373.804	2.891	53	370	1	8	8	8
4.049	19.872	168	119	4356	25.929	42.963	6.000	1	233	509.613	375.964	3.625	0.984	0.310	0.988	510.350	375.970	2.832	507	373	1	5	7	9
7.978	29.239	331	190	7229	21.840	39.775	5.000	1	236	290.305	379.725	3.369	1.159	0.216	1.144	290.781	379.184	2.726	286	376	1	9	9	8
19.112	62.517	793	410	23412	29.523	54.036	7.000	1	365	306.119	379.942	3.701	1.711	0.538	1.763	306.882	379.714	2.853	296	376	1	20	9	8
0.747	5.696	31	27	35	1.129	0.341	1.000	1	2	68.839	379.000	2.839	0.472	0.121	0.461	68.800	379.000	2.800	67	378	1	4	3	4
2.940	16.258	122	85	247	2.025	1.423	1.000	1	7	270.410	381.598	3.148	0.830	0.197	0.837	270.425	381.530	3.206	268	379	1	6	7	6
2.651	15.095	110	79	191	1.736	1.194	1.000	1	7	371.855	380.445	3.809	0.791	0.175	0.793	371.644	380.670	3.859	369	378	1	7	6	6
2.964	14.954	123	82	289	2.350	1.769	2.000	1	9	275.171	386.683	2.951	0.806	0.126	0.811	275.277	386.571	2.779	272	384	1	7	6	5
0.313	3.051	13	13	14	1.077	0.277	1.000	1	2	347.154	386.846	1.308	0.316	0.078	0.321	347.143	386.857	1.286	346	386	1	3	3	2
4.001	20.507	166	112	682	4.108	4.438	2.000	1	25	97.735	391.114	3.940	1.011	0.350	0.951	97.824	391.085	3.308	95	389	1	6	6	9
8.122	29.942	337	188	10266	30.463	53.311	7.000	1	295	313.777	392.543	3.973	1.228	0.306	1.210	313.829	392.588	2.905	310	389	1	8	8	9
1.928	11.004	80	56	150	1.875	1.226	1.000	1	6	282.188	390.862	3.050	0.700	0.137	0.680	282.233	390.907	2.940	280	389	1	5	5	5
13.424	54.596	557	335	22504	40.402	95.074	5.000	1	682	352.384	395.664	3.544	1.467	0.408	1.448	352.211	394.124	2.858	344	390	1	15	14	9
0.675	4.990	28	26	31	1.107	0.315	1.000	1	2	304.000	394.000	2.071	0.442	0.117	0.463	304.032	394.000	2.097	303	393	1	3	3	4
7.857	33.418	326	193	987	3.028	2.691	2.000	1	16	60.730	397.227	3.469	1.207	0.331	1.219	61.243	397.333	3.419	54	394	1	14	7	7
6.700	25.466	278	162	1916	6.892	8.488	3.000	1	43	281.137	398.079	3.119	1.064	0.162	1.056	280.651	397.785	2.747	277	395	1	10	8	6
22.438	65.105	931	405	120697	129.642	308.619	9.000	1	1990	372.481	399.193	5.888	1.816	0.448	1.866	372.147	399.501	3.568	366	393	1	14	13	13
12.027	38.726	499	245	9358	18.754	26.697	6.000	1	130	72.573	401.281	3.986	1.346	0.216	1.324	72.592	401.448	3.287	68	396	1	10	11	9
0.265	3.333	11	10	11	1.000	0.000	1.000	1	1	11.000	398.000	2.364	0.333	0.079	0.319	11.000	398.000	2.364	10	397	1	3	3	3
12.002	48.653	498	298	9227	18.528	35.411	4.000	1	248	300.783	405.046	3.528	1.465	0.436	1.550	298.789	405.658	2.843	294	399	1	15	11	8
3.639	18.040	151	102	953	6.311	7.190	3.000	1	33	318.656	401.801	3.245	0.905	0.238	0.880	318.570	401.885	2.646	315	399	1	7	6	7
6.242	27.933	259	159	1003	3.873	4.085	2.000	1	22	84.826	405.668	3.151	1.080	0.261	1.152	85.212	405.779	3.004	80	402	1	11	8	6
1.928	11.833	80	58	158	1.975	1.368	1.000	1	6	287.212	405.712	2.812	0.702	0.163	0.662	287.177	405.690	2.734	285	403	1	5	6	6
3.278	15.589	136	88	608	4.471	4.849	2.000	1	22	354.441	408.500	2.853	0.832	0.143	0.798	354.367	408.472	2.523	352	406	1	6	6	6
3.929	17.582	163	108	1328	8.147	10.009	3.000	1	46	335.479	409.172	3.147	0.898	0.175	0.903	335.427	409.053	2.599	333	406	1	6	7	6
0.506	6.648	21	21	21	1.000	0.000	1.000	1	1	376.810	409.857	1.667	0.554	0.156	0.564	376.810	409.857	1.667	375	407	1	5	7	3
7.086	27.051	294	169	6802	23.136	37.787	6.000	1	195	59.565	411.129	3.820	1.151	0.256	1.130	59.571	411.120	2.949	56	408	1	8	8	8
0.386	4.091	16	14	16	1.000	0.000	1.000	1	1	381.500	409.500	2.000	0.382	0.089	0.428	381.500	409.500	2.000	380	408	1	4	4	3
0.964	6.525	40	36	45	1.125	0.335	1.000	1	2	361.425	416.000	2.475	0.534	0.142	0.542	361.444	416.000	2.444	360	415	1	4	3	4
2.266	12.678	94	62	181	1.926	1.378	1.000	1	7	73.000	420.000	3.372	0.762	0.186	0.731	73.006	420.000	3.392	71	418	1	5	5	6
10.773	41.813	447	252	5566	12.452	24.707	3.000	1	166	335.134	424.720	3.318	1.313	0.367	1.334	336.540	426.423	2.878	329	418	1	12	13	8
0.241	3.650	10	9	11	1.100	0.316	1.000	1	2	349.100	419.400	2.500	0.413	0.188	0.350	349.091	419.364	2.455	348	418	1	3	4	4
9.954	34.635	413	217	10975	26.574	47.826	6.000	1	288	71.530	428.971	3.780	1.269	0.252	1.249	71.144	428.605	2.959	67	425	1	10	9	9
2.989	14.901	124	82	512	4.129	4.286	2.000	1	20	351.194	427.573	2.863	0.811	0.147	0.785	351.125	427.584	2.625	349	425	1	6	6	6
0.241	2.664	10	10	10	1.000	0.000	1.000	1	1	388.000	427.000	1.100	0.281	0.099	0.301	388.000	427.000	1.100	387	426	1	3	3	2
3.808	17.635	158	103	1374	8.696	10.756	4.000	1	51	54.563	428.943	3.127	0.877	0.151	0.873	54.515	428.957	2.694	52	426	1	7	7	6
0.241	2.664	10	10	10	1.000	0.000	1.000	1	1	313.000	434.000	1.100	0.281	0.099	0.301	313.000	434.000	1.100	312	433	1	3	3	2
1.759	11.990	73	53	123	1.685	1.039	1.000	1	6	339.671	436.959	3.329	0.717	0.216	0.667	339.764	436.967	3.358	338	435	1	5	5	6
24.969	69.858	1036	475	20847	20.123	34.486	6.000	1	251	352.435	440.640	3.855	1.738	0.420	1.775	350.619	440.172	3.262	344	434	1	19	14	9
7.254	34.688	301	191	1477	4.907	7.430	1.000	1	45	385.405	439.940	3.708	1.182	0.319	1.175	384.242	439.999	3.260	381	434	1	11	13	8
4.724	20.667	196	123	1521	7.760	10.096	3.000	1	54	102.321	441.643	3.515	0.976	0.221	0.952	102.147	441.590	3.060	99	439	1	8	6	8
0.362	4.479	15	14	15	1.000	0.000	1.000	1	1	340.400	446.800	2.400	0.414	0.182	0.360	340.400	446.800	2.400	339	445	1	4	4	4
1.205	8.764	50	40	64	1.280	0.536	1.000	1	3	68.260	449.400	2.460	0.588	0.150	0.599	68.219	449.375	2.547	66	448	1	5	4	5
0.458	4.321	19	19	20	1.053	0.229	1.000	1	2	142.316	449.684	1.316	0.360	0.092	0.359	142.300	449.700	1.300	141	448	1	4	4	2
0.747	6.508	31	31	31	1.000	0.000	1.000	1	1	347.129	453.000	2.032	0.472	0.166	0.474	347.129	453.000	2.032	345	452	1	5	3	4
5.808	25.112	241	150	1202	4.988	6.186	3.000	1	36	7.502	456.822	3.087	1.037	0.222	1.048	7.199	455.952	2.697	4	453	1	8	9	6
18.341	68.297	761	414	29830	39.198	84.470	7.000	1	633	370.104	461.204	3.900	1.688	0.515	1.721	369.270	462.380	3.002	362	453	1	16	17	10
0.458	5.836	19	19	19	1.000	0.000	1.000	1	1	384.526	455.684	3.053	0.663	0.250	0.773	384.526	455.684	3.053	383	454	1	4	4	6
5.278	21.619	219	132	3258	14.877	22.314	5.000	1	118	63.763	457.881	3.425	1.021	0.209	0.992	63.790	457.924	2.712	61	455	1	7	7	7
0.313	3.580	13	12	13	1.000	0.000	1.000	1	1	86.000	459.462	2.154	0.347	0.096	0.353	86.000	459.462	2.154	85	458	1	3	3	3
0.241	2.664	10	10	10	1.000	0.000	1.000	1	1	154.000	462.000	1.100	0.281	0.099	0.301	154.000	462.000	1.100	153	461	1	3	3	2
0.506	4.937	21	19	23	1.095	0.301	1.000	1	2	108.000	464.762	2.714	0.433	0.137	0.415	108.000	464.783	2.696	107	464	1	3	3	4
1.036	7.477	43	38	47	1.093	0.294	1.000	1	2	67.209	467.000	2.581	0.541	0.144	0.558	67.234	467.000	2.574	65	466	1	5	3	4
6.772	26.222	281	161	5868	20.883	33.957	5.000	1	187	101.053	470.011	3.701	1.120	0.246	1.108	101.052	470.017	2.888	97	467	1	9	7	8
1.470	9.911	61	52	102	1.672	0.870	1.000	1	5	147.344	469.131	2.459	0.639	0.182	0.635	147.451	469.078	2.284	146	467	1	5	5	5
3.398	16.823	141	91	680	4.823	5.125	3.000	1	25	74.965	470.291	3.064	0.857	0.168	0.855	75.041	470.316	2.872	72	468	1	7	6	6
0.506	5.485	21	21	21	1.000	0.000	1.000	1	1	163.905	472.810	1.429	0.481	0.192	0.480	163.905	472.810	1.429	163	470	1	3	7	3
0.844	6.912	35	30	44	1.257	0.505	1.000	1	3	117.600	471.000	3.314	0.509	0.151	0.485	117.500	471.000	3.273	116	470	1	4	3	5
0.916	6.525	38	34	51	1.342	0.534	1.000	1	3	9.000	474.447	2.342	0.509	0.130	0.507	9.000	474.431	2.314	8	473	1	3	4	4
8.942	32.252	371	201	16139	43.501	81.354	8.000	1	491	78.987	477.784	4.070	1.260	0.289	1.265	79.029	477.918	2.913	75	474	1	9	9	9
0.434	4.515	18	18	18	1.000	0.000	1.000	1	1	169.889	476.167	1.333	0.391	0.127	0.389	169.889	476.167	1.333	168	475	1	4	4	3
8.556	30.631	355	194	15251	42.961	80.225	8.000	1	485	68.062	486.758	3.899	1.225	0.252	1.200	68.043	486.853	2.780	64	483	1	9	9	9
7.881	29.467	327	182	11982	36.642	63.684	8.000	1	357	29.789	487.841	3.774	1.182	0.247	1.159	29.835	487.931	2.870	26	484	1	9	9	8
3.422	16.118	142	92	878	6.183	6.866	3.000	1	31	85.380	486.676	2.944	0.851	0.156	0.825	85.325	486.753	2.507	83	484	1	6	6	6
1.109	8.587	46	36	71	1.543	0.862	1.000	1	4	54.000	486.957	2.304	0.573	0.116	0.566	54.000	486.958	2.028	52	485	1	5	5	4
0.819	6.277	34	30	44	1.294	0.462	1.000	1	2	154.118	486.000	2.324	0.501	0.136	0.501	154.091	486.000	2.364	153	485	1	4	3	4
6.146	23.912	255	149	4536	17.788	28.403	5.000	1	152	92.800	491.843	3.502	1.068	0.199	1.042	92.751	491.970	2.769	89	489	1	8	7	7
0.337	4.108	14	13	14	1.000	0.000	1.000	1	1	15.000	491.857	2.786	0.400	0.160	0.396	15.000	491.857	2.786	14	491	1	3	3	4
5.881	25.410	244	148	3210	13.156	19.291	4.500	1	92	84.475	496.234	3.795	1.106	0.308	1.095	84.515	496.254	2.814	81	493	1	8	8	9
1.374	9.082	57	42	90	1.579	0.944	1.000	1	4	3.491	494.807	2.912	0.615	0.139	0.587	3.456	494.789	2.911	2	493	1	4	5	5
3.254	16.258	135	87	448	3.319	2.804	2.000	1	15	160.941	497.585	3.267	0.852	0.177	0.852	160.940	497.493	3.134	159	494	1	5	8	6
10.412	35.762	432	224	24088	55.759	109.947	9.000	1	691	39.968	501.919	4.275	1.334	0.292	1.329	39.944	501.948	3.048	36	498	1	9	9	10
3.157	15.553	131	87	468	3.573	3.500	2.000	1	17	24.901	502.557	3.130	0.844	0.177	0.826	24.861	502.423	2.846	22	500	1	6	6	6
1.928	11.515	80	57	186	2.325	1.770	1.000	1	8	32.062	502.175	2.750	0.696	0.135	0.669	32.043	502.237	2.538	30	500	1	5	5	5
5.134	27.368	213	146	1084	5.089	6.327	2.000	1	32	186.141	503.662	3.606	1.134	0.394	1.082	185.661	503.879	3.243	182	500	1	12	8	10
2.145	12.344	89	62	241	2.708	2.170	2.000	1	10	108.438	502.933	2.831	0.720	0.132	0.703	108.527	502.942	2.647	106	501	1	6	5	5
3.736	17.863	155	97	704	4.542	5.076	2.000	1	26	176.929	502.561	3.587	0.907	0.215	0.874	176.920	502.710	3.426	174	500	1	6	6	7
2.025	11.515	84	63	228	2.714	2.311	2.000	1	11	143.262	503.976	2.667	0.719	0.161	0.718	143.285	503.991	2.259	141	502	1	5	5	5
1.301	8.042	54	42	88	1.630	0.996	1.000	1	5	122.000	509.778	2.500	0.577	0.090	0.588	122.000	509.864	2.500	120	508	1	5	4	4
0.434	4.426	18	18	20	1.111	0.323	1.000	1	2	32.944	510.667	2.222	0.462	0.229	0.447	32.950	510.700	2.150	32	510	1	3	2	5
0.241	3.015	10	10	11	1.100	0.316	1.000	1	2	188.000	0.100	3.000	0.338	0.147	0.391	188.000	0.091	3.000	187	0	2	3	2	3
0.458	4.603	19	18	24	1.263	0.452	1.000	1	2	485.000	28.000	3.000	0.382	0.086	0.390	485.000	28.000	3.000	484	27	2	3	3	3
0.771	5.766	32	30	45	1.406	0.615	1.000	1	3	134.000	34.000	3.312	0.486	0.145	0.442	134.000	34.000	3.333	133	33	2	3	3	4
0.675	4.990	28	26	30	1.071	0.262	1.000	1	2	350.000	37.000	3.929	0.442	0.117	0.463	350.000	37.000	3.900	349	36	2	3	3	4
0.554	4.603	23	22	23	1.000	0.000	1.000	1	1	499.000	47.000	2.826	0.403	0.092	0.407	499.000	47.000	2.826	498	46	2	3	3	3
0.265	3.192	11	10	11	1.000	0.000	1.000	1	1	276.636	52.000	3.000	0.326	0.086	0.317	276.636	52.000	3.000	276	51	2	3	3	3
0.362	3.968	15	14	16	1.067	0.258	1.000	1	2	427.000	54.733	3.000	0.368	0.095	0.396	427.000	54.750	3.000	426	54	2	3	3	3
0.675	5.555	28	26	41	1.464	0.637	1.000	1	3	368.500	65.000	3.000	0.434	0.082	0.448	368.463	65.000	3.000	367	64	2	4	3	3
0.482	4.479	20	19	20	1.000	0.000	1.000	1	1	56.800	75.200	3.650	0.393	0.128	0.384	56.800	75.200	3.650	56	74	2	3	3	4
0.458	4.603	19	18	20	1.053	0.229	1.000	1	2	82.000	103.000	3.000	0.382	0.086	0.390	82.000	103.000	3.000	81	102	2	3	3	3
0.964	6.912	40	34	53	1.325	0.526	1.000	1	3	113.375	103.850	3.575	0.532	0.128	0.524	113.396	103.887	3.566	112	102	2	4	4	4
0.627	4.990	26	24	28	1.077	0.272	1.000	1	2	120.000	110.077	3.154	0.433	0.115	0.438	120.000	110.071	3.179	119	109	2	3	3	4
0.386	4.232	16	15	16	1.000	0.000	1.000	1	1	87.375	126.312	3.438	0.424	0.163	0.380	87.375	126.312	3.438	86	125	2	3	3	4
0.554	5.378	23	22	24	1.043	0.209	1.000	1	2	460.130	163.870	3.304	0.440	0.149	0.392	460.125	163.875	3.292	459	163	2	3	3	4
0.458	4.603	19	18	20	1.053	0.229	1.000	1	2	284.000	206.000	3.000	0.382	0.086	0.390	284.000	206.000	3.000	283	205	2	3	3	3
0.458	4.603	19	18	20	1.053	0.229	1.000	1	2	21.000	219.000	3.000	0.382	0.086	0.390	21.000	219.000	3.000	20	218	2	3	3	3
0.458	4.603	19	18	20	1.053	0.229	1.000	1	2	281.000	226.000	3.000	0.382	0.086	0.390	281.000	226.000	3.000	280	225	2	3	3	3
0.458	4.603	19	18	20	1.053	0.229	1.000	1	2	300.000	228.000	3.000	0.382	0.086	0.390	300.000	228.000	3.000	299	227	2	3	3	3
0.386	4.479	16	14	16	1.000	0.000	1.000	1	1	283.938	312.312	3.688	0.396	0.121	0.356	283.938	312.312	3.688	283	311	2	3	4	4
0.506	5.184	21	19	30	1.429	0.598	1.000	1	3	357.952	380.000	3.810	0.427	0.140	0.402	357.933	380.000	3.833	357	379	2	3	3	4
0.410	4.355	17	16	18	1.059	0.243	1.000	1	2	270.882	395.000	3.000	0.384	0.093	0.419	270.889	395.000	3.000	270	394	2	3	3	3
0.578	5.555	24	22	26	1.083	0.282	1.000	1	2	115.417	437.000	3.000	0.425	0.087	0.431	115.423	437.000	3.000	114	436	2	4	3	3
0.313	3.068	13	13	13	1.000	0.000	1.000	1	1	78.538	461.000	2.615	0.324	0.091	0.320	78.538	461.000	2.615	78	460	2	2	3	3
0.458	4.603	19	18	20	1.053	0.229	1.000	1	2	129.000	490.000	3.000	0.382	0.086	0.390	129.000	490.000	3.000	128	489	2	3	3	3
0.578	4.990	24	22	26	1.083	0.282	1.000	1	2	509.000	8.000	4.750	0.421	0.110	0.384	509.000	8.000	4.731	508	7	3	3	3	4
0.313	3.580	13	12	13	1.000	0.000	1.000	1	1	439.462	37.000	3.846	0.347	0.096	0.353	439.462	37.000	3.846	438	36	3	3	3	3
0.289	3.456	12	11	12	1.000	0.000	1.000	1	1	377.083	59.083	3.667	0.336	0.075	0.346	377.083	59.083	3.667	376	58	3	3	3	3
0.241	3.527	10	10	10	1.000	0.000	1.000	1	1	247.500	65.100	4.900	0.420	0.216	0.412	247.500	65.100	4.900	246	64	3	4	3	4
0.337	3.456	14	14	14	1.000	0.000	1.000	1	1	36.000	190.500	4.500	0.346	0.118	0.340	36.000	190.500	4.500	35	190	3	3	2	4
0.434	4.479	18	16	19	1.056	0.236	1.000	1	2	381.944	414.556	3.889	0.399	0.085	0.411	381.947	414.526	3.895	381	413	3	3	4	3
0.651	5.642	27	25	27	1.000	0.000	1.000	1	1	43.296	198.037	5.481	0.489	0.183	0.443	43.296	198.037	5.481	42	197	4	3	3	5
0.410	4.867	17	16	17	1.000	0.000	1.000	1	1	332.706	234.824	6.235	0.430	0.191	0.361	332.706	234.824	6.235	332	233	4	3	4	5
0.434	4.867	18	16	19	1.056	0.236	1.000	1	2	487.500	237.500	6.000	0.443	0.198	0.428	487.474	237.526	6.053	486	236	4	4	4	5
0.458	4.603	19	18	24	1.263	0.452	1.000	1	2	74.000	373.000	5.000	0.382	0.086	0.390	74.000	373.000	5.000	73	372	4	3	3	3
0.530	4.743	22	22	22	1.000	0.000	1.000	1	1	117.136	411.727	5.091	0.416	0.144	0.442	117.136	411.727	5.091	116	411	4	3	3	4
0.313	3.580	13	12	13	1.000	0.000	1.000	1	1	384.000	421.538	4.846	0.347	0.096	0.353	384.000	421.538	4.846	383	421	4	3	3	3
0.337	4.091	14	13	14	1.000	0.000	1.000	1	1	373.357	348.929	6.143	0.386	0.112	0.413	373.357	348.929	6.143	372	348	5	4	3	3
2.820	14.353	117	79	454	3.880	4.069	2.000	1	22	502.043	270.034	8.880	0.826	0.219	0.819	502.066	269.991	8.901	500	268	6	5	5	7
0.530	5.625	22	20	23	1.045	0.213	1.000	1	2	71.318	343.955	6.909	0.430	0.120	0.426	71.304	343.957	6.913	70	343	6	5	3	3
0.482	4.215	20	18	20	1.000	0.000	1.000	1	1	54.000	165.000	8.500	0.384	0.084	0.402	54.000	165.000	8.500	53	164	7	3	3	4
3.157	15.817	131	84	423	3.229	3.259	2.000	1	17	198.863	317.511	11.565	0.848	0.196	0.845	198.870	317.456	11.714	197	315	8	5	6	8
0.530	5.696	22	21	22	1.000	0.000	1.000	1	1	364.091	328.591	10.091	0.470	0.174	0.470	364.091	328.591	10.091	362	328	9	6	3	3
0.723	6.471	30	28	31	1.033	0.183	1.000	1	2	101.967	379.033	14.367	0.497	0.183	0.430	101.968	379.032	14.387	101	378	12	3	4	5
1.952	10.739	81	54	394	4.864	5.368	2.000	1	28	362.000	352.000	15.000	0.691	0.114	0.679	362.000	352.000	15.000	360	350	13	5	5	5
0.699	6.648	29	27	30	1.034	0.186	1.000	1	2	373.000	369.552	14.483	0.481	0.152	0.482	372.967	369.567	14.467	371	368	13	5	4	4
0.313	3.580	13	12	14	1.077	0.277	1.000	1	2	115.000	414.538	16.154	0.347	0.096	0.353	115.000	414.571	16.143	114	414	15	3	3	3
0.241	3.333	10	9	11	1.100	0.316	1.000	1	2	491.000	265.200	20.500	0.394	0.158	0.320	491.000	265.182	20.545	490	264	19	3	3	4
0.458	4.603	19	18	20	1.053	0.229	1.000	1	2	117.000	429.000	20.000	0.382	0.086	0.390	117.000	429.000	20.000	116	428	19	3	3	3
0.362	4.108	15	14	15	1.000	0.000	1.000	1	1	229.000	370.000	21.000	0.391	0.097	0.462	229.000	370.000	21.000	228	369	20	3	3	3
1.301	9.293	54	42	71	1.315	0.639	1.000	1	3	490.259	339.389	25.333	0.638	0.204	0.626	490.282	339.437	25.423	488	338	22	5	4	7
1.374	10.739	57	38	116	2.035	1.414	1.000	1	8	370.000	349.000	28.000	0.626	0.120	0.556	370.000	349.000	28.000	368	347	26	5	5	5
3.254	16.435	135	89	864	6.400	7.967	3.000	1	42	147.044	486.978	28.911	0.828	0.153	0.836	147.002	486.983	29.229	144	484	26	7	7	6
0.241	3.139	10	9	10	1.000	0.000	1.000	1	1	175.100	269.000	27.700	0.331	0.080	0.297	175.100	269.000	27.700	174	268	27	3	3	3
0.410	5.238	17	16	17	1.000	0.000	1.000	1	1	191.235	221.765	29.471	0.502	0.236	0.488	191.235	221.765	29.471	188	220	28	6	4	4
2.844	14.869	118	90	916	7.763	11.157	3.000	1	53	499.449	372.653	29.992	0.752	0.146	0.758	499.490	372.606	30.496	496	369	28	8	8	4
0.410	3.827	17	17	17	1.000	0.000	1.000	1	1	451.882	180.059	30.471	0.351	0.090	0.346	451.882	180.059	30.471	451	179	29	3	3	3
0.458	4.603	19	18	24	1.263	0.452	1.000	1	2	312.000	209.000	30.000	0.382	0.086	0.390	312.000	209.000	30.000	311	208	29	3	3	3
0.265	3.192	11	10	11	1.000	0.000	1.000	1	1	341.000	249.636	30.000	0.326	0.086	0.317	341.000	249.636	30.000	340	249	29	3	3	3
1.567	10.831	65	60	103	1.585	0.983	1.000	1	5	357.800	383.292	30.523	0.616	0.187	0.616	357.689	383.359	30.612	355	379	29	6	9	3
0.337	3.439	14	14	15	1.071	0.267	1.000	1	2	431.000	152.000	30.643	0.318	0.068	0.353	431.000	152.000	30.667	430	151	30	3	3	2
0.241	2.664	10	10	10	1.000	0.000	1.000	1	1	307.000	203.000	30.900	0.281	0.099	0.301	307.000	203.000	30.900	306	202	30	3	3	2
0.434	4.709	18	18	20	1.111	0.471	1.000	1	3	505.000	337.000	30.722	0.360	0.106	0.368	505.000	337.000	30.750	503	335	30	5	5	2
0.241	2.664	10	10	10	1.000	0.000	1.000	1	1	71.000	346.000	30.900	0.281	0.099	0.301	71.000	346.000	30.900	70	345	30	3	3	2
0.241	2.664	10	10	10	1.000	0.000	1.000	1	1	368.000	508.000	30.900	0.281	0.099	0.301	368.000	508.000	30.900	367	507	30	3	3	2
