Volume (pixel^3)	Surface (pixel^2)	Nb of obj. voxels	Nb of surf. voxels	IntDen	Mean	StdDev	Median	Min	Max	X	Y	Z	Mean dist. to surf. (pixel)	SD dist. to surf. (pixel)	Median dist. to surf. (pixel)	XM	YM	ZM	BX	BY	BZ	B-width	B-height	B-depth
15557	4834	15557	3078	528938	34	0	34	34	34	456.422	120.260	14.340	15.216	1.915	15.345	456.402	120.259	14.340	440	105	1	34	30	25
13564	4780	13564	3078	542560	40	0	40	40	40	496.728	154.728	16.156	14.948	2.900	15.177	496.680	154.728	16.156	480	139	1	32	34	25
8065	3124	8065	1856	338730	42	0	42	42	42	460.984	172.033	14.360	12.229	1.713	12.294	460.969	172.033	14.360	448	160	1	27	25	25
15877	4656	15877	2796	381048	24	0	24	24	24	414.368	213.307	10.487	15.338	1.842	15.551	414.391	213.307	10.487	398	197	1	34	34	25
11374	3762	11374	2127	398090	35	0	35	35	35	300.851	270.752	13.566	13.672	1.408	13.812	300.860	270.752	13.566	286	256	1	29	30	25
15746	4504	15746	2776	503872	32	0	32	32	32	315.074	291.445	13.345	15.188	1.357	15.270	315.074	291.445	13.345	300	274	1	31	34	25
16059	4532	16059	2682	529947	33	0	33	33	33	343.383	298.060	12.799	15.243	1.185	15.442	343.377	298.056	12.799	329	282	1	31	34	25
4995	2428	4995	1498	39960	8	0	8	8	8	291.727	312.850	6.674	11.172	3.166	10.746	291.727	312.850	6.674	279	302	1	34	23	18
11749	3814	11749	2310	446462	38	0	38	38	38	250.525	318.685	13.961	13.905	1.800	13.964	250.540	318.685	13.961	238	304	1	27	34	25
4895	2532	4895	1534	44055	9	0	9	9	9	299.317	325.212	6.698	11.046	2.868	10.798	299.317	325.212	6.698	281	314	1	34	23	18
10223	3516	10223	2127	184014	18	0	18	18	18	154.204	332.242	9.339	13.250	1.675	13.244	154.204	332.242	9.339	140	318	1	29	30	23
13119	4124	13119	2438	327975	25	0	25	25	25	326.446	334.516	8.957	14.468	2.088	14.776	326.433	334.515	8.957	310	318	1	33	34	23
11461	3688	11461	2196	332369	29	0	29	29	29	238.895	344.981	12.837	13.648	1.144	13.627	238.885	344.980	12.837	226	332	1	28	28	25
14357	4792	14357	2740	430710	30	0	30	30	30	209.274	349.049	12.723	15.245	2.417	14.800	209.293	349.050	12.723	193	327	1	32	39	25
1583	1224	1583	766	30077	19	0	19	19	19	159.787	348.116	12.600	7.757	2.522	7.628	159.787	348.116	12.600	151	345	1	15	13	25
10850	4334	10850	2625	151900	14	0	14	14	14	164.240	360.425	8.662	13.624	3.158	14.115	164.240	360.426	8.662	147	342	1	34	34	22
7117	2766	7117	1701	92521	13	0	13	13	13	258.858	362.402	6.506	11.904	2.307	12.292	258.847	362.402	6.506	244	349	1	31	27	16
13518	5304	13518	3252	351468	26	0	26	26	26	129.324	356.275	11.934	15.114	3.992	14.723	129.315	356.277	11.934	114	338	1	35	41	25
8019	3036	8019	1956	136323	17	0	17	17	17	219.045	373.186	7.200	12.457	2.405	12.483	219.033	373.186	7.200	203	357	1	32	31	17
11554	3892	11554	2339	231080	20	0	20	20	20	101.290	376.486	8.130	13.991	2.360	14.289	101.290	376.485	8.130	85	360	1	34	33	22
3077	1780	3077	1131	18462	6	0	6	6	6	160.496	385.258	4.202	9.303	2.526	9.436	160.496	385.258	4.202	147	377	1	27	22	10
14814	4448	14814	2700	311094	21	0	21	21	21	70.191	389.389	13.644	14.688	1.760	14.897	70.186	389.391	13.644	55	373	1	30	33	25
5973	2574	5973	1540	59730	10	0	10	10	10	129.139	392.674	7.155	10.886	2.292	11.130	129.139	392.674	7.155	118	379	1	24	28	16
13292	4168	13292	2475	292424	22	0	22	22	22	26.111	406.471	9.014	14.534	2.181	14.900	26.111	406.472	9.014	10	390	1	34	34	23
4319	2188	4319	1341	47509	11	0	11	11	11	94.958	403.695	4.668	10.483	2.616	10.778	94.958	403.695	4.668	82	391	1	29	26	12
5204	2444	5204	1506	62448	12	0	12	12	12	179.238	407.025	5.100	11.045	2.584	11.435	179.238	407.025	5.100	166	393	1	27	30	13
6476	2826	6476	1761	97140	15	0	15	15	15	57.858	412.465	5.532	11.907	2.796	12.080	57.858	412.466	5.532	43	396	1	32	33	14
1393	992	1393	583	4179	3	0	3	3	3	150.997	403.357	5.449	6.908	1.779	6.836	150.997	403.357	5.449	142	398	1	21	11	11
1442	1094	1442	681	2884	2	0	2	2	2	126.853	415.375	3.041	7.292	2.065	7.535	126.853	415.375	3.041	116	407	1	22	19	7
1634	1174	1634	730	8170	5	0	5	5	5	3.185	422.725	4.573	7.971	2.748	7.582	3.185	422.725	4.573	0	409	1	11	29	12
2284	1650	2284	895	9136	4	0	4	4	4	155.350	414.032	6.489	8.588	2.562	8.484	155.350	414.032	6.489	142	404	1	25	19	15
12631	4544	12631	2859	517871	41	0	41	41	41	450.327	154.232	16.887	14.786	3.323	14.730	450.321	154.231	16.887	435	136	2	40	36	24
9056	3402	9056	1988	353184	39	0	39	39	39	265.069	331.797	14.874	12.952	2.372	12.676	265.076	331.797	14.874	252	314	2	25	34	24
2204	1938	2204	1023	35264	16	0	16	16	16	495.305	180.168	11.291	8.759	2.565	8.844	495.305	180.168	11.291	483	173	3	25	15	20
6018	2878	6018	1496	162486	27	0	27	27	27	189.470	379.487	13.171	10.596	1.937	10.987	189.477	379.487	13.171	178	367	3	23	26	23
2315	1884	2315	954	64820	28	0	28	28	28	481.958	188.224	12.985	8.349	2.216	8.334	481.958	188.224	12.985	475	175	4	16	27	19
1605	1312	1605	677	36915	23	0	23	23	23	496.579	194.341	11.485	7.387	1.699	7.380	496.581	194.341	11.485	489	188	4	18	14	19
10871	3536	10871	2096	402227	37	0	37	37	37	327.300	253.156	16.314	13.387	1.440	13.742	327.290	253.155	16.314	313	238	4	29	31	22
2249	1528	2249	869	69719	31	0	31	31	31	475.125	106.052	13.752	8.370	2.466	8.211	475.132	106.052	13.752	470	91	5	12	27	19
11177	3686	11177	2261	402372	36	0	36	36	36	386.111	223.608	16.942	13.692	1.895	13.898	386.081	223.608	16.942	371	209	5	34	31	21
2523	1476	2523	898	113535	45	0	45	45	45	462.115	97.235	16.938	8.278	1.679	8.319	462.109	97.235	16.938	455	89	6	14	17	20
6740	2996	6740	1792	289820	43	0	43	43	43	217.926	322.962	17.744	11.317	2.493	11.744	217.933	322.962	17.744	202	311	8	30	28	18
