Volume (micron^3)	Surface (micron^2)	Nb of obj. voxels	Nb of surf. voxels	IntDen	Mean	StdDev	Median	Min	Max	X	Y	Z	Mean dist. to surf. (micron)	SD dist. to surf. (micron)	Median dist. to surf. (micron)	XM	YM	ZM	BX	BY	BZ	B-width	B-height	B-depth
2.097	12.097	87	60	174	2.000	1.502	1.000	1	7	432.805	181.000	3.747	0.725	0.155	0.708	432.747	181.000	3.701	431	179	1	5	5	6
70886.727	34032.414	2941203	355429	649232896	220.737	289.540	106.000	1	3896	247.993	343.224	13.301	40.095	16.817	39.722	281.538	363.613	12.811	0	186	1	512	326	25
0.482	4.816	20	20	20	1.000	0.000	1.000	1	1	400.850	356.250	1.150	0.418	0.162	0.404	400.850	356.250	1.150	399	354	1	4	6	2
0.241	2.664	10	10	10	1.000	0.000	1.000	1	1	347.000	389.000	1.100	0.281	0.099	0.301	347.000	389.000	1.100	346	388	1	3	3	2
0.241	2.664	10	10	10	1.000	0.000	1.000	1	1	354.000	391.000	1.100	0.281	0.099	0.301	354.000	391.000	1.100	353	390	1	3	3	2
0.482	4.903	20	19	21	1.050	0.224	1.000	1	2	418.550	392.200	1.600	0.411	0.142	0.403	418.524	392.143	1.619	417	390	1	4	5	3
0.819	7.109	34	34	36	1.059	0.343	1.000	1	3	253.029	407.765	1.324	0.499	0.196	0.484	253.028	407.722	1.306	251	404	1	5	8	2
0.578	7.019	24	24	24	1.000	0.000	1.000	1	1	506.125	412.833	1.625	0.592	0.213	0.588	506.125	412.833	1.625	504	410	1	5	6	4
0.241	2.664	10	10	10	1.000	0.000	1.000	1	1	410.000	414.000	1.100	0.281	0.099	0.301	410.000	414.000	1.100	409	413	1	3	3	2
0.554	5.097	23	23	26	1.130	0.458	1.000	1	3	246.130	421.826	1.739	0.434	0.163	0.411	246.192	421.846	1.654	244	421	1	5	3	3
0.241	3.774	10	9	11	1.100	0.316	1.000	1	2	489.300	420.900	2.200	0.389	0.159	0.358	489.364	420.909	2.182	487	420	1	5	3	3
0.337	3.439	14	14	15	1.071	0.267	1.000	1	2	287.000	423.000	1.357	0.318	0.068	0.353	287.000	423.000	1.333	286	422	1	3	3	2
0.627	7.106	26	25	26	1.000	0.000	1.000	1	1	502.154	427.692	2.154	0.512	0.191	0.509	502.154	427.692	2.154	501	424	1	4	7	3
0.337	3.439	14	14	15	1.071	0.267	1.000	1	2	503.000	434.000	1.357	0.318	0.068	0.353	503.000	434.000	1.333	502	433	1	3	3	2
0.241	2.664	10	10	10	1.000	0.000	1.000	1	1	504.000	442.000	1.100	0.281	0.099	0.301	504.000	442.000	1.100	503	441	1	3	3	2
0.723	6.544	30	30	36	1.200	0.484	1.000	1	3	506.200	453.733	1.367	0.474	0.182	0.457	506.167	453.611	1.306	504	451	1	5	7	3
0.289	4.338	12	11	12	1.000	0.000	1.000	1	1	508.250	462.583	1.583	0.492	0.156	0.502	508.250	462.583	1.583	506	461	1	6	4	3
0.337	3.439	14	14	15	1.071	0.267	1.000	1	2	227.000	468.000	1.357	0.318	0.068	0.353	227.000	468.000	1.333	226	467	1	3	3	2
0.458	4.797	19	17	21	1.105	0.315	1.000	1	2	216.947	469.842	2.000	0.398	0.082	0.443	216.952	469.810	2.000	216	468	1	3	4	3
0.241	2.664	10	10	10	1.000	0.000	1.000	1	1	201.000	478.000	1.100	0.281	0.099	0.301	201.000	478.000	1.100	200	477	1	3	3	2
0.241	2.664	10	10	10	1.000	0.000	1.000	1	1	200.000	483.000	1.100	0.281	0.099	0.301	200.000	483.000	1.100	199	482	1	3	3	2
0.506	5.449	21	20	21	1.000	0.000	1.000	1	1	280.000	412.238	3.667	0.450	0.180	0.384	280.000	412.238	3.667	279	411	2	4	3	4
0.337	3.456	14	14	14	1.000	0.000	1.000	1	1	433.500	417.000	3.500	0.346	0.118	0.340	433.500	417.000	3.500	433	416	2	2	3	4
0.362	3.720	15	15	15	1.000	0.000	1.000	1	1	214.467	475.733	3.800	0.385	0.152	0.380	214.467	475.733	3.800	214	475	2	2	3	4
0.241	3.456	10	9	10	1.000	0.000	1.000	1	1	488.700	413.300	4.300	0.367	0.156	0.352	488.700	413.300	4.300	488	412	3	3	3	4
0.289	3.720	12	12	12	1.000	0.000	1.000	1	1	203.000	481.000	4.500	0.349	0.142	0.316	203.000	481.000	4.500	202	480	3	3	3	4
0.313	3.386	13	13	13	1.000	0.000	1.000	1	1	340.154	421.308	4.462	0.334	0.070	0.343	340.154	421.308	4.462	339	420	4	3	3	2
0.506	5.572	21	20	21	1.000	0.000	1.000	1	1	414.048	369.667	6.762	0.437	0.133	0.437	414.048	369.667	6.762	413	368	5	3	4	4
0.771	9.028	32	30	32	1.000	0.000	1.000	1	1	234.656	457.000	8.469	0.820	0.349	0.779	234.656	457.000	8.469	232	454	5	5	6	8
0.337	3.897	14	13	14	1.000	0.000	1.000	1	1	311.429	423.000	6.786	0.356	0.101	0.338	311.429	423.000	6.786	310	422	6	4	3	3
0.241	3.015	10	10	10	1.000	0.000	1.000	1	1	500.200	464.600	7.000	0.337	0.127	0.406	500.200	464.600	7.000	499	464	6	3	2	3
0.362	4.850	15	13	15	1.000	0.000	1.000	1	1	402.000	186.000	9.000	0.409	0.185	0.525	402.000	186.000	9.000	400	184	8	5	5	3
0.337	4.108	14	13	14	1.000	0.000	1.000	1	1	398.000	391.143	9.786	0.400	0.160	0.396	398.000	391.143	9.786	397	390	8	3	3	4
0.434	4.355	18	17	18	1.000	0.000	1.000	1	1	198.000	217.611	14.222	0.400	0.129	0.404	198.000	217.611	14.222	197	217	13	3	3	4
5.905	27.109	245	155	593	2.420	2.176	2.000	1	14	6.682	90.400	16.000	1.007	0.181	0.979	6.535	90.384	16.000	1	86	14	11	11	5
1.181	9.082	49	43	56	1.143	0.354	1.000	1	2	484.755	199.776	15.653	0.593	0.196	0.563	484.786	199.750	15.661	482	198	14	6	5	5
11.111	43.929	461	265	6742	14.625	35.402	3.000	1	293	497.182	195.649	21.974	1.422	0.437	1.382	498.183	195.952	23.773	490	191	15	13	11	11
0.675	6.789	28	24	32	1.143	0.448	1.000	1	3	490.679	195.250	16.286	0.481	0.130	0.461	490.719	195.219	16.250	489	194	15	4	4	4
0.337	3.580	14	13	14	1.000	0.000	1.000	1	1	100.286	247.143	16.786	0.354	0.090	0.345	100.286	247.143	16.786	99	246	16	3	3	3
0.458	4.603	19	18	20	1.053	0.229	1.000	1	2	312.000	170.000	18.000	0.382	0.086	0.390	312.000	170.000	18.000	311	169	17	3	3	3
24.897	90.958	1033	599	35011	33.893	76.016	6.000	1	789	402.640	457.802	23.079	1.917	0.638	1.940	404.465	459.297	24.119	392	445	17	20	23	9
36.176	94.653	1501	692	66574	44.353	78.239	9.000	1	700	432.369	472.652	22.701	1.999	0.482	1.945	432.326	473.060	24.068	420	463	17	27	20	9
6.797	27.582	282	167	7613	26.996	55.940	4.000	1	366	453.667	70.326	22.716	1.116	0.233	1.066	453.715	70.436	24.109	450	67	18	9	8	8
7.110	27.671	295	170	12338	41.824	90.075	6.000	1	655	145.946	92.922	22.936	1.097	0.188	1.085	145.944	92.902	24.164	142	89	19	9	9	7
6.242	25.325	259	155	7463	28.815	59.326	5.000	1	386	237.869	192.521	23.046	1.042	0.180	1.026	237.829	192.440	24.198	234	189	19	9	8	7
18.606	70.514	772	467	13417	17.380	27.676	5.000	1	168	503.315	504.843	23.089	1.761	0.632	1.673	504.961	505.370	24.169	490	499	19	22	13	7
5.784	25.626	240	151	5700	23.750	47.158	4.000	1	317	104.988	9.546	23.154	1.024	0.191	0.989	104.927	9.219	24.238	101	5	20	9	11	6
4.676	20.829	194	127	4477	23.077	42.296	5.000	1	248	227.639	61.247	23.392	0.927	0.149	0.913	227.572	61.239	24.263	224	58	20	8	8	6
5.495	23.158	228	149	3429	15.039	27.018	4.000	1	165	436.175	66.096	23.487	0.978	0.171	0.985	436.343	66.588	24.272	432	61	20	9	10	6
4.531	20.582	188	123	3446	18.330	33.420	4.000	1	215	255.255	96.878	23.367	0.926	0.167	0.893	255.130	96.866	24.295	251	93	20	9	8	6
6.604	27.991	274	175	4024	14.686	27.525	4.000	1	191	470.456	102.270	23.460	1.068	0.247	1.068	470.982	101.710	24.278	466	98	20	10	11	6
4.483	20.405	186	120	3219	17.306	30.738	4.000	1	190	277.780	116.005	23.317	0.921	0.158	0.892	277.756	115.929	24.270	274	112	20	8	8	6
5.447	23.069	226	140	5714	25.283	47.637	6.000	1	287	31.788	120.456	23.270	0.984	0.157	0.970	31.777	120.470	24.206	28	117	20	9	8	6
5.471	23.687	227	143	5416	23.859	46.670	4.000	1	313	354.833	138.097	23.330	0.989	0.177	0.969	354.954	138.181	24.271	350	134	20	10	9	6
5.182	21.975	215	136	4908	22.828	42.482	5.000	1	265	314.991	154.367	23.358	0.958	0.145	0.953	314.954	154.373	24.221	311	151	20	9	8	6
4.868	22.223	202	133	2719	13.460	23.642	4.000	1	151	315.698	190.451	23.406	0.949	0.183	0.929	316.015	190.248	24.184	312	186	20	9	10	6
4.170	19.753	173	120	2333	13.486	23.473	4.000	1	130	91.503	199.503	23.318	0.909	0.190	0.912	91.402	199.601	24.269	88	196	20	8	8	6
5.447	22.504	226	138	5919	26.190	49.333	5.000	1	298	3.412	275.544	23.181	0.989	0.158	0.963	3.348	275.610	24.183	0	272	20	8	8	6
6.676	27.126	277	168	11401	41.159	85.622	6.000	1	552	343.116	437.563	23.184	1.082	0.220	1.049	343.379	437.641	24.166	336	434	20	12	9	6
2.531	14.903	105	81	607	5.781	8.072	2.000	1	40	232.286	501.410	23.752	0.752	0.189	0.704	232.163	501.455	24.438	229	499	20	7	6	6
2.386	12.875	99	76	1074	10.848	15.146	4.000	1	77	481.343	1.697	23.747	0.721	0.143	0.710	481.283	1.354	24.410	478	0	21	7	5	5
4.893	22.753	203	145	1645	8.103	11.372	3.000	1	70	467.926	5.123	23.837	0.951	0.250	0.973	467.659	5.217	24.431	463	1	21	11	9	5
2.651	14.445	110	82	963	8.755	12.565	3.000	1	68	131.773	12.845	23.891	0.740	0.134	0.734	131.780	12.854	24.444	129	10	21	7	7	5
3.808	18.061	158	112	1946	12.316	20.200	4.000	1	108	13.392	14.608	23.658	0.850	0.153	0.847	13.432	14.602	24.335	10	11	21	8	8	5
3.278	15.856	136	96	1367	10.051	15.513	3.000	1	91	144.779	15.912	23.684	0.801	0.130	0.791	144.836	16.005	24.334	142	13	21	7	7	5
4.555	20.230	189	126	2920	15.450	27.208	4.000	1	164	402.799	35.233	23.545	0.916	0.157	0.903	402.911	35.333	24.296	399	31	21	8	9	5
3.784	18.272	157	108	2118	13.490	22.137	4.000	1	123	51.917	41.395	23.573	0.855	0.148	0.845	51.890	41.437	24.323	48	38	21	8	8	5
3.398	16.825	141	100	1297	9.199	13.851	3.000	1	73	411.418	56.759	23.553	0.824	0.143	0.803	411.409	56.741	24.264	408	54	21	8	7	5
4.941	20.441	205	129	4671	22.785	42.196	5.000	1	247	233.429	82.346	23.420	0.937	0.126	0.932	233.406	82.330	24.284	230	79	21	8	8	5
3.784	18.078	157	107	2074	13.210	21.334	4.000	1	112	207.599	83.369	23.643	0.851	0.147	0.854	207.609	83.425	24.308	204	80	21	8	8	5
4.001	18.590	166	113	2502	15.072	25.385	4.000	1	146	231.735	93.361	23.590	0.864	0.140	0.858	231.764	93.323	24.323	228	90	21	8	8	5
2.964	15.415	123	89	923	7.504	11.106	3.000	1	62	426.911	100.374	23.650	0.792	0.157	0.763	426.823	100.262	24.340	424	97	21	7	7	5
4.531	19.789	188	122	3911	20.803	37.633	5.000	1	228	180.479	162.883	23.511	0.911	0.140	0.894	180.404	162.987	24.301	177	159	21	8	9	5
4.459	19.612	185	122	3329	17.995	31.745	4.000	1	195	142.459	171.984	23.438	0.909	0.139	0.880	142.315	172.026	24.297	139	169	21	8	8	5
3.904	18.536	162	112	1921	11.858	19.897	3.500	1	123	421.395	173.383	23.488	0.873	0.168	0.871	421.283	173.120	24.208	418	170	21	8	10	5
3.615	17.266	150	105	1725	11.500	18.387	4.000	1	103	488.500	189.153	23.573	0.836	0.139	0.824	488.472	189.043	24.266	485	186	21	8	7	5
4.989	20.759	207	135	4641	22.420	41.771	5.000	1	240	45.768	194.498	23.377	0.940	0.133	0.937	45.707	194.513	24.287	42	191	21	8	8	5
2.868	14.850	119	83	547	4.597	5.161	3.000	1	25	281.916	198.378	23.664	0.774	0.140	0.768	281.905	198.261	24.101	279	195	21	7	7	5
3.615	17.567	150	105	1797	11.980	19.199	4.000	1	98	73.473	212.353	23.613	0.840	0.151	0.833	73.456	212.407	24.314	70	209	21	8	8	5
4.362	20.337	181	123	1367	7.552	11.304	3.000	1	67	19.657	251.889	23.757	0.894	0.175	0.892	19.617	252.247	24.330	15	248	21	9	9	5
1.542	10.124	64	54	191	2.984	3.016	2.000	1	14	58.188	249.078	24.094	0.611	0.156	0.588	58.288	248.990	24.450	56	247	21	6	5	5
6.098	25.751	253	169	1369	5.411	6.818	3.000	1	46	14.522	278.988	23.609	1.045	0.268	1.050	14.006	279.232	24.167	9	276	21	12	8	5
5.664	26.246	235	171	3452	14.689	30.470	3.000	1	210	312.506	435.728	23.719	1.041	0.299	1.046	313.590	435.119	24.320	306	432	21	12	10	5
3.326	16.350	138	100	1653	11.978	19.743	4.000	1	113	250.239	473.304	23.783	0.800	0.134	0.802	250.256	473.306	24.419	247	470	21	8	8	5
7.182	32.227	298	213	3097	10.393	20.665	3.000	1	144	395.255	484.762	23.862	1.228	0.448	1.128	395.558	485.373	24.389	389	477	21	14	15	5
4.893	22.947	203	143	2135	10.517	19.273	3.000	1	132	277.335	485.414	23.773	0.958	0.245	0.985	277.275	486.362	24.413	274	480	21	8	11	5
3.712	17.002	154	104	2386	15.494	26.093	4.500	1	161	503.987	493.838	23.558	0.848	0.134	0.815	504.014	493.877	24.290	501	491	21	7	7	5
2.723	14.426	113	88	2495	22.080	38.313	6.000	1	212	483.841	509.593	23.513	0.772	0.178	0.751	483.765	510.283	24.321	480	507	21	8	5	5
2.699	13.616	112	87	1471	13.134	19.213	4.000	1	98	171.277	1.866	23.804	0.745	0.141	0.739	171.306	1.409	24.420	168	0	22	8	6	4
1.470	9.118	61	52	235	3.852	4.065	2.000	1	17	367.672	1.148	23.967	0.601	0.138	0.587	367.562	0.770	24.306	365	0	22	6	4	4
1.470	9.700	61	54	534	8.754	12.699	3.000	1	64	431.131	0.918	23.902	0.614	0.169	0.611	431.109	0.449	24.429	428	0	22	7	4	4
2.458	13.299	102	77	810	7.941	10.714	3.000	1	52	207.647	2.284	23.902	0.719	0.125	0.725	207.600	2.200	24.404	204	0	22	8	6	4
3.181	15.962	132	96	1510	11.439	18.106	4.000	1	96	59.250	9.348	23.841	0.786	0.131	0.794	59.311	9.407	24.437	56	6	22	8	8	4
2.482	13.228	103	78	692	6.718	9.439	3.000	1	51	231.990	20.767	23.951	0.718	0.127	0.723	231.961	20.733	24.465	229	18	22	7	7	4
2.000	12.206	83	70	392	4.723	5.873	2.000	1	31	174.084	21.916	24.048	0.663	0.143	0.660	174.051	21.967	24.474	171	19	22	7	7	4
1.808	11.323	75	60	279	3.720	4.323	2.000	1	19	212.533	34.427	24.107	0.642	0.130	0.629	212.520	34.455	24.487	210	32	22	6	6	4
2.844	14.445	118	88	1104	9.356	13.995	3.000	1	80	161.856	38.000	23.839	0.754	0.123	0.754	161.861	37.993	24.378	159	35	22	7	7	4
2.434	13.299	101	77	788	7.802	10.766	3.000	1	52	85.574	48.594	23.960	0.709	0.127	0.722	85.596	48.593	24.470	83	46	22	7	7	4
1.494	9.295	62	51	203	3.274	3.295	2.000	1	17	33.887	50.000	24.081	0.598	0.121	0.570	33.966	49.961	24.429	32	48	22	5	5	4
1.615	10.494	67	55	240	3.582	3.862	2.000	1	18	224.627	51.328	24.164	0.610	0.130	0.603	224.617	51.250	24.500	222	49	22	6	6	4
1.735	10.318	72	56	328	4.556	5.275	2.000	1	25	278.097	52.500	24.056	0.626	0.112	0.621	278.061	52.506	24.463	276	50	22	6	6	4
1.952	10.865	81	66	448	5.531	6.970	2.000	1	32	309.358	57.457	24.173	0.641	0.126	0.644	309.315	57.471	24.551	307	55	22	6	6	4
1.856	10.936	77	63	325	4.221	4.874	2.000	1	23	302.688	69.727	24.104	0.638	0.132	0.631	302.671	69.809	24.480	300	67	22	6	6	4
1.422	9.859	59	52	129	2.186	2.021	1.000	1	9	309.220	69.492	24.153	0.588	0.148	0.575	309.240	69.457	24.473	307	67	22	6	6	4
1.567	9.983	65	56	227	3.492	3.518	2.000	1	16	417.215	71.492	24.200	0.591	0.121	0.585	417.198	71.502	24.480	415	69	22	6	6	4
1.904	11.306	79	65	383	4.848	5.718	2.000	1	27	253.468	73.101	24.190	0.640	0.132	0.642	253.436	73.057	24.522	251	70	22	6	7	4
3.013	14.746	125	91	1341	10.728	16.578	4.000	1	85	221.128	106.504	23.888	0.770	0.129	0.778	221.084	106.517	24.459	218	103	22	7	8	4
1.615	10.107	67	57	305	4.552	5.212	2.000	1	26	414.164	109.746	24.209	0.600	0.122	0.602	414.111	109.813	24.511	412	107	22	6	6	4
3.471	21.096	144	117	651	4.521	6.341	2.000	1	38	339.229	116.569	24.083	0.898	0.307	0.890	339.670	116.109	24.401	335	110	22	9	13	4
2.241	12.346	93	70	429	4.613	5.351	2.000	1	25	421.613	124.258	23.957	0.695	0.121	0.695	421.510	124.224	24.338	419	121	22	6	7	4
4.603	22.312	191	139	1295	6.780	9.103	3.000	1	56	118.963	127.424	23.859	0.953	0.275	0.946	119.373	127.537	24.405	114	124	22	11	8	4
1.422	10.141	59	47	137	2.322	2.247	1.000	1	11	196.780	128.000	24.017	0.600	0.127	0.585	196.766	128.000	24.387	194	126	22	6	5	4
3.157	17.162	131	103	874	6.672	10.107	2.000	1	59	390.992	132.588	23.985	0.812	0.204	0.814	390.865	133.050	24.406	387	127	22	8	10	4
2.627	13.934	109	84	741	6.798	9.464	3.000	1	49	421.422	136.972	23.853	0.734	0.125	0.743	421.417	136.919	24.410	418	134	22	7	7	4
2.241	11.905	93	70	451	4.849	5.861	2.000	1	28	458.559	142.301	23.903	0.692	0.114	0.690	458.390	142.355	24.379	456	140	22	6	6	4
1.759	10.477	73	61	341	4.671	5.467	2.000	1	27	380.616	144.315	24.219	0.620	0.128	0.622	380.745	144.238	24.519	378	142	22	6	6	4
2.627	13.793	109	83	751	6.890	9.663	3.000	1	48	244.541	147.092	23.963	0.730	0.133	0.737	244.494	147.124	24.447	242	144	22	7	7	4
1.591	9.983	66	55	234	3.545	3.767	2.000	1	17	453.348	152.818	24.212	0.597	0.118	0.591	453.350	152.859	24.496	451	150	22	6	6	4
2.603	13.740	108	81	754	6.981	9.895	2.500	1	52	281.806	163.750	23.907	0.733	0.127	0.725	281.741	163.777	24.418	279	161	22	7	7	4
2.531	13.863	105	80	744	7.086	9.999	3.000	1	51	46.552	166.733	23.943	0.728	0.134	0.724	46.496	166.765	24.476	43	164	22	8	7	4
2.121	13.034	88	70	501	5.693	7.639	3.000	1	41	277.807	172.716	24.114	0.681	0.150	0.673	277.820	172.850	24.499	275	170	22	8	7	4
2.241	12.787	93	71	503	5.409	6.564	2.000	1	31	324.667	177.731	23.989	0.695	0.129	0.699	324.588	177.821	24.394	322	175	22	7	6	4
1.109	8.148	46	41	80	1.739	1.324	1.000	1	6	440.261	186.109	24.239	0.527	0.130	0.536	440.325	186.075	24.462	438	184	22	6	5	4
1.880	10.882	78	61	268	3.436	3.504	2.000	1	16	250.397	192.359	24.026	0.650	0.118	0.653	250.437	192.291	24.369	248	190	22	6	6	4
2.627	13.616	109	81	770	7.064	9.978	3.000	1	56	354.257	436.917	23.872	0.733	0.122	0.738	354.131	436.979	24.365	351	434	22	7	7	4
2.000	11.818	83	67	374	4.506	5.181	2.000	1	24	314.819	446.398	24.157	0.656	0.134	0.652	314.754	446.382	24.484	312	444	22	7	6	4
2.000	11.905	83	65	419	5.048	6.127	2.000	1	30	348.675	446.614	24.024	0.661	0.123	0.671	348.711	446.726	24.446	346	444	22	6	6	4
4.049	23.124	168	134	1286	7.655	12.335	3.000	1	70	454.190	450.720	24.065	1.081	0.397	1.092	453.803	449.220	24.439	450	445	22	9	14	4
2.266	12.858	94	72	542	5.766	7.327	2.000	1	37	286.096	456.404	23.936	0.701	0.126	0.697	286.085	456.389	24.415	283	454	22	7	6	4
2.699	14.057	112	83	981	8.759	12.863	3.000	1	63	325.589	459.652	23.875	0.742	0.124	0.748	325.597	459.625	24.432	322	457	22	8	7	4
2.145	12.399	89	70	495	5.562	7.159	2.000	1	37	422.371	458.764	24.079	0.675	0.129	0.681	422.343	458.887	24.475	419	456	22	7	7	4
2.241	12.911	93	73	563	6.054	7.769	3.000	1	38	307.602	462.151	24.054	0.688	0.134	0.684	307.517	462.123	24.474	305	459	22	7	7	4
1.711	10.177	71	57	322	4.535	5.185	2.000	1	24	269.169	467.465	24.155	0.616	0.117	0.625	269.065	467.500	24.500	267	465	22	6	6	4
2.410	13.493	100	76	581	5.810	7.671	2.500	1	41	313.230	469.330	23.950	0.711	0.126	0.709	313.110	469.253	24.430	310	466	22	7	7	4
2.386	13.228	99	76	727	7.343	10.038	3.000	1	54	376.172	472.990	23.960	0.707	0.131	0.703	376.231	472.989	24.414	373	470	22	7	7	4
1.783	10.548	74	60	282	3.811	4.134	2.000	1	19	448.419	475.459	24.203	0.623	0.120	0.624	448.546	475.553	24.504	446	473	22	6	6	4
1.422	9.666	59	51	144	2.441	2.028	2.000	1	9	242.424	485.169	24.203	0.580	0.134	0.570	242.410	485.243	24.451	240	483	22	6	6	4
1.904	12.082	79	65	309	3.911	4.518	2.000	1	24	351.000	490.924	24.076	0.659	0.145	0.651	351.039	490.919	24.421	348	488	22	7	7	4
2.266	13.105	94	75	565	6.011	8.030	3.000	1	43	233.979	494.011	24.000	0.688	0.132	0.679	233.956	494.016	24.480	231	491	22	7	7	4
2.675	14.481	111	87	624	5.622	7.532	2.000	1	38	469.378	500.622	24.081	0.746	0.171	0.750	468.915	500.631	24.468	466	498	22	9	6	4
2.796	14.304	116	88	1106	9.534	13.711	3.000	1	68	305.345	501.534	23.862	0.751	0.130	0.751	305.316	501.490	24.397	302	498	22	7	8	4
1.109	7.637	46	40	103	2.239	1.816	1.000	1	9	330.957	9.087	24.283	0.520	0.097	0.552	330.874	9.058	24.515	329	7	23	5	5	3
1.350	8.890	56	49	156	2.786	2.890	1.000	1	14	66.232	29.089	24.375	0.559	0.122	0.572	66.186	29.077	24.615	64	27	23	6	6	3
0.844	6.597	35	34	68	1.943	1.349	1.000	1	6	191.000	55.743	24.600	0.460	0.129	0.463	191.000	55.735	24.676	189	53	23	5	6	3
1.567	9.525	65	56	231	3.554	3.933	2.000	1	19	331.277	57.723	24.262	0.588	0.118	0.603	331.264	57.805	24.563	329	55	23	6	6	3
1.036	7.673	43	41	98	2.279	1.931	1.000	1	8	404.488	68.047	24.558	0.499	0.134	0.502	404.480	68.061	24.684	402	66	23	6	5	3
0.675	5.555	28	26	34	1.214	0.418	1.000	1	2	66.500	74.000	24.000	0.434	0.082	0.448	66.500	74.000	24.000	65	73	23	4	3	3
0.506	4.586	21	20	23	1.095	0.301	1.000	1	2	183.190	79.619	24.524	0.385	0.101	0.386	183.174	79.609	24.565	182	78	23	4	4	3
1.470	9.137	61	52	246	4.033	4.750	2.000	1	23	41.787	93.213	24.344	0.580	0.123	0.595	41.801	93.199	24.642	39	91	23	6	6	3
1.446	8.837	60	50	228	3.800	4.104	2.000	1	19	330.633	94.000	24.233	0.575	0.105	0.587	330.570	94.009	24.544	328	92	23	6	5	3
1.542	9.719	64	55	225	3.516	3.780	2.000	1	18	128.375	97.672	24.266	0.587	0.119	0.605	128.404	97.733	24.551	126	95	23	6	6	3
0.699	5.979	29	27	50	1.724	1.032	1.000	1	5	324.000	98.310	24.517	0.435	0.111	0.451	324.000	98.240	24.620	322	96	23	5	5	3
1.301	8.696	54	48	140	2.593	2.327	1.500	1	10	31.148	100.556	24.389	0.552	0.124	0.563	31.121	100.543	24.607	29	98	23	6	6	3
1.783	10.407	74	62	417	5.635	6.983	3.000	1	33	382.946	101.500	24.270	0.620	0.128	0.630	382.945	101.580	24.583	380	99	23	7	6	3
1.181	8.202	49	43	133	2.714	2.791	1.000	1	14	278.755	107.918	24.347	0.532	0.111	0.554	278.827	107.940	24.602	276	106	23	6	5	3
1.085	7.637	45	40	88	1.956	1.429	1.000	1	7	440.067	109.689	24.267	0.518	0.108	0.522	440.114	109.705	24.477	438	108	23	5	5	3
0.603	4.779	25	24	27	1.080	0.277	1.000	1	2	378.840	118.080	24.320	0.422	0.115	0.400	378.815	118.074	24.370	377	117	23	4	3	3
1.783	13.071	74	68	162	2.189	2.085	1.000	1	11	258.703	122.757	24.500	0.783	0.286	0.790	259.000	122.111	24.648	255	119	23	8	10	3
1.567	9.401	65	55	258	3.969	4.650	2.000	1	22	462.615	122.123	24.262	0.589	0.115	0.601	462.589	122.062	24.585	460	120	23	6	6	3
0.844	6.367	35	33	48	1.371	0.690	1.000	1	4	42.000	125.571	24.314	0.466	0.107	0.479	42.021	125.625	24.417	40	124	23	5	5	3
1.591	9.525	66	57	244	3.697	3.827	2.000	1	18	303.697	127.742	24.242	0.591	0.118	0.602	303.730	127.791	24.516	301	125	23	6	6	3
1.470	9.154	61	52	220	3.607	3.707	2.000	1	17	293.475	140.098	24.246	0.576	0.110	0.572	293.505	140.105	24.514	291	138	23	6	6	3
0.747	6.226	31	30	50	1.613	0.989	1.000	1	5	278.806	147.935	24.581	0.438	0.117	0.435	278.840	147.920	24.660	277	146	23	5	5	3
1.567	9.719	65	56	237	3.646	3.773	2.000	1	17	376.692	151.400	24.246	0.590	0.118	0.602	376.717	151.418	24.527	374	149	23	6	6	3
1.735	10.160	72	60	321	4.458	4.893	2.000	1	21	356.500	158.500	24.222	0.613	0.116	0.618	356.526	158.455	24.523	354	156	23	6	6	3
1.591	10.036	66	57	238	3.606	3.941	2.000	1	18	130.470	163.758	24.288	0.594	0.125	0.604	130.487	163.786	24.576	128	161	23	6	7	3
0.964	7.373	40	37	91	2.275	2.025	1.000	1	10	12.150	163.850	24.475	0.487	0.118	0.505	12.088	163.912	24.626	10	162	23	5	5	3
0.434	4.462	18	17	19	1.056	0.236	1.000	1	2	452.389	163.611	24.333	0.401	0.124	0.443	452.368	163.632	24.368	451	162	23	4	4	3
1.542	9.842	64	56	201	3.141	3.270	2.000	1	15	271.328	165.172	24.328	0.587	0.127	0.597	271.383	165.124	24.587	269	162	23	6	7	3
1.398	9.525	58	50	172	2.966	3.009	1.500	1	13	317.638	165.241	24.379	0.572	0.128	0.588	317.605	165.209	24.616	315	163	23	6	6	3
0.844	6.597	35	34	68	1.943	1.349	1.000	1	6	371.000	166.743	24.600	0.460	0.129	0.463	371.000	166.735	24.676	369	164	23	5	6	3
0.916	7.055	38	36	65	1.711	1.037	1.000	1	5	459.711	185.000	24.421	0.485	0.126	0.500	459.723	185.000	24.538	458	183	23	5	5	3
0.964	7.249	40	36	83	2.075	1.639	1.000	1	8	297.125	197.125	24.425	0.491	0.113	0.529	297.108	197.108	24.602	295	195	23	5	5	3
0.771	6.280	32	31	61	1.906	1.329	1.000	1	6	181.000	198.938	24.625	0.444	0.122	0.437	181.000	198.902	24.705	179	197	23	5	5	3
0.578	5.291	24	23	35	1.458	0.658	1.000	1	3	183.125	210.000	24.500	0.397	0.110	0.384	183.200	210.000	24.600	181	208	23	5	5	3
0.916	7.443	38	34	81	2.132	1.695	1.000	1	8	13.000	223.053	24.421	0.489	0.115	0.529	13.012	223.037	24.580	11	221	23	5	5	3
1.181	8.255	49	43	122	2.490	2.228	1.000	1	10	3.000	234.469	24.388	0.536	0.119	0.536	2.967	234.451	24.598	1	232	23	5	6	3
0.916	6.932	38	35	55	1.447	0.795	1.000	1	4	104.395	237.711	24.421	0.487	0.122	0.491	104.364	237.727	24.527	102	236	23	5	5	3
0.265	3.068	11	11	11	1.000	0.000	1.000	1	1	80.364	248.636	24.455	0.324	0.113	0.280	80.364	248.636	24.455	79	248	23	3	3	3
1.205	8.272	50	43	121	2.420	1.928	2.000	1	9	35.040	257.480	24.260	0.542	0.107	0.534	35.050	257.380	24.479	33	255	23	5	6	3
1.060	7.673	44	42	100	2.273	1.897	1.000	1	8	6.500	259.000	24.545	0.500	0.132	0.496	6.470	258.950	24.690	4	257	23	6	5	3
1.109	7.991	46	42	102	2.217	1.812	1.000	1	8	360.543	441.761	24.500	0.522	0.133	0.514	360.539	441.775	24.647	358	439	23	6	6	3
1.422	9.401	59	50	184	3.119	3.238	2.000	1	15	320.339	498.186	24.322	0.576	0.120	0.580	320.386	498.168	24.565	318	496	23	6	6	3
0.844	6.597	35	34	68	1.943	1.349	1.000	1	6	265.000	497.743	24.600	0.460	0.129	0.463	265.000	497.735	24.676	263	495	23	5	6	3
0.868	6.667	36	35	78	2.167	1.732	1.000	1	8	324.000	504.833	24.556	0.459	0.119	0.488	324.000	504.859	24.679	322	503	23	5	5	3
0.289	3.175	12	12	12	1.000	0.000	1.000	1	1	46.000	11.250	24.833	0.310	0.097	0.317	46.000	11.250	24.833	45	10	24	3	4	2
0.289	3.299	12	12	12	1.000	0.000	1.000	1	1	408.500	14.667	24.917	0.320	0.106	0.369	408.500	14.667	24.917	407	13	24	4	4	2
0.337	3.439	14	14	15	1.071	0.267	1.000	1	2	284.000	19.000	24.643	0.318	0.068	0.353	284.000	19.000	24.667	283	18	24	3	3	2
0.844	6.280	35	35	64	1.829	1.382	1.000	1	6	113.257	29.571	24.600	0.447	0.125	0.460	113.219	29.562	24.719	111	27	24	5	6	2
0.241	2.664	10	10	10	1.000	0.000	1.000	1	1	495.000	29.000	24.900	0.281	0.099	0.301	495.000	29.000	24.900	494	28	24	3	3	2
0.578	5.204	24	24	25	1.042	0.204	1.000	1	2	141.792	31.500	24.708	0.412	0.130	0.410	141.760	31.520	24.720	140	30	24	5	4	2
0.868	6.403	36	36	65	1.806	1.348	1.000	1	6	28.500	33.278	24.611	0.454	0.128	0.459	28.477	33.246	24.723	26	31	24	6	5	2
0.337	3.439	14	14	15	1.071	0.267	1.000	1	2	299.000	39.000	24.643	0.318	0.068	0.353	299.000	39.000	24.667	298	38	24	3	3	2
0.410	3.757	17	17	20	1.176	0.529	1.000	1	3	419.000	47.765	24.588	0.340	0.075	0.347	419.000	47.750	24.650	418	46	24	3	4	2
0.241	2.664	10	10	10	1.000	0.000	1.000	1	1	258.000	50.000	24.900	0.281	0.099	0.301	258.000	50.000	24.900	257	49	24	3	3	2
0.241	2.664	10	10	10	1.000	0.000	1.000	1	1	81.000	67.000	24.900	0.281	0.099	0.301	81.000	67.000	24.900	80	66	24	3	3	2
0.386	3.880	16	16	17	1.062	0.250	1.000	1	2	160.250	70.938	24.688	0.342	0.092	0.340	160.235	70.941	24.706	159	70	24	4	3	2
0.723	5.698	30	30	52	1.733	1.081	1.000	1	6	114.000	76.000	24.700	0.427	0.121	0.445	114.000	76.000	24.731	112	74	24	5	5	2
0.241	2.664	10	10	10	1.000	0.000	1.000	1	1	260.000	92.000	24.900	0.281	0.099	0.301	260.000	92.000	24.900	259	91	24	3	3	2
0.337	3.439	14	14	15	1.071	0.267	1.000	1	2	379.000	95.000	24.643	0.318	0.068	0.353	379.000	95.000	24.667	378	94	24	3	3	2
0.386	3.880	16	16	17	1.062	0.250	1.000	1	2	175.750	96.938	24.688	0.342	0.092	0.340	175.765	96.941	24.706	174	96	24	4	3	2
0.627	5.204	26	26	39	1.500	0.860	1.000	1	4	392.769	105.000	24.654	0.403	0.110	0.404	392.769	105.000	24.744	391	103	24	5	5	2
0.337	3.563	14	14	15	1.071	0.267	1.000	1	2	422.000	105.214	24.714	0.325	0.085	0.335	422.000	105.200	24.733	421	104	24	3	4	2
0.651	5.397	27	27	41	1.519	0.849	1.000	1	4	387.000	115.296	24.630	0.406	0.109	0.405	387.000	115.293	24.707	385	113	24	5	5	2
0.530	4.709	22	22	29	1.318	0.568	1.000	1	3	371.000	120.000	24.591	0.375	0.096	0.386	371.000	120.000	24.655	369	118	24	5	5	2
0.747	5.892	31	31	47	1.516	0.962	1.000	1	5	183.065	128.000	24.677	0.431	0.122	0.431	183.106	128.000	24.745	181	126	24	5	5	2
0.241	2.664	10	10	10	1.000	0.000	1.000	1	1	476.000	131.000	24.900	0.281	0.099	0.301	476.000	131.000	24.900	475	130	24	3	3	2
0.410	3.757	17	17	19	1.118	0.332	1.000	1	2	12.000	149.588	24.588	0.344	0.081	0.353	12.000	149.579	24.632	11	148	24	3	4	2
0.530	4.709	22	22	28	1.273	0.550	1.000	1	3	38.000	157.000	24.591	0.375	0.096	0.386	38.000	157.000	24.679	36	155	24	5	5	2
0.241	2.664	10	10	10	1.000	0.000	1.000	1	1	372.000	157.000	24.900	0.281	0.099	0.301	372.000	157.000	24.900	371	156	24	3	3	2
0.458	4.321	19	19	23	1.211	0.535	1.000	1	3	121.684	167.316	24.684	0.360	0.092	0.359	121.696	167.304	24.739	120	166	24	4	4	2
0.313	3.369	13	13	13	1.000	0.000	1.000	1	1	2.231	169.923	24.769	0.318	0.091	0.319	2.231	169.923	24.769	1	169	24	4	3	2
0.747	5.892	31	31	51	1.645	0.950	1.000	1	5	467.935	178.000	24.677	0.431	0.122	0.431	467.941	178.000	24.725	466	176	24	5	5	2
0.578	5.080	24	24	30	1.250	0.608	1.000	1	3	94.500	181.000	24.667	0.390	0.103	0.388	94.467	181.000	24.733	93	179	24	4	5	2
0.241	2.664	10	10	10	1.000	0.000	1.000	1	1	419.000	188.000	24.900	0.281	0.099	0.301	419.000	188.000	24.900	418	187	24	3	3	2
0.578	4.956	24	24	31	1.292	0.550	1.000	1	3	285.167	191.000	24.625	0.390	0.105	0.392	285.129	191.000	24.677	283	189	24	5	5	2
0.506	4.886	21	21	22	1.048	0.218	1.000	1	2	337.000	190.095	24.762	0.418	0.155	0.380	337.000	190.136	24.773	336	187	24	3	6	2
0.241	2.664	10	10	10	1.000	0.000	1.000	1	1	322.000	197.000	24.900	0.281	0.099	0.301	322.000	197.000	24.900	321	196	24	3	3	2
0.627	5.204	26	26	34	1.308	0.618	1.000	1	3	88.115	216.385	24.654	0.403	0.110	0.416	88.118	216.382	24.706	86	215	24	5	4	2
0.241	2.664	10	10	10	1.000	0.000	1.000	1	1	113.000	230.000	24.900	0.281	0.099	0.301	113.000	230.000	24.900	112	229	24	3	3	2
0.771	5.839	32	32	48	1.500	0.803	1.000	1	4	61.281	236.625	24.594	0.431	0.116	0.445	61.271	236.625	24.646	59	235	24	5	5	2
0.482	4.445	20	20	25	1.250	0.550	1.000	1	3	96.600	239.600	24.700	0.372	0.103	0.388	96.600	239.600	24.760	95	238	24	4	4	2
0.530	4.762	22	22	26	1.182	0.501	1.000	1	3	38.909	240.591	24.682	0.380	0.102	0.386	38.885	240.615	24.731	37	239	24	5	4	2
0.410	4.074	17	17	19	1.118	0.485	1.000	1	3	10.824	248.176	24.647	0.344	0.085	0.328	10.842	248.158	24.684	9	247	24	4	4	2
0.241	2.664	10	10	10	1.000	0.000	1.000	1	1	71.000	250.000	24.900	0.281	0.099	0.301	71.000	250.000	24.900	70	249	24	3	3	2
0.241	2.664	10	10	10	1.000	0.000	1.000	1	1	15.000	300.000	24.900	0.281	0.099	0.301	15.000	300.000	24.900	14	299	24	3	3	2
0.289	3.175	12	12	12	1.000	0.000	1.000	1	1	320.250	441.000	24.833	0.310	0.097	0.317	320.250	441.000	24.833	319	440	24	4	3	2
0.747	5.839	31	31	50	1.613	1.054	1.000	1	5	271.548	508.935	24.613	0.430	0.120	0.453	271.540	508.960	24.720	269	507	24	6	5	2
0.603	4.886	25	25	45	1.800	1.258	1.000	1	5	281.000	509.920	24.640	0.401	0.115	0.392	281.000	510.111	24.756	279	508	24	5	4	2
0.337	3.669	14	14	14	1.000	0.000	1.000	1	1	108.286	224.286	25.000	0.402	0.184	0.399	108.286	224.286	25.000	106	223	25	6	4	1
0.241	2.787	10	10	10	1.000	0.000	1.000	1	1	451.300	434.700	25.000	0.299	0.110	0.332	451.300	434.700	25.000	450	433	25	4	4	1
