Volume (micron^3)	Surface (micron^2)	Nb of obj. voxels	Nb of surf. voxels	IntDen	Mean	StdDev	Median	Min	Max	X	Y	Z	Mean dist. to surf. (micron)	SD dist. to surf. (micron)	Median dist. to surf. (micron)	XM	YM	ZM	BX	BY	BZ	B-width	B-height	B-depth
4.170	20.965	173	129	10254	59.272	126.181	8.000	1	788	139.243	1.116	3.763	1.018	0.343	1.002	139.237	0.417	2.306	135	0	1	9	4	9
3.784	18.498	157	112	2513	16.006	24.083	5.000	1	123	191.140	1.427	3.331	0.947	0.290	0.930	191.161	0.992	2.247	188	0	1	8	5	8
9.183	31.794	381	201	18889	49.577	103.042	8.000	1	650	209.882	3.346	4.029	1.249	0.270	1.240	209.862	3.453	2.507	206	0	1	9	8	9
1.205	8.396	50	45	111	2.220	1.730	2.000	1	8	335.500	1.820	1.760	0.541	0.130	0.539	335.532	1.775	1.586	333	0	1	6	5	4
2.290	14.707	95	78	1149	12.095	20.464	3.000	1	115	439.021	1.232	2.632	0.781	0.252	0.770	438.894	0.481	1.916	436	0	1	7	7	6
1.591	10.369	66	58	668	10.121	13.906	3.500	1	64	467.833	0.788	2.515	0.665	0.200	0.655	467.781	0.389	1.918	465	0	1	7	3	5
2.169	14.637	90	76	321	3.567	3.570	2.000	1	19	483.878	1.000	2.422	0.821	0.324	0.766	484.333	0.922	2.003	477	0	1	11	4	6
0.868	6.066	36	34	60	1.667	0.956	1.000	1	4	46.889	2.667	1.972	0.474	0.105	0.482	46.933	2.600	1.833	45	1	1	4	4	3
7.038	28.515	292	172	6311	21.613	38.245	5.000	1	223	326.962	4.291	3.538	1.127	0.234	1.107	326.911	3.987	2.609	323	1	1	8	10	8
6.266	24.601	260	152	6070	23.346	40.110	6.000	1	216	298.388	5.254	3.323	1.065	0.189	1.037	298.441	5.247	2.380	295	2	1	8	8	7
1.759	10.211	73	55	232	3.178	3.066	2.000	1	14	240.192	5.110	2.164	0.639	0.098	0.635	240.203	5.142	1.815	238	3	1	6	5	4
0.699	5.819	29	25	34	1.172	0.384	1.000	1	2	386.552	4.069	2.207	0.465	0.116	0.457	386.559	4.088	2.235	385	3	1	4	3	4
2.434	13.243	101	71	397	3.931	3.774	2.000	1	18	398.812	5.941	2.812	0.750	0.157	0.731	398.889	5.924	2.549	396	4	1	6	5	6
3.712	17.635	154	104	1494	9.701	13.518	4.000	1	70	477.578	6.955	2.922	0.880	0.183	0.858	477.576	7.021	2.161	475	4	1	7	7	6
1.133	8.500	47	41	76	1.617	1.012	1.000	1	5	38.872	8.149	2.191	0.570	0.164	0.544	38.882	8.158	1.868	37	6	1	5	5	5
9.713	34.368	403	210	18965	47.060	90.901	8.000	1	518	110.524	9.571	4.313	1.317	0.328	1.302	110.595	9.753	2.923	106	6	1	9	9	10
1.808	10.582	75	56	254	3.387	3.283	2.000	1	14	148.920	8.467	2.133	0.643	0.097	0.634	148.929	8.492	1.850	147	6	1	5	6	4
0.241	2.664	10	10	10	1.000	0.000	1.000	1	1	407.000	9.000	1.100	0.281	0.099	0.301	407.000	9.000	1.100	406	8	1	3	3	2
8.363	33.735	347	211	7672	22.110	44.986	4.000	1	283	419.533	12.810	3.294	1.211	0.318	1.165	420.311	12.096	2.352	414	9	1	11	10	8
1.783	9.964	74	56	307	4.149	4.074	2.000	1	19	361.027	11.973	2.297	0.644	0.089	0.619	361.091	11.906	1.906	359	10	1	5	5	4
2.964	18.376	123	99	360	2.927	3.022	2.000	1	16	271.179	16.618	2.195	0.900	0.303	0.920	270.767	17.244	1.981	268	11	1	8	10	5
0.458	4.603	19	18	24	1.263	0.452	1.000	1	2	74.000	16.000	2.000	0.382	0.086	0.390	74.000	16.000	2.000	73	15	1	3	3	3
6.676	28.374	277	166	4492	16.217	25.440	4.000	1	138	392.852	18.935	3.426	1.144	0.303	1.084	393.090	18.693	2.678	388	15	1	9	11	8
0.241	2.664	10	10	10	1.000	0.000	1.000	1	1	434.000	16.000	1.100	0.281	0.099	0.301	434.000	16.000	1.100	433	15	1	3	3	2
0.386	4.091	16	14	18	1.125	0.342	1.000	1	2	37.500	16.500	2.000	0.382	0.089	0.428	37.500	16.500	2.000	36	15	1	4	4	3
3.302	15.890	137	96	1058	7.723	10.545	3.000	1	58	457.832	18.540	2.606	0.822	0.136	0.810	457.890	18.647	1.991	455	16	1	7	7	5
2.000	11.551	83	62	264	3.181	3.213	2.000	1	16	96.578	19.988	2.253	0.683	0.136	0.664	96.652	19.943	1.852	94	18	1	6	5	5
2.772	14.179	115	83	603	5.243	6.167	2.000	1	32	301.400	20.930	2.652	0.778	0.144	0.750	301.300	20.977	2.073	299	18	1	6	7	5
1.012	7.812	42	39	134	3.190	2.907	2.000	1	11	510.357	20.167	2.333	0.555	0.173	0.567	510.627	20.231	2.007	509	18	1	3	6	5
2.386	13.032	99	73	448	4.525	5.470	2.000	1	28	52.465	20.970	2.566	0.747	0.153	0.719	52.469	20.982	1.866	50	19	1	6	6	5
0.458	4.603	19	18	27	1.421	0.607	1.000	1	3	149.000	20.000	2.000	0.382	0.086	0.390	149.000	20.000	2.000	148	19	1	3	3	3
0.675	5.502	28	26	31	1.107	0.315	1.000	1	2	278.107	20.929	2.036	0.456	0.141	0.464	278.097	20.903	1.968	277	19	1	3	4	4
4.941	21.779	205	132	2821	13.761	21.402	4.000	1	108	63.341	23.371	3.093	0.984	0.215	0.967	63.411	23.463	2.204	60	20	1	8	8	7
1.398	9.663	58	43	109	1.879	1.215	1.000	1	6	360.690	21.000	2.690	0.619	0.146	0.594	360.716	21.009	2.505	359	19	1	5	5	5
0.241	2.664	10	10	10	1.000	0.000	1.000	1	1	145.000	22.000	1.100	0.281	0.099	0.301	145.000	22.000	1.100	144	21	1	3	3	2
1.326	9.099	55	44	66	1.200	0.447	1.000	1	3	399.527	23.364	3.018	0.643	0.207	0.567	399.515	23.364	2.985	398	22	1	4	4	6
3.953	18.517	164	107	1982	12.085	17.736	4.000	1	96	466.738	25.957	2.799	0.888	0.166	0.866	466.723	26.044	2.126	464	23	1	7	7	6
1.326	8.994	55	47	97	1.764	1.290	1.000	1	7	490.345	24.709	2.109	0.594	0.161	0.563	490.247	24.763	1.835	488	23	1	5	5	5
5.640	24.974	234	153	2742	11.718	17.204	4.000	1	101	230.406	28.209	2.709	1.024	0.244	0.987	230.274	28.315	2.082	227	24	1	9	11	6
0.723	5.749	30	27	35	1.167	0.379	1.000	1	2	263.667	25.000	2.033	0.465	0.117	0.481	263.657	25.000	2.000	262	24	1	4	3	4
1.085	8.393	45	36	82	1.822	0.912	2.000	1	4	410.000	26.089	2.289	0.568	0.121	0.565	409.988	26.061	2.061	408	24	1	5	5	4
21.137	69.390	877	447	69913	79.718	179.352	9.000	1	1412	92.656	33.940	4.263	1.698	0.514	1.795	92.303	34.689	2.596	87	26	1	13	17	10
1.446	9.736	60	53	154	2.567	2.110	2.000	1	10	509.867	29.933	1.783	0.614	0.184	0.592	509.942	30.175	1.571	508	26	1	4	8	4
1.326	9.610	55	42	111	2.018	1.254	2.000	1	6	107.036	28.836	2.618	0.630	0.162	0.619	107.018	28.910	2.342	105	27	1	5	5	5
0.964	7.935	40	35	52	1.300	0.516	1.000	1	3	370.700	27.100	2.750	0.541	0.157	0.536	370.596	27.096	2.769	369	25	1	4	5	5
0.530	6.173	22	22	23	1.045	0.213	1.000	1	2	391.318	32.409	1.227	0.581	0.284	0.560	391.304	32.478	1.217	390	27	1	4	9	2
4.989	21.619	207	127	2128	10.280	14.431	4.000	1	69	401.464	29.831	3.357	0.999	0.215	0.971	401.526	29.927	2.529	398	27	1	8	7	7
1.060	7.319	44	39	80	1.818	1.187	1.000	1	6	478.523	29.909	1.727	0.515	0.107	0.516	478.475	29.925	1.513	477	28	1	5	5	3
0.241	2.664	10	10	10	1.000	0.000	1.000	1	1	290.000	30.000	1.100	0.281	0.099	0.301	290.000	30.000	1.100	289	29	1	3	3	2
1.711	11.321	71	55	190	2.676	2.466	1.000	1	12	361.000	32.127	2.437	0.688	0.192	0.659	361.000	32.053	1.958	359	30	1	5	5	6
9.809	37.458	407	237	5741	14.106	22.126	5.000	1	151	131.182	36.270	3.157	1.247	0.296	1.278	131.400	35.797	2.312	127	31	1	10	13	7
0.434	4.709	18	18	20	1.111	0.471	1.000	1	3	77.000	34.000	1.278	0.360	0.106	0.368	77.000	34.000	1.250	75	32	1	5	5	2
86949.758	43766.363	3607684	432083	1124409856	311.671	352.911	192.000	1	3449	299.471	264.135	13.683	43.935	16.537	45.875	320.155	272.699	14.298	82	19	1	430	493	27
0.819	5.996	34	30	47	1.382	0.652	1.000	1	3	451.206	33.588	1.912	0.475	0.080	0.473	451.191	33.574	1.766	450	32	1	4	4	3
0.554	4.603	23	22	25	1.087	0.288	1.000	1	2	495.000	33.000	1.826	0.403	0.092	0.407	495.000	33.000	1.800	494	32	1	3	3	3
5.423	22.184	225	134	3517	15.631	24.471	5.000	1	134	240.182	36.307	3.351	1.021	0.208	0.978	240.136	36.270	2.440	237	33	1	7	8	7
3.784	19.152	157	108	1129	7.191	10.400	3.000	1	58	293.917	35.892	2.815	0.909	0.235	0.864	294.001	35.879	2.119	289	33	1	9	8	7
1.446	11.605	60	56	95	1.583	1.197	1.000	1	7	305.600	35.750	1.917	0.651	0.223	0.622	305.832	35.505	1.663	302	33	1	7	7	4
1.759	10.087	73	59	179	2.452	1.915	2.000	1	9	47.205	37.740	2.301	0.642	0.112	0.628	47.263	37.737	2.050	45	36	1	5	5	4
4.314	19.469	179	116	2384	13.318	21.059	5.000	1	120	113.648	38.832	2.872	0.919	0.166	0.884	113.612	38.924	2.080	110	36	1	8	7	6
3.567	16.789	148	100	1311	8.858	11.840	4.000	1	63	217.581	39.297	2.757	0.850	0.158	0.821	217.634	39.240	2.096	215	36	1	7	7	6
2.121	12.450	88	71	230	2.614	2.525	2.000	1	14	158.352	39.648	2.523	0.715	0.179	0.701	158.235	39.678	1.987	156	37	1	6	6	5
2.507	12.768	104	75	612	5.885	6.868	3.000	1	32	208.385	39.990	2.452	0.734	0.127	0.719	208.392	39.997	1.961	206	38	1	6	5	5
0.675	5.451	28	28	42	1.500	0.882	1.000	1	4	33.000	40.857	1.321	0.416	0.117	0.409	33.000	40.857	1.238	31	39	1	5	5	2
0.241	3.139	10	10	10	1.000	0.000	1.000	1	1	378.800	40.000	1.600	0.321	0.110	0.302	378.800	40.000	1.600	378	39	1	3	3	3
7.978	31.690	331	195	7683	23.211	40.594	5.000	1	214	428.003	43.619	3.755	1.207	0.298	1.173	428.143	43.486	2.785	423	40	1	10	10	9
3.133	16.277	130	92	1009	7.762	10.620	3.000	1	56	121.415	43.800	2.623	0.812	0.160	0.782	121.436	43.942	1.966	118	41	1	7	7	6
4.555	19.470	189	121	2732	14.455	21.985	5.000	1	121	186.868	46.603	2.952	0.936	0.170	0.915	186.838	46.637	2.179	184	43	1	7	8	6
5.881	23.578	244	149	4918	20.156	34.690	5.000	1	202	475.086	46.393	3.336	1.047	0.213	1.017	474.985	46.303	2.262	472	43	1	7	8	7
1.856	10.388	77	59	372	4.831	5.371	3.000	1	27	205.000	47.831	2.169	0.652	0.109	0.644	205.019	47.833	1.723	203	45	1	5	6	4
5.688	25.958	236	153	1889	8.004	11.060	3.000	1	58	249.191	47.911	3.513	1.092	0.291	1.090	248.795	48.005	2.909	246	45	1	10	7	8
9.207	33.011	382	206	15459	40.469	79.467	7.000	1	494	495.825	49.969	4.131	1.275	0.301	1.283	495.822	49.999	2.662	492	46	1	9	9	9
1.229	7.989	51	43	78	1.529	0.857	1.000	1	4	154.471	49.000	2.196	0.568	0.117	0.542	154.449	49.000	2.026	153	47	1	4	5	4
3.929	17.758	163	107	1314	8.061	10.226	3.000	1	50	221.571	49.828	2.975	0.900	0.188	0.882	221.463	49.830	2.323	219	47	1	6	7	7
1.518	11.323	63	58	81	1.286	0.658	1.000	1	4	110.857	50.714	1.698	0.665	0.236	0.672	111.086	51.000	1.605	108	47	1	7	8	3
0.241	2.664	10	10	10	1.000	0.000	1.000	1	1	15.000	53.000	1.100	0.281	0.099	0.301	15.000	53.000	1.100	14	52	1	3	3	2
0.723	5.698	30	30	42	1.400	0.855	1.000	1	4	101.000	55.000	1.300	0.427	0.121	0.445	101.000	55.000	1.238	99	53	1	5	5	2
6.315	27.601	262	171	2622	10.008	16.176	3.000	1	94	140.859	58.557	2.702	1.073	0.276	1.080	141.823	59.005	2.126	135	55	1	12	9	6
0.241	2.664	10	10	10	1.000	0.000	1.000	1	1	162.000	56.000	1.100	0.281	0.099	0.301	162.000	56.000	1.100	161	55	1	3	3	2
6.580	26.258	273	161	9387	34.385	63.860	7.000	1	397	115.168	59.176	3.359	1.092	0.212	1.066	115.123	59.272	2.256	111	56	1	9	8	8
0.386	4.375	16	16	16	1.000	0.000	1.000	1	1	229.688	61.062	1.062	0.453	0.200	0.485	229.688	61.062	1.062	228	59	1	5	6	2
0.651	5.873	27	26	48	1.778	0.892	2.000	1	4	20.000	62.000	1.704	0.429	0.110	0.408	20.000	62.000	1.521	18	60	1	5	5	3
0.289	3.492	12	12	12	1.000	0.000	1.000	1	1	245.833	60.917	1.167	0.355	0.154	0.330	245.833	60.917	1.167	244	60	1	5	3	2
0.337	3.439	14	14	15	1.071	0.267	1.000	1	2	46.000	62.000	1.357	0.318	0.068	0.353	46.000	62.000	1.333	45	61	1	3	3	2
10.315	45.289	428	274	6679	15.605	26.545	4.000	1	161	105.862	70.631	2.860	1.548	0.493	1.615	105.611	71.036	2.149	101	62	1	10	18	7
3.977	20.017	165	117	1493	9.048	14.383	3.000	1	87	27.048	65.994	2.667	0.912	0.227	0.853	26.820	66.147	1.942	24	63	1	9	7	6
0.530	4.709	22	22	29	1.318	0.568	1.000	1	3	82.000	65.000	1.409	0.375	0.096	0.386	82.000	65.000	1.345	80	63	1	5	5	2
0.651	5.274	27	27	38	1.407	0.797	1.000	1	4	1.000	66.481	1.407	0.417	0.126	0.410	0.947	66.579	1.316	0	64	1	4	6	2
1.012	7.935	42	36	78	1.857	0.926	2.000	1	4	89.048	68.095	2.119	0.541	0.127	0.511	89.026	68.051	1.949	87	66	1	5	5	4
0.578	5.943	24	23	24	1.000	0.000	1.000	1	1	40.000	71.208	1.708	0.463	0.168	0.421	40.000	71.208	1.708	39	68	1	3	6	3
1.036	7.230	43	38	81	1.884	1.138	1.000	1	5	78.581	70.907	2.209	0.530	0.128	0.526	78.728	70.951	2.000	77	69	1	4	4	4
7.568	28.251	314	176	14389	45.825	91.108	7.000	1	550	9.640	74.350	3.580	1.152	0.219	1.116	9.686	74.404	2.261	6	71	1	8	8	8
1.518	9.559	63	53	153	2.429	2.326	1.000	1	12	166.302	75.032	2.032	0.607	0.127	0.583	166.255	75.013	1.621	164	73	1	6	5	4
4.194	18.500	174	114	2420	13.908	22.322	4.000	1	134	24.897	76.862	2.753	0.898	0.146	0.875	24.939	76.932	2.012	22	74	1	7	7	6
0.337	3.439	14	14	15	1.071	0.267	1.000	1	2	32.000	76.000	1.357	0.318	0.068	0.353	32.000	76.000	1.333	31	75	1	3	3	2
2.434	13.333	101	74	443	4.386	4.699	2.000	1	22	2.356	79.495	2.347	0.736	0.148	0.724	2.230	79.510	1.790	0	77	1	6	6	5
11.087	50.791	460	308	5814	12.639	25.461	3.000	1	173	149.415	85.522	2.870	1.364	0.404	1.408	149.141	87.295	2.310	142	78	1	15	15	7
2.723	14.903	113	88	338	2.991	3.040	2.000	1	15	51.345	81.080	2.142	0.794	0.219	0.777	51.021	81.109	1.923	48	79	1	10	5	5
0.892	6.912	37	31	45	1.216	0.417	1.000	1	2	95.811	79.568	2.541	0.516	0.120	0.505	95.756	79.556	2.533	94	78	1	4	4	4
8.797	33.701	365	211	10490	28.740	60.807	5.000	1	415	76.633	84.203	3.282	1.238	0.312	1.198	77.672	84.584	2.310	70	81	1	12	8	8
0.699	6.154	29	25	33	1.138	0.351	1.000	1	2	188.379	82.103	2.552	0.493	0.138	0.457	188.394	82.091	2.545	187	81	1	4	3	4
0.795	6.895	33	29	40	1.212	0.485	1.000	1	3	136.576	83.515	1.788	0.484	0.133	0.492	136.575	83.525	1.700	135	82	1	5	5	4
0.458	4.603	19	18	20	1.053	0.229	1.000	1	2	205.000	83.000	2.000	0.382	0.086	0.390	205.000	83.000	2.000	204	82	1	3	3	3
1.277	8.342	53	43	122	2.302	1.867	1.000	1	9	37.000	86.943	1.792	0.555	0.100	0.568	36.992	86.869	1.631	35	84	1	5	6	4
1.109	8.025	46	42	75	1.630	1.199	1.000	1	6	8.391	87.935	1.870	0.539	0.147	0.524	8.387	87.947	1.627	6	86	1	5	5	4
4.411	19.028	183	117	2405	13.142	19.990	4.000	1	115	63.962	88.689	2.918	0.919	0.152	0.897	63.931	88.720	2.168	61	86	1	7	7	6
0.530	4.409	22	21	24	1.091	0.294	1.000	1	2	116.955	92.000	1.773	0.396	0.092	0.391	116.958	92.000	1.750	116	91	1	3	3	3
0.988	6.929	41	38	64	1.561	0.776	1.000	1	4	184.000	92.000	2.805	0.570	0.205	0.528	184.031	92.000	2.531	183	91	1	3	3	5
1.687	10.899	70	56	161	2.300	1.714	2.000	1	7	145.514	95.671	2.000	0.632	0.130	0.608	145.571	95.640	1.789	142	93	1	7	6	4
18.703	81.251	776	500	13768	17.742	36.292	4.000	1	277	28.137	104.231	2.789	1.987	0.803	1.857	30.159	103.568	2.150	12	95	1	28	17	7
0.603	5.344	25	24	33	1.320	0.690	1.000	1	4	62.840	97.000	1.440	0.407	0.108	0.391	62.879	97.000	1.364	61	95	1	5	5	3
0.313	3.352	13	13	13	1.000	0.000	1.000	1	1	197.231	98.077	1.000	0.374	0.173	0.329	197.231	98.077	1.000	195	97	1	5	4	1
3.591	18.655	149	113	4865	32.651	62.224	6.000	1	386	1.121	102.611	3.570	0.935	0.285	0.955	0.415	102.849	2.420	0	99	1	4	8	8
5.109	26.312	212	148	2263	10.675	17.432	3.000	1	97	73.340	104.245	2.821	1.039	0.289	0.991	72.714	104.705	2.181	69	100	1	12	9	6
1.350	9.082	56	44	109	1.946	1.354	1.000	1	6	153.786	102.000	2.250	0.603	0.111	0.580	153.826	101.991	2.000	152	100	1	5	5	4
0.410	4.355	17	16	19	1.118	0.332	1.000	1	2	149.118	102.000	2.000	0.384	0.093	0.419	149.105	102.000	1.947	148	101	1	3	3	3
0.337	3.439	14	14	16	1.143	0.535	1.000	1	3	89.000	103.000	1.357	0.318	0.068	0.353	89.000	103.000	1.312	88	102	1	3	3	2
0.337	3.439	14	14	15	1.071	0.267	1.000	1	2	47.000	105.000	1.357	0.318	0.068	0.353	47.000	105.000	1.333	46	104	1	3	3	2
1.036	7.637	43	38	92	2.140	1.641	1.000	1	8	96.000	106.000	1.721	0.514	0.102	0.557	96.000	105.957	1.533	94	104	1	5	5	3
0.337	3.439	14	14	15	1.071	0.267	1.000	1	2	123.000	105.000	1.357	0.318	0.068	0.353	123.000	105.000	1.333	122	104	1	3	3	2
0.868	6.701	36	33	69	1.917	0.937	2.000	1	5	131.417	105.833	1.889	0.512	0.163	0.491	131.696	105.913	1.870	128	104	1	6	4	4
0.289	4.038	12	12	12	1.000	0.000	1.000	1	1	180.833	105.500	1.917	0.415	0.213	0.406	180.833	105.500	1.917	180	104	1	3	4	4
0.578	5.027	24	23	33	1.375	0.576	1.000	1	3	59.000	107.250	1.458	0.400	0.103	0.376	59.000	107.242	1.364	57	106	1	5	4	3
0.362	3.757	15	15	16	1.067	0.258	1.000	1	2	112.000	109.133	1.333	0.330	0.081	0.354	112.000	109.125	1.312	111	108	1	3	4	2
1.687	10.388	70	56	194	2.771	2.503	2.000	1	12	123.086	110.729	2.014	0.621	0.115	0.621	123.108	110.716	1.711	121	108	1	5	6	4
10.291	36.697	427	228	29118	68.192	148.570	8.000	1	1021	49.496	113.635	4.059	1.321	0.310	1.314	49.671	113.801	2.543	44	110	1	11	9	10
6.772	28.854	281	181	3520	12.527	21.418	4.000	1	150	8.669	115.918	2.616	1.108	0.311	1.122	9.214	115.236	1.912	2	111	1	12	11	6
1.639	9.964	68	54	172	2.529	1.989	2.000	1	9	94.868	119.132	2.265	0.630	0.107	0.607	94.831	119.215	1.994	93	117	1	5	5	4
2.410	13.209	100	72	343	3.430	3.242	2.000	1	13	91.450	125.320	2.430	0.736	0.137	0.712	91.464	125.391	2.102	89	123	1	6	6	5
1.012	6.895	42	37	77	1.833	1.080	1.000	1	5	66.095	126.548	1.976	0.504	0.084	0.493	66.104	126.519	1.831	64	125	1	5	4	3
25.186	93.028	1045	597	30462	29.150	73.261	5.000	1	730	58.568	139.624	3.280	1.847	0.604	1.813	60.345	140.319	2.394	50	128	1	17	23	9
12.774	51.360	530	339	8094	15.272	28.237	4.000	1	246	23.940	135.464	2.689	1.581	0.569	1.554	25.506	135.606	2.022	13	131	1	21	10	6
2.000	10.970	83	61	349	4.205	4.690	2.000	1	23	93.000	134.687	2.193	0.671	0.113	0.673	93.009	134.779	1.759	91	132	1	5	6	5
0.241	2.664	10	10	10	1.000	0.000	1.000	1	1	142.000	136.000	1.100	0.281	0.099	0.301	142.000	136.000	1.100	141	135	1	3	3	2
0.458	4.603	19	18	20	1.053	0.229	1.000	1	2	119.000	138.000	1.789	0.412	0.102	0.432	119.000	138.000	1.750	118	137	1	3	3	3
16.678	60.737	692	392	22534	32.564	80.914	6.000	1	672	110.672	147.968	3.283	1.608	0.480	1.538	109.497	148.008	2.244	105	138	1	12	20	8
6.290	25.182	261	152	7834	30.015	54.290	7.000	1	329	35.778	143.180	3.406	1.083	0.234	1.052	35.850	143.214	2.318	32	140	1	8	8	8
3.013	17.601	125	97	498	3.984	4.794	2.000	1	25	93.512	144.536	2.248	0.818	0.227	0.792	93.940	144.990	1.920	89	140	1	9	9	5
4.145	23.968	172	133	835	4.855	6.799	2.000	1	37	23.273	156.576	2.291	1.039	0.379	0.958	22.813	156.388	1.975	20	150	1	10	15	5
5.254	26.384	218	152	2259	10.362	17.053	2.000	1	99	139.977	155.284	2.697	1.101	0.364	0.996	140.135	154.927	2.208	135	150	1	11	14	6
9.038	41.447	375	255	5608	14.955	32.421	2.000	1	213	32.077	159.579	2.581	1.286	0.400	1.253	31.385	157.810	2.049	28	154	1	14	16	7
4.941	22.434	205	139	1033	5.039	6.020	2.000	1	29	98.112	159.015	2.556	0.976	0.229	0.972	97.702	159.333	2.032	94	155	1	10	9	5
1.157	8.500	48	39	101	2.104	1.325	2.000	1	6	108.917	160.438	2.104	0.563	0.119	0.531	108.950	160.416	1.901	107	159	1	5	5	4
0.362	3.757	15	15	16	1.067	0.258	1.000	1	2	79.867	161.000	1.333	0.330	0.081	0.354	79.875	161.000	1.312	78	160	1	4	3	2
0.241	2.664	10	10	10	1.000	0.000	1.000	1	1	5.000	162.000	1.100	0.281	0.099	0.301	5.000	162.000	1.100	4	161	1	3	3	2
3.904	17.952	162	104	1675	10.340	14.249	4.000	1	71	117.691	163.630	2.864	0.889	0.166	0.854	117.731	163.598	2.146	115	161	1	7	7	6
0.458	4.603	19	18	20	1.053	0.229	1.000	1	2	72.000	166.000	2.000	0.382	0.086	0.390	72.000	166.000	2.000	71	165	1	3	3	3
0.940	6.861	39	37	73	1.872	1.281	1.000	1	6	15.769	168.000	1.615	0.486	0.121	0.527	15.753	168.000	1.466	14	166	1	5	5	3
0.337	3.439	14	14	15	1.071	0.267	1.000	1	2	126.000	167.000	1.357	0.318	0.068	0.353	126.000	167.000	1.333	125	166	1	3	3	2
3.591	17.618	149	102	1485	9.966	14.493	4.000	1	81	6.826	170.221	2.758	0.874	0.191	0.843	6.881	170.206	2.009	4	167	1	7	7	6
1.759	11.411	73	64	114	1.562	1.014	1.000	1	6	23.356	170.164	1.863	0.694	0.225	0.708	23.254	169.789	1.719	21	167	1	5	8	3
2.145	12.504	89	67	290	3.258	3.143	2.000	1	15	52.663	171.382	2.281	0.698	0.141	0.680	52.697	171.334	1.900	50	169	1	6	6	5
0.337	3.439	14	14	15	1.071	0.267	1.000	1	2	99.000	170.000	1.357	0.318	0.068	0.353	99.000	170.000	1.333	98	169	1	3	3	2
8.508	39.928	353	237	2515	7.125	10.524	3.000	1	62	109.125	178.144	2.598	1.460	0.533	1.472	110.416	180.007	2.148	103	169	1	12	17	6
0.241	2.664	10	10	10	1.000	0.000	1.000	1	1	42.000	171.000	1.100	0.281	0.099	0.301	42.000	171.000	1.100	41	170	1	3	3	2
2.073	11.163	86	64	309	3.593	3.569	2.000	1	17	71.372	174.000	2.256	0.680	0.111	0.676	71.343	174.000	1.974	69	172	1	6	5	5
0.241	2.664	10	10	10	1.000	0.000	1.000	1	1	89.000	176.000	1.100	0.281	0.099	0.301	89.000	176.000	1.100	88	175	1	3	3	2
6.170	27.741	256	163	6576	25.688	48.963	5.000	1	306	45.145	182.738	2.852	1.069	0.241	1.015	45.316	182.898	2.055	39	177	1	11	11	6
8.990	34.831	373	223	8798	23.587	49.984	5.000	1	364	57.062	181.721	3.075	1.230	0.319	1.247	55.605	181.653	2.164	52	178	1	13	8	7
2.844	15.485	118	90	527	4.466	5.398	2.000	1	30	88.525	183.381	2.263	0.786	0.190	0.774	88.245	183.114	1.890	86	180	1	7	9	5
7.351	33.544	305	199	6185	20.279	40.958	4.000	1	269	77.554	189.925	2.869	1.164	0.309	1.156	76.459	190.045	2.166	73	186	1	12	11	7
4.266	27.637	177	150	417	2.356	2.568	1.000	1	17	55.814	197.627	1.966	1.177	0.393	1.188	56.276	198.540	1.729	51	190	1	10	14	5
0.458	4.603	19	18	20	1.053	0.229	1.000	1	2	110.000	191.000	2.000	0.382	0.086	0.390	110.000	191.000	2.000	109	190	1	3	3	3
0.241	2.664	10	10	10	1.000	0.000	1.000	1	1	7.000	196.000	1.100	0.281	0.099	0.301	7.000	196.000	1.100	6	195	1	3	3	2
4.459	19.540	185	117	2778	15.016	23.579	4.000	1	132	68.919	199.281	2.930	0.935	0.166	0.909	68.969	199.265	2.121	66	196	1	7	8	6
1.904	12.012	79	68	163	2.063	1.471	1.000	1	8	36.354	201.684	1.722	0.677	0.203	0.669	36.613	201.988	1.601	32	198	1	8	8	4
0.289	3.316	12	12	17	1.417	0.669	1.000	1	3	0.333	207.000	1.333	0.330	0.108	0.317	0.235	207.000	1.294	0	205	1	2	5	2
6.194	25.306	257	152	6810	26.498	48.229	6.000	1	307	18.883	208.720	3.331	1.067	0.218	1.027	18.892	208.798	2.233	15	205	1	9	8	8
0.241	2.664	10	10	10	1.000	0.000	1.000	1	1	70.000	206.000	1.100	0.281	0.099	0.301	70.000	206.000	1.100	69	205	1	3	3	2
7.158	27.000	297	176	3648	12.283	18.298	4.000	1	109	110.306	209.687	3.205	1.105	0.205	1.107	110.158	209.309	2.367	107	205	1	8	10	7
0.241	2.664	10	10	10	1.000	0.000	1.000	1	1	55.000	210.000	1.100	0.281	0.099	0.301	55.000	210.000	1.100	54	209	1	3	3	2
3.663	19.700	152	110	1071	7.046	10.248	2.000	1	56	91.658	214.480	2.408	0.897	0.239	0.862	91.131	214.315	1.956	88	211	1	11	8	5
0.434	5.044	18	17	18	1.000	0.000	1.000	1	1	120.222	215.556	1.944	0.452	0.190	0.468	120.222	215.556	1.944	118	214	1	5	4	4
6.821	27.511	283	166	9145	32.314	60.913	6.000	1	353	9.141	224.399	3.258	1.109	0.224	1.060	9.249	224.488	2.259	3	221	1	11	8	7
3.230	15.960	134	92	1078	8.045	11.224	4.000	1	62	72.149	223.858	2.575	0.812	0.128	0.791	72.041	223.917	2.010	69	221	1	7	7	5
3.326	16.401	138	94	1358	9.841	13.657	3.500	1	72	32.101	225.210	2.536	0.823	0.139	0.796	32.038	225.215	1.973	29	222	1	7	7	6
0.386	3.987	16	16	16	1.000	0.000	1.000	1	1	124.500	224.188	1.062	0.389	0.152	0.401	124.500	224.188	1.062	123	222	1	4	5	2
5.688	22.996	236	141	6033	25.564	46.348	5.000	1	291	58.089	227.949	3.208	1.028	0.205	0.997	58.100	228.010	2.149	55	225	1	8	7	8
2.241	12.240	93	69	428	4.602	5.331	2.000	1	26	50.473	230.172	2.215	0.699	0.117	0.688	50.542	230.189	1.773	48	228	1	6	6	5
0.337	3.439	14	14	16	1.143	0.535	1.000	1	3	42.000	230.000	1.357	0.318	0.068	0.353	42.000	230.000	1.312	41	229	1	3	3	2
3.037	14.743	126	86	671	5.325	6.378	2.000	1	30	369.714	231.397	2.548	0.796	0.128	0.765	369.723	231.435	1.984	367	229	1	7	6	5
12.388	45.924	514	298	20952	40.763	99.283	5.500	1	721	402.459	235.173	3.372	1.422	0.420	1.458	400.939	233.896	2.265	397	230	1	15	13	8
1.711	10.528	71	56	219	3.085	2.922	2.000	1	15	356.099	233.197	2.183	0.639	0.129	0.614	356.091	233.187	1.849	354	231	1	5	6	5
0.723	6.032	30	29	49	1.633	1.098	1.000	1	5	14.233	234.000	1.400	0.432	0.122	0.424	14.265	234.000	1.286	12	232	1	5	5	3
2.241	17.567	93	85	127	1.366	0.844	1.000	1	5	26.871	237.796	1.613	0.979	0.382	0.993	26.417	237.386	1.591	22	234	1	12	9	4
5.302	22.361	220	137	4235	19.250	31.442	6.000	1	171	84.291	237.695	3.127	0.994	0.183	0.984	84.320	237.687	2.240	81	234	1	8	8	7
0.362	3.757	15	15	16	1.067	0.258	1.000	1	2	382.867	235.000	1.333	0.330	0.081	0.354	382.875	235.000	1.312	381	234	1	4	3	2
6.941	26.169	288	176	25293	87.823	168.974	12.000	1	972	2.066	239.521	3.917	1.153	0.287	1.149	1.506	239.673	2.339	0	236	1	6	9	9
4.652	20.616	193	122	3190	16.528	27.502	5.000	1	161	63.668	238.990	2.886	0.941	0.171	0.901	63.697	239.057	2.068	60	236	1	8	7	7
4.242	18.711	176	111	2638	14.989	23.241	4.500	1	133	44.114	241.000	2.886	0.912	0.154	0.883	44.144	241.006	2.110	41	238	1	7	7	6
9.592	49.506	398	293	2446	6.146	8.901	2.000	1	66	378.575	244.812	2.299	1.449	0.439	1.477	377.581	245.075	1.829	371	238	1	17	16	5
0.795	6.243	33	31	41	1.242	0.502	1.000	1	3	359.545	246.758	1.697	0.470	0.120	0.474	359.463	246.780	1.585	358	245	1	5	4	3
2.820	15.238	117	88	656	5.607	7.115	3.000	1	38	27.222	250.222	2.308	0.771	0.163	0.756	27.136	250.009	1.892	25	247	1	6	8	5
3.687	17.477	153	105	1063	6.948	9.300	3.000	1	46	9.163	250.549	2.686	0.860	0.167	0.826	9.079	250.485	2.133	6	248	1	7	8	6
15.835	52.911	657	357	18391	27.992	54.510	6.000	1	420	398.043	254.642	3.140	1.516	0.402	1.543	397.095	254.838	2.107	391	249	1	17	12	7
1.567	9.806	65	53	232	3.569	3.746	2.000	1	17	373.800	255.431	1.923	0.602	0.118	0.591	373.810	255.444	1.547	372	253	1	5	6	4
4.145	20.262	172	114	1657	9.634	13.951	3.500	1	70	98.756	256.895	3.029	0.932	0.215	0.908	98.689	256.882	2.237	95	254	1	9	7	7
2.193	12.504	91	69	336	3.692	3.866	2.000	1	20	89.824	257.769	2.352	0.708	0.143	0.698	89.869	257.836	1.938	87	255	1	6	6	5
4.796	21.215	199	125	2634	13.236	20.826	4.000	1	115	42.955	260.377	3.111	0.968	0.200	0.937	42.864	260.387	2.175	40	257	1	7	8	7
4.507	19.399	187	118	3753	20.070	34.015	5.000	1	206	381.984	260.091	2.840	0.927	0.155	0.902	381.995	260.142	1.951	379	257	1	7	8	6
5.495	26.825	228	159	2567	11.259	19.336	3.000	1	113	33.127	265.596	2.513	1.075	0.335	1.054	33.199	264.554	2.055	30	259	1	7	15	6
1.567	10.000	65	54	158	2.431	2.121	1.000	1	10	359.662	262.000	1.954	0.610	0.127	0.599	359.601	262.000	1.684	357	260	1	6	5	4
9.882	38.360	410	254	5425	13.232	21.391	4.000	1	143	15.800	265.251	2.849	1.341	0.425	1.315	17.313	264.945	2.111	7	261	1	17	9	6
10.532	40.105	437	255	16250	37.185	85.590	6.000	1	681	397.741	268.041	3.043	1.305	0.345	1.329	396.342	268.641	2.151	392	263	1	14	11	7
3.567	17.106	148	99	1590	10.743	15.377	4.000	1	77	418.568	268.277	2.628	0.845	0.144	0.827	418.582	268.237	1.957	415	265	1	8	7	6
9.568	47.092	397	283	1683	4.239	4.627	2.000	1	29	377.118	274.942	2.252	1.458	0.572	1.367	377.369	274.675	1.801	371	266	1	13	20	6
4.483	19.911	186	119	3132	16.839	28.138	5.000	1	164	355.672	270.145	2.839	0.930	0.166	0.909	355.656	270.154	2.007	352	267	1	8	7	6
4.917	22.572	204	132	2324	11.392	16.929	4.000	1	88	85.392	274.123	3.294	0.996	0.228	0.944	85.455	274.102	2.384	82	271	1	8	7	7
0.795	7.143	33	31	39	1.182	0.392	1.000	1	2	95.000	276.212	1.667	0.533	0.211	0.526	94.949	276.282	1.641	93	272	1	5	7	3
0.362	3.757	15	15	17	1.133	0.516	1.000	1	3	1.133	274.000	1.333	0.330	0.081	0.354	1.118	274.000	1.294	0	273	1	4	3	2
5.808	32.574	241	186	870	3.610	3.793	2.000	1	20	34.768	277.589	2.183	1.239	0.450	1.198	34.946	277.725	1.803	27	273	1	16	10	5
0.313	3.492	13	13	13	1.000	0.000	1.000	1	1	426.692	275.769	1.154	0.330	0.110	0.344	426.692	275.769	1.154	425	274	1	4	4	2
0.241	2.945	10	10	10	1.000	0.000	1.000	1	1	2.000	280.000	1.500	0.292	0.051	0.316	2.000	280.000	1.500	1	279	1	3	3	2
2.193	12.627	91	71	462	5.077	5.898	3.000	1	31	384.132	281.077	2.330	0.710	0.153	0.696	384.078	281.045	1.840	381	279	1	7	6	5
0.458	3.757	19	19	21	1.105	0.315	1.000	1	2	397.105	280.000	1.474	0.350	0.077	0.343	397.143	280.000	1.429	396	279	1	4	3	2
5.206	23.597	216	144	2623	12.144	21.384	3.000	1	133	436.569	284.931	2.731	1.007	0.242	0.977	436.098	284.335	2.007	433	281	1	9	10	6
0.651	4.603	27	26	35	1.296	0.542	1.000	1	3	79.000	283.000	2.000	0.426	0.098	0.462	79.000	283.000	2.000	78	282	1	3	3	3
1.253	8.025	52	42	140	2.692	2.397	2.000	1	12	12.000	285.000	1.808	0.549	0.092	0.561	12.000	285.000	1.607	10	283	1	5	5	4
3.977	18.323	165	109	1979	11.994	17.273	4.000	1	87	47.661	286.394	2.836	0.889	0.167	0.855	47.630	286.411	2.063	45	283	1	7	8	6
3.519	16.471	146	97	1249	8.555	11.936	3.000	1	61	27.473	286.747	2.740	0.852	0.158	0.830	27.488	286.824	2.005	25	284	1	6	7	6
0.964	8.430	40	36	52	1.300	0.564	1.000	1	3	38.425	290.975	2.375	0.590	0.232	0.576	38.500	290.923	2.154	35	289	1	6	5	5
3.471	16.595	144	101	1515	10.521	16.083	3.500	1	97	56.903	293.924	2.660	0.836	0.140	0.812	56.912	293.989	1.955	54	291	1	7	7	5
1.542	9.576	64	50	184	2.875	2.603	1.500	1	12	349.000	293.000	2.156	0.619	0.106	0.584	348.957	292.967	1.913	347	291	1	5	5	4
0.747	5.979	31	29	45	1.452	0.810	1.000	1	4	362.581	293.000	1.516	0.442	0.107	0.471	362.556	293.000	1.400	361	291	1	5	5	3
1.157	7.795	48	40	90	1.875	1.123	1.000	1	5	368.604	292.604	2.125	0.547	0.112	0.540	368.656	292.689	2.000	367	291	1	5	4	4
2.723	14.232	113	81	592	5.239	6.605	3.000	1	37	375.708	293.283	2.487	0.769	0.142	0.737	375.794	293.167	1.914	373	291	1	7	6	5
4.820	21.057	200	125	3599	17.995	28.848	5.500	1	158	48.170	296.315	2.875	0.952	0.160	0.924	48.243	296.282	2.138	45	293	1	8	8	6
6.459	24.777	268	155	11151	41.608	80.828	7.500	1	498	394.455	296.175	3.287	1.074	0.194	1.043	394.448	296.133	2.166	391	293	1	8	8	7
1.277	9.612	53	49	64	1.208	0.454	1.000	1	3	379.717	298.509	1.698	0.600	0.192	0.627	379.781	298.406	1.594	377	295	1	7	7	4
0.723	5.960	30	29	35	1.167	0.379	1.000	1	2	92.267	298.133	2.533	0.564	0.233	0.603	92.229	298.114	2.314	91	297	1	3	3	5
3.736	17.952	155	103	1529	9.865	14.542	4.000	1	82	13.968	307.052	2.839	0.882	0.181	0.862	13.886	307.013	2.129	11	304	1	7	7	6
6.628	27.882	275	169	7635	27.764	55.786	5.000	1	387	364.607	310.691	3.022	1.090	0.230	1.040	364.022	310.835	2.110	360	307	1	12	8	7
4.242	18.958	176	113	2699	15.335	25.486	4.000	1	158	397.858	310.017	2.864	0.912	0.163	0.879	397.870	310.023	1.994	395	307	1	7	7	6
2.000	10.987	83	61	351	4.229	4.715	2.000	1	24	39.988	309.940	2.434	0.688	0.135	0.656	39.986	310.011	1.875	38	308	1	5	5	5
2.217	11.852	92	70	367	3.989	4.277	2.000	1	20	20.804	312.587	2.196	0.691	0.107	0.679	20.845	312.510	1.787	18	310	1	6	6	4
1.663	10.388	69	55	187	2.710	2.438	2.000	1	11	356.609	316.000	2.029	0.628	0.120	0.619	356.551	316.000	1.754	354	314	1	6	5	4
6.531	27.092	271	177	2205	8.137	12.556	3.000	1	87	389.218	317.513	2.502	1.056	0.234	1.058	389.537	317.188	1.924	384	314	1	11	9	6
30.006	86.527	1245	601	71698	57.589	133.216	9.000	1	1311	342.998	322.419	3.594	1.959	0.582	2.009	341.363	322.807	2.223	333	315	1	24	15	9
0.337	3.439	14	14	15	1.071	0.267	1.000	1	2	406.000	316.000	1.357	0.318	0.068	0.353	406.000	316.000	1.333	405	315	1	3	3	2
5.278	27.354	219	157	1662	7.589	12.182	3.000	1	73	376.959	323.260	2.434	1.082	0.336	1.116	375.533	323.979	1.895	372	319	1	12	9	5
6.580	25.359	273	159	9285	34.011	63.998	7.000	1	386	42.355	323.297	3.315	1.082	0.192	1.054	42.328	323.303	2.224	39	320	1	8	8	7
0.337	3.439	14	14	18	1.286	0.469	1.000	1	2	57.000	321.000	1.357	0.318	0.068	0.353	57.056	321.000	1.278	56	320	1	3	3	2
0.337	3.439	14	14	15	1.071	0.267	1.000	1	2	84.000	324.000	1.357	0.318	0.068	0.353	84.000	324.000	1.333	83	323	1	3	3	2
0.964	7.373	40	37	69	1.725	1.198	1.000	1	6	325.175	326.175	1.575	0.492	0.119	0.508	325.130	326.130	1.435	323	324	1	5	5	3
7.134	29.099	296	174	6904	23.324	47.541	4.000	1	297	363.068	329.791	3.017	1.111	0.233	1.089	363.598	330.325	2.080	358	325	1	10	10	7
0.603	5.344	25	24	34	1.360	0.569	1.000	1	3	19.000	329.160	1.440	0.407	0.108	0.391	19.000	329.176	1.353	17	327	1	5	5	3
0.530	4.709	22	22	29	1.318	0.568	1.000	1	3	96.000	332.000	1.409	0.375	0.096	0.386	96.000	332.000	1.345	94	330	1	5	5	2
0.241	2.664	10	10	10	1.000	0.000	1.000	1	1	386.000	331.000	1.100	0.281	0.099	0.301	386.000	331.000	1.100	385	330	1	3	3	2
1.591	9.770	66	53	193	2.924	2.736	2.000	1	14	395.212	331.909	2.212	0.629	0.131	0.604	395.228	331.953	1.808	393	330	1	5	5	5
0.723	5.698	30	30	43	1.433	0.971	1.000	1	5	372.000	333.000	1.300	0.427	0.121	0.445	372.000	333.000	1.233	370	331	1	5	5	2
2.603	14.215	108	79	742	6.870	9.049	3.000	1	47	316.083	334.361	2.269	0.747	0.143	0.730	316.071	334.377	1.714	313	332	1	7	6	5
2.241	12.732	93	68	372	4.000	3.907	2.000	1	18	89.968	334.882	2.731	0.737	0.150	0.723	90.035	334.922	2.293	88	332	1	5	6	5
0.868	7.126	36	34	46	1.278	0.659	1.000	1	4	336.222	335.444	1.583	0.486	0.136	0.478	336.196	335.522	1.478	334	333	1	5	6	3
0.265	2.857	11	11	11	1.000	0.000	1.000	1	1	350.909	334.000	1.182	0.296	0.091	0.320	350.909	334.000	1.182	350	333	1	3	3	2
7.809	29.009	324	184	14135	43.627	89.479	6.500	1	578	39.997	337.417	3.623	1.174	0.248	1.142	39.995	337.332	2.267	36	334	1	9	8	8
6.387	24.584	265	156	9164	34.581	65.762	7.000	1	419	371.815	343.709	3.245	1.064	0.185	1.034	371.763	343.787	2.180	368	340	1	8	8	7
0.627	5.591	26	25	36	1.385	0.752	1.000	1	4	330.808	344.192	1.385	0.416	0.116	0.388	330.806	344.139	1.333	329	342	1	5	5	3
27.885	79.911	1157	546	60705	52.468	92.383	10.000	1	572	411.373	351.534	3.948	1.911	0.525	1.825	410.842	349.801	2.830	405	343	1	14	22	10
1.036	7.637	43	38	125	2.907	2.515	2.000	1	12	50.000	346.000	1.721	0.514	0.102	0.557	50.000	346.000	1.472	48	344	1	5	5	3
1.157	7.671	48	41	117	2.438	1.623	2.000	1	7	390.667	345.000	2.375	0.561	0.126	0.561	390.812	345.000	2.103	389	343	1	5	5	4
2.386	13.527	99	75	625	6.313	7.835	3.000	1	41	59.677	349.000	2.394	0.741	0.155	0.706	59.686	349.002	1.795	57	346	1	7	7	5
0.337	3.422	14	14	14	1.000	0.000	1.000	1	1	9.000	349.500	1.143	0.334	0.107	0.357	9.000	349.500	1.143	8	348	1	3	4	2
1.085	7.884	45	41	97	2.156	1.718	1.000	1	8	332.644	349.867	1.667	0.516	0.117	0.528	332.619	349.938	1.485	330	348	1	6	5	3
12.195	46.278	506	289	16857	33.314	65.032	6.000	1	454	372.543	354.502	3.126	1.389	0.389	1.425	371.877	354.649	2.114	366	348	1	16	15	7
0.410	4.884	17	16	17	1.000	0.000	1.000	1	1	321.941	350.059	2.235	0.439	0.155	0.398	321.941	350.059	2.235	321	349	1	3	3	4
3.037	15.783	126	88	818	6.492	7.774	3.500	1	39	100.825	352.103	2.722	0.815	0.180	0.769	100.886	352.044	2.205	98	350	1	7	6	6
9.906	34.882	411	229	11211	27.277	55.635	5.000	1	362	77.752	356.229	3.623	1.276	0.277	1.242	76.913	356.177	2.437	73	353	1	12	8	8
2.916	15.291	121	86	1044	8.628	11.974	4.000	1	62	388.000	356.397	2.347	0.780	0.146	0.769	387.991	356.385	1.785	385	353	1	7	7	5
3.495	16.401	145	96	2135	14.724	22.257	4.000	1	127	60.007	357.097	2.572	0.836	0.117	0.804	60.035	357.065	1.925	57	354	1	7	7	5
2.603	14.409	108	80	697	6.454	9.055	3.000	1	52	354.093	359.111	2.361	0.761	0.162	0.745	354.050	359.056	1.709	351	356	1	7	7	5
0.337	3.439	14	14	15	1.071	0.267	1.000	1	2	9.000	359.000	1.357	0.318	0.068	0.353	9.000	359.000	1.333	8	358	1	3	3	2
16.100	66.964	668	415	13711	20.525	38.609	5.000	1	268	336.816	366.311	2.897	1.877	0.713	1.995	337.005	365.819	2.049	326	359	1	23	16	7
0.458	4.603	19	18	21	1.105	0.315	1.000	1	2	436.000	360.000	2.000	0.382	0.086	0.390	436.048	360.000	2.000	435	359	1	3	3	3
2.482	13.527	103	75	615	5.971	7.132	3.000	1	34	18.350	363.243	2.369	0.735	0.140	0.707	18.358	363.130	1.846	16	361	1	6	6	5
5.905	23.949	245	147	6802	27.763	51.970	6.000	1	333	407.024	364.200	3.176	1.037	0.194	1.006	406.980	364.162	2.112	403	361	1	9	8	7
10.171	39.979	422	249	18657	44.211	101.591	5.000	1	726	4.927	367.232	3.434	1.358	0.400	1.304	3.945	366.442	2.314	0	363	1	14	11	8
5.326	23.262	221	142	2132	9.647	12.064	4.000	1	58	311.163	366.733	2.674	0.981	0.187	0.989	311.203	366.748	1.963	307	363	1	10	8	6
1.904	11.340	79	62	269	3.405	3.330	2.000	1	16	376.823	365.633	2.101	0.662	0.125	0.648	376.796	365.651	1.751	374	363	1	6	6	4
0.458	3.827	19	18	26	1.368	0.597	1.000	1	3	27.000	365.000	1.579	0.363	0.073	0.362	27.000	365.000	1.462	26	364	1	3	3	3
0.892	6.631	37	33	63	1.703	0.968	1.000	1	4	38.270	366.000	1.811	0.489	0.096	0.507	38.317	366.000	1.651	37	364	1	4	5	3
5.302	26.067	220	148	4368	19.855	36.246	4.000	1	225	430.086	370.232	2.668	1.053	0.315	0.972	430.174	370.154	2.005	425	364	1	10	13	6
0.313	3.245	13	13	14	1.077	0.277	1.000	1	2	354.769	369.000	1.308	0.322	0.084	0.331	354.786	369.000	1.286	354	368	1	3	3	2
4.218	19.593	175	114	2656	15.177	24.218	4.000	1	131	394.503	370.966	2.720	0.901	0.155	0.873	394.444	370.947	2.013	391	368	1	8	7	6
0.530	4.709	22	22	29	1.318	0.568	1.000	1	3	42.000	371.000	1.409	0.375	0.096	0.386	42.000	371.000	1.345	40	369	1	5	5	2
6.194	24.654	257	153	7658	29.798	56.860	5.000	1	365	360.661	375.031	3.265	1.055	0.188	1.023	360.675	375.076	2.117	357	372	1	8	8	7
4.941	21.110	205	131	3933	19.185	32.544	5.000	1	170	404.659	375.468	2.883	0.961	0.177	0.962	404.652	375.485	2.024	401	372	1	8	8	6
5.254	21.639	218	133	5829	26.739	48.101	6.000	1	300	321.881	375.968	2.968	0.983	0.167	0.952	321.860	375.979	2.057	318	373	1	8	7	7
2.314	12.734	96	75	361	3.760	4.277	2.000	1	22	390.052	380.000	2.083	0.724	0.161	0.707	389.809	379.994	1.767	387	378	1	8	5	4
7.544	27.810	313	171	14697	46.955	91.352	7.000	1	501	65.661	382.463	3.636	1.155	0.224	1.120	65.564	382.536	2.319	62	379	1	8	8	8
3.567	16.736	148	98	807	5.453	6.488	2.000	1	27	83.601	381.595	2.851	0.864	0.169	0.815	83.533	381.476	2.271	81	379	1	7	6	6
0.241	2.664	10	10	10	1.000	0.000	1.000	1	1	374.000	380.000	1.100	0.281	0.099	0.301	374.000	380.000	1.100	373	379	1	3	3	2
3.543	20.388	147	115	490	3.333	3.311	2.000	1	18	356.619	384.810	2.109	0.940	0.311	0.990	356.649	384.906	1.755	353	380	1	10	11	4
1.277	8.994	53	44	103	1.943	1.365	1.000	1	7	342.849	384.000	1.981	0.576	0.123	0.539	342.903	384.000	1.786	341	382	1	5	5	4
3.591	16.595	149	101	1557	10.450	14.378	4.000	1	69	53.725	385.564	2.664	0.843	0.135	0.823	53.724	385.536	2.023	51	383	1	7	7	6
69.845	224.287	2898	1508	125537	43.318	98.908	7.000	1	962	312.514	410.451	3.478	3.043	1.028	3.022	309.819	414.580	2.476	299	389	1	34	36	10
1.398	8.837	58	51	96	1.655	0.983	1.000	1	5	66.690	394.310	1.759	0.576	0.128	0.587	66.635	394.240	1.604	64	392	1	6	5	3
0.265	3.333	11	10	11	1.000	0.000	1.000	1	1	356.000	393.000	1.636	0.333	0.079	0.319	356.000	393.000	1.636	355	392	1	3	3	3
5.495	22.308	228	133	5373	23.566	41.689	5.000	1	242	433.614	395.009	3.254	1.023	0.192	0.974	433.533	395.057	2.168	430	392	1	8	7	7
22.800	89.359	946	559	33802	35.732	97.304	5.000	1	1027	380.957	407.198	3.237	2.071	0.769	2.040	380.085	405.970	2.232	374	394	1	15	28	8
4.097	18.871	170	115	1908	11.224	17.093	4.000	1	97	411.029	398.553	2.588	0.884	0.148	0.866	410.834	398.771	1.990	407	395	1	8	8	6
1.157	7.831	48	41	114	2.375	2.069	1.000	1	10	3.167	398.000	1.771	0.531	0.092	0.546	3.105	398.000	1.518	1	396	1	5	5	3
0.410	5.221	17	16	17	1.000	0.000	1.000	1	1	369.412	398.235	1.471	0.488	0.167	0.497	369.412	398.235	1.471	368	396	1	4	6	3
0.241	2.664	10	10	10	1.000	0.000	1.000	1	1	14.000	399.000	1.100	0.281	0.099	0.301	14.000	399.000	1.100	13	398	1	3	3	2
0.337	3.439	14	14	15	1.071	0.267	1.000	1	2	26.000	400.000	1.357	0.318	0.068	0.353	26.000	400.000	1.333	25	399	1	3	3	2
2.049	12.240	85	64	330	3.882	4.182	2.000	1	21	333.000	401.529	2.129	0.682	0.130	0.669	332.997	401.624	1.730	330	399	1	7	6	5
1.494	9.312	62	50	180	2.903	2.762	2.000	1	14	360.113	401.855	2.016	0.595	0.106	0.587	360.050	401.828	1.667	358	399	1	5	6	4
2.434	12.892	101	73	502	4.970	5.873	3.000	1	31	44.584	406.881	2.525	0.740	0.137	0.709	44.797	406.936	1.958	42	404	1	6	6	5
2.531	13.527	105	78	466	4.438	5.203	2.000	1	29	30.048	409.038	2.562	0.756	0.161	0.768	30.006	409.030	1.994	28	406	1	6	8	5
0.241	3.122	10	10	10	1.000	0.000	1.000	1	1	413.000	407.400	1.300	0.330	0.142	0.302	413.000	407.400	1.300	412	406	1	3	4	3
4.145	20.211	172	120	1190	6.919	10.066	3.000	1	59	59.227	413.122	2.430	0.904	0.212	0.902	59.513	412.428	1.957	56	409	1	8	10	6
1.012	7.637	42	38	88	2.095	1.694	1.000	1	8	49.190	413.048	1.714	0.508	0.129	0.530	49.216	413.023	1.511	47	411	1	5	5	4
0.916	6.137	38	34	65	1.711	1.011	1.000	1	5	347.500	413.000	2.105	0.495	0.118	0.511	347.508	413.000	1.892	346	412	1	4	3	4
2.579	13.403	107	77	651	6.084	7.272	3.000	1	35	391.383	414.785	2.458	0.752	0.138	0.723	391.376	414.876	1.892	389	412	1	6	6	5
2.410	12.945	100	73	623	6.230	7.747	3.000	1	38	15.620	418.780	2.280	0.720	0.127	0.709	15.599	418.907	1.777	13	416	1	6	6	5
0.337	3.439	14	14	15	1.071	0.267	1.000	1	2	400.000	418.000	1.357	0.318	0.068	0.353	400.000	418.000	1.333	399	417	1	3	3	2
3.374	17.407	140	96	856	6.114	7.890	3.000	1	40	286.171	420.143	2.457	0.842	0.174	0.809	286.549	420.100	2.037	282	416	1	8	8	6
7.327	29.276	304	179	10511	34.576	70.202	5.000	1	423	371.174	424.234	3.181	1.139	0.246	1.084	371.506	424.351	2.148	365	419	1	11	10	7
1.904	10.970	79	60	336	4.253	4.714	2.000	1	24	393.835	423.025	2.228	0.664	0.121	0.649	393.836	423.012	1.738	391	421	1	6	5	5
0.723	5.645	30	30	44	1.467	0.819	1.000	1	4	281.367	427.167	1.367	0.425	0.118	0.428	281.364	427.159	1.295	279	425	1	5	5	2
0.362	3.968	15	14	17	1.133	0.352	1.000	1	2	322.000	425.733	2.000	0.368	0.095	0.396	322.000	425.706	2.000	321	425	1	3	3	3
5.447	22.608	226	139	5658	25.035	44.883	5.000	1	281	328.358	430.009	3.168	1.020	0.208	0.966	328.338	430.040	2.116	325	427	1	8	7	7
0.337	3.439	14	14	15	1.071	0.267	1.000	1	2	65.000	429.000	1.357	0.318	0.068	0.353	65.000	429.000	1.333	64	428	1	3	3	2
4.844	21.605	201	135	1907	9.488	15.067	3.000	1	86	299.453	432.139	2.567	0.960	0.218	0.978	299.283	431.361	1.926	296	428	1	7	11	6
9.665	37.599	401	228	23699	59.100	134.114	6.000	1	993	366.646	433.738	3.526	1.305	0.333	1.222	367.073	433.992	2.311	358	429	1	14	10	8
0.482	4.021	20	19	21	1.050	0.224	1.000	1	2	57.050	431.000	1.650	0.377	0.084	0.369	57.048	431.000	1.619	56	430	1	3	3	3
0.241	2.664	10	10	10	1.000	0.000	1.000	1	1	83.000	434.000	1.100	0.281	0.099	0.301	83.000	434.000	1.100	82	433	1	3	3	2
0.651	5.397	27	27	38	1.407	0.636	1.000	1	3	25.704	437.000	1.370	0.406	0.109	0.405	25.684	437.000	1.316	24	435	1	5	5	2
7.013	26.857	291	163	6603	22.691	38.960	5.000	1	210	78.622	439.911	3.694	1.129	0.239	1.100	78.623	439.876	2.632	75	436	1	8	8	8
6.652	25.359	276	161	9620	34.855	65.933	6.000	1	392	375.543	440.250	3.337	1.082	0.186	1.052	375.514	440.176	2.247	372	437	1	8	8	7
16.365	50.209	679	342	42027	61.895	139.471	9.000	1	1178	282.240	444.069	3.769	1.494	0.295	1.494	282.083	443.308	2.350	277	438	1	11	14	9
0.337	3.439	14	14	15	1.071	0.267	1.000	1	2	354.000	439.000	1.357	0.318	0.068	0.353	354.000	439.000	1.333	353	438	1	3	3	2
4.941	21.886	205	132	3408	16.624	27.684	5.000	1	143	310.566	444.502	2.893	0.957	0.174	0.943	310.551	444.494	2.056	307	441	1	8	8	7
8.628	33.297	358	212	18410	51.425	111.383	5.000	1	713	333.623	447.994	3.397	1.230	0.278	1.184	333.409	448.578	2.247	330	441	1	9	12	8
0.530	4.709	22	22	28	1.273	0.550	1.000	1	3	71.000	444.000	1.409	0.375	0.096	0.386	71.000	444.000	1.321	69	442	1	5	5	2
0.241	2.664	10	10	10	1.000	0.000	1.000	1	1	391.000	444.000	1.100	0.281	0.099	0.301	391.000	444.000	1.100	390	443	1	3	3	2
0.337	3.439	14	14	15	1.071	0.267	1.000	1	2	295.000	445.000	1.357	0.318	0.068	0.353	295.000	445.000	1.333	294	444	1	3	3	2
4.893	21.338	203	126	3417	16.833	27.370	5.000	1	157	401.222	448.384	3.079	0.976	0.205	0.947	401.146	448.366	2.140	398	445	1	7	8	7
1.253	8.025	52	42	128	2.462	1.995	2.000	1	10	25.000	448.000	1.808	0.549	0.092	0.561	25.078	448.000	1.609	23	446	1	5	5	4
0.651	5.873	27	25	39	1.444	0.892	1.000	1	4	47.185	448.000	1.667	0.435	0.109	0.413	47.128	448.000	1.487	45	446	1	5	5	3
3.446	16.719	143	99	1533	10.720	15.199	4.000	1	81	387.664	450.853	2.608	0.833	0.144	0.822	387.654	450.881	1.979	385	448	1	7	7	6
9.785	33.047	406	215	30050	74.015	167.264	8.500	1	1191	298.919	454.286	3.916	1.268	0.249	1.244	298.796	454.224	2.319	295	450	1	9	9	9
1.663	10.635	69	56	159	2.304	1.995	1.000	1	9	277.391	454.667	1.928	0.623	0.128	0.601	277.377	454.616	1.648	275	452	1	6	6	4
1.542	9.806	64	53	257	4.016	4.381	2.000	1	23	312.938	454.953	1.969	0.616	0.133	0.573	312.969	454.984	1.595	311	452	1	5	6	4
2.000	11.728	83	64	266	3.205	3.334	2.000	1	16	356.108	455.386	2.036	0.671	0.132	0.653	356.244	455.147	1.759	354	453	1	6	7	4
0.530	4.709	22	22	28	1.273	0.550	1.000	1	3	324.000	458.000	1.409	0.375	0.096	0.386	324.000	458.000	1.321	322	456	1	5	5	2
5.760	28.447	239	171	1898	7.941	11.745	3.000	1	71	338.874	461.921	2.552	1.171	0.376	1.210	339.459	461.200	1.963	333	457	1	12	12	6
0.386	3.439	16	16	18	1.125	0.342	1.000	1	2	31.875	459.000	1.438	0.331	0.067	0.333	31.833	459.000	1.389	31	458	1	3	3	2
1.542	9.806	64	52	194	3.031	2.917	2.000	1	13	286.359	460.000	1.875	0.596	0.111	0.603	286.387	460.000	1.613	284	458	1	6	5	4
0.337	3.439	14	14	15	1.071	0.267	1.000	1	2	37.000	461.000	1.357	0.318	0.068	0.353	37.000	461.000	1.333	36	460	1	3	3	2
0.988	7.724	41	35	72	1.756	1.067	1.000	1	5	53.634	462.000	1.829	0.508	0.111	0.519	53.681	462.000	1.667	52	460	1	5	5	4
1.036	7.761	43	39	89	2.070	1.805	1.000	1	9	295.744	462.000	1.651	0.508	0.114	0.519	295.764	462.000	1.427	293	460	1	6	5	3
3.832	18.253	159	106	1879	11.818	18.616	3.000	1	110	43.019	463.868	2.761	0.891	0.176	0.853	43.009	463.875	1.931	40	461	1	7	7	6
1.374	8.994	57	46	107	1.877	1.415	1.000	1	7	349.000	463.035	1.982	0.585	0.111	0.552	349.000	463.028	1.832	347	461	1	5	5	4
6.628	25.165	275	159	11516	41.876	80.377	7.000	1	476	318.662	468.545	3.298	1.077	0.178	1.046	318.698	468.554	2.160	315	465	1	8	8	7
0.458	4.603	19	18	20	1.053	0.229	1.000	1	2	76.000	467.000	2.000	0.382	0.086	0.390	76.000	467.000	2.000	75	466	1	3	3	3
0.241	2.664	10	10	10	1.000	0.000	1.000	1	1	93.000	467.000	1.100	0.281	0.099	0.301	93.000	467.000	1.100	92	466	1	3	3	2
4.989	28.711	207	162	684	3.304	3.596	2.000	1	21	271.237	470.614	2.285	1.207	0.473	1.250	270.216	469.743	1.996	266	466	1	14	11	5
3.784	18.253	157	106	1746	11.121	17.228	3.000	1	100	371.854	470.019	2.758	0.878	0.180	0.849	371.805	470.037	1.983	369	467	1	7	7	6
0.723	5.698	30	30	52	1.733	1.081	1.000	1	6	3.000	470.000	1.300	0.427	0.121	0.445	3.000	470.000	1.269	1	468	1	5	5	2
2.000	11.534	83	64	321	3.867	4.075	2.000	1	19	48.530	470.566	2.060	0.663	0.114	0.654	48.617	470.576	1.717	46	468	1	6	6	4
11.038	42.890	458	265	19587	42.766	106.405	5.000	1	800	290.873	473.384	3.336	1.360	0.363	1.327	292.391	473.109	2.212	283	469	1	14	9	8
10.315	44.777	428	273	10582	24.724	54.404	4.000	1	367	71.035	475.245	3.171	1.521	0.634	1.452	73.100	474.898	2.351	58	471	1	20	9	8
8.604	30.226	357	193	21387	59.908	125.763	8.000	1	828	337.336	475.347	3.742	1.208	0.233	1.175	337.362	475.273	2.333	333	471	1	9	9	8
0.771	5.962	32	32	56	1.750	1.244	1.000	1	6	302.594	475.000	1.375	0.436	0.124	0.453	302.607	475.000	1.286	300	473	1	6	5	2
0.410	3.827	17	17	19	1.118	0.332	1.000	1	2	5.000	475.824	1.529	0.349	0.095	0.345	5.000	475.789	1.474	4	475	1	3	3	3
8.628	34.603	358	223	4994	13.950	22.213	4.000	1	137	373.821	481.204	2.827	1.221	0.331	1.278	373.671	481.357	2.024	370	475	1	9	13	6
2.362	13.139	98	73	524	5.347	6.629	3.000	1	35	322.806	479.929	2.327	0.723	0.144	0.721	322.800	479.985	1.769	320	477	1	6	7	5
1.253	8.376	52	44	75	1.442	0.669	1.000	1	3	291.135	480.635	2.327	0.584	0.149	0.575	291.120	480.600	2.147	289	479	1	5	4	5
2.579	13.774	107	78	631	5.897	7.706	3.000	1	42	329.785	481.589	2.374	0.752	0.144	0.716	329.845	481.681	1.778	327	479	1	7	6	5
1.518	9.382	63	50	169	2.683	2.428	1.000	1	12	342.127	489.000	2.111	0.607	0.105	0.583	342.124	489.000	1.817	340	487	1	5	5	4
1.253	7.831	52	43	117	2.250	1.803	1.000	1	9	50.000	490.962	1.788	0.543	0.082	0.558	50.026	490.906	1.624	48	489	1	5	5	3
4.820	20.439	200	126	2674	13.370	20.511	4.000	1	105	79.160	492.480	3.050	0.959	0.170	0.959	79.059	492.500	2.230	76	489	1	7	8	6
2.000	11.464	83	64	464	5.590	6.811	3.000	1	34	43.072	492.374	2.084	0.671	0.120	0.651	43.028	492.388	1.625	41	490	1	6	6	4
0.241	2.664	10	10	10	1.000	0.000	1.000	1	1	355.000	491.000	1.100	0.281	0.099	0.301	355.000	491.000	1.100	354	490	1	3	3	2
0.434	4.709	18	18	20	1.111	0.471	1.000	1	3	278.000	493.000	1.278	0.360	0.106	0.368	278.000	493.000	1.250	276	491	1	5	5	2
10.147	35.785	421	237	7188	17.074	26.507	5.000	1	147	290.435	495.382	3.005	1.229	0.217	1.219	290.584	494.731	2.143	286	491	1	10	11	7
1.759	11.728	73	61	128	1.753	1.024	1.000	1	5	331.151	494.712	1.959	0.644	0.170	0.635	331.148	494.703	1.797	329	491	1	5	8	4
0.241	2.874	10	10	10	1.000	0.000	1.000	1	1	34.500	492.000	2.000	0.300	0.111	0.278	34.500	492.000	2.000	34	491	1	2	3	3
4.290	19.523	178	116	3032	17.034	28.995	4.500	1	179	64.809	495.163	2.815	0.918	0.175	0.891	64.868	495.140	1.939	61	492	1	8	7	6
0.844	6.595	35	32	46	1.314	0.530	1.000	1	3	88.257	493.829	2.171	0.500	0.147	0.495	88.239	493.848	2.109	87	492	1	4	4	4
6.869	29.227	285	191	1570	5.509	8.275	2.000	1	54	302.274	498.540	2.277	1.084	0.281	1.113	301.557	497.624	1.886	298	493	1	11	14	5
0.241	2.664	10	10	10	1.000	0.000	1.000	1	1	376.000	494.000	1.100	0.281	0.099	0.301	376.000	494.000	1.100	375	493	1	3	3	2
9.544	33.646	396	212	17806	44.965	95.848	6.000	1	653	80.795	502.010	4.093	1.284	0.289	1.288	80.684	502.058	2.485	77	498	1	9	9	9
6.700	29.734	278	180	6210	22.338	42.979	4.000	1	257	360.489	502.450	2.946	1.138	0.313	1.113	360.907	501.573	2.178	356	498	1	9	12	7
1.759	10.635	73	57	313	4.288	5.048	2.000	1	24	378.425	504.836	2.027	0.638	0.118	0.617	378.441	504.933	1.559	376	502	1	6	6	4
2.266	13.209	94	73	413	4.394	5.414	2.000	1	30	41.298	505.032	2.468	0.738	0.172	0.712	41.167	505.022	1.792	38	503	1	7	6	5
5.158	21.409	214	132	3328	15.551	25.340	5.000	1	146	3.318	508.206	3.243	0.996	0.199	0.974	3.271	508.233	2.229	0	505	1	8	7	7
6.122	23.966	254	153	7161	28.193	48.610	8.000	1	299	21.886	508.429	3.413	1.058	0.211	1.030	21.921	508.718	2.351	18	505	1	9	7	7
2.362	14.617	98	84	859	8.765	12.129	3.500	1	58	57.990	510.153	3.255	0.830	0.304	0.834	57.923	510.596	2.502	55	508	1	7	4	7
1.615	10.933	67	59	797	11.896	18.288	4.000	1	92	369.866	510.149	2.373	0.660	0.198	0.669	369.833	510.609	1.735	367	508	1	7	4	5
0.265	3.720	11	11	11	1.000	0.000	1.000	1	1	267.818	45.000	4.636	0.464	0.272	0.326	267.818	45.000	4.636	267	44	2	3	3	5
0.578	5.238	24	23	24	1.000	0.000	1.000	1	1	163.083	134.042	2.708	0.416	0.118	0.386	163.083	134.042	2.708	162	132	2	3	5	3
0.241	4.372	10	10	10	1.000	0.000	1.000	1	1	125.100	219.300	3.700	0.425	0.160	0.377	125.100	219.300	3.700	124	218	2	4	3	4
0.506	4.990	21	19	21	1.000	0.000	1.000	1	1	81.952	229.333	3.095	0.439	0.137	0.456	81.952	229.333	3.095	81	228	2	3	4	4
0.410	5.696	17	15	17	1.000	0.000	1.000	1	1	111.059	231.471	4.647	0.644	0.265	0.691	111.059	231.471	4.647	109	230	2	5	4	6
0.337	3.650	14	14	17	1.214	0.426	1.000	1	2	510.643	42.000	4.000	0.350	0.124	0.400	510.706	42.000	4.000	510	41	3	2	3	3
0.819	6.719	34	31	35	1.029	0.171	1.000	1	2	492.324	60.000	6.382	0.525	0.165	0.545	492.314	60.000	6.371	491	59	5	5	3	4
0.434	5.625	18	17	19	1.056	0.236	1.000	1	2	86.722	219.833	6.278	0.498	0.167	0.472	86.632	219.895	6.263	84	218	5	6	5	3
0.265	3.192	11	10	12	1.091	0.302	1.000	1	2	378.000	28.636	8.000	0.326	0.086	0.317	378.000	28.667	8.000	377	28	7	3	3	3
0.386	5.696	16	14	17	1.062	0.250	1.000	1	2	89.000	282.125	9.062	0.546	0.194	0.476	89.059	282.176	9.000	87	280	7	5	5	5
0.651	4.603	27	26	35	1.296	0.542	1.000	1	3	363.000	11.000	9.000	0.426	0.098	0.462	363.000	11.000	9.000	362	10	8	3	3	3
0.265	3.333	11	10	11	1.000	0.000	1.000	1	1	217.000	61.000	8.636	0.333	0.079	0.319	217.000	61.000	8.636	216	60	8	3	3	3
0.916	8.958	38	33	40	1.053	0.226	1.000	1	2	120.579	206.711	11.079	0.570	0.227	0.509	120.600	206.725	11.050	119	204	9	4	6	6
0.482	6.612	20	19	20	1.000	0.000	1.000	1	1	96.000	495.900	11.100	0.492	0.207	0.485	96.000	495.900	11.100	95	494	9	3	5	5
0.337	3.897	14	14	17	1.214	0.426	1.000	1	2	94.000	510.786	11.000	0.360	0.134	0.394	94.000	510.824	11.000	92	510	10	5	2	3
0.458	4.603	19	18	20	1.053	0.229	1.000	1	2	128.000	161.000	12.000	0.382	0.086	0.390	128.000	161.000	12.000	127	160	11	3	3	3
0.362	3.844	15	14	15	1.000	0.000	1.000	1	1	442.800	46.200	13.067	0.379	0.101	0.418	442.800	46.200	13.067	442	45	12	3	3	3
0.386	3.774	16	15	16	1.000	0.000	1.000	1	1	427.625	424.938	15.188	0.369	0.096	0.353	427.625	424.938	15.188	427	424	14	3	3	3
2.241	12.785	93	66	570	6.129	6.965	3.000	1	38	36.000	81.000	17.000	0.720	0.128	0.679	36.000	81.000	17.000	34	79	15	5	5	5
0.578	5.642	24	21	28	1.167	0.381	1.000	1	2	91.625	456.000	17.542	0.470	0.147	0.402	91.607	456.000	17.536	90	455	16	4	3	4
0.313	4.108	13	12	13	1.000	0.000	1.000	1	1	316.154	292.000	18.538	0.407	0.162	0.328	316.154	292.000	18.538	315	291	17	3	3	4
0.458	4.603	19	18	20	1.053	0.229	1.000	1	2	92.000	487.000	18.000	0.382	0.086	0.390	92.000	487.000	18.000	91	486	17	3	3	3
0.651	6.013	27	25	27	1.000	0.000	1.000	1	1	306.556	266.000	20.370	0.471	0.183	0.458	306.556	266.000	20.370	305	265	18	4	3	5
1.133	9.416	47	40	49	1.043	0.204	1.000	1	2	302.660	277.277	21.787	0.635	0.243	0.603	302.633	277.306	21.816	301	275	19	4	5	6
0.458	4.603	19	18	24	1.263	0.452	1.000	1	2	57.000	288.000	20.000	0.382	0.086	0.390	57.000	288.000	20.000	56	287	19	3	3	3
0.337	3.844	14	13	14	1.000	0.000	1.000	1	1	351.357	223.643	22.786	0.386	0.146	0.359	351.357	223.643	22.786	350	223	21	3	3	4
0.482	4.603	20	19	20	1.000	0.000	1.000	1	1	285.000	379.050	22.200	0.413	0.131	0.391	285.000	379.050	22.200	284	378	21	3	3	4
0.386	4.937	16	16	16	1.000	0.000	1.000	1	1	411.500	494.062	23.000	0.424	0.182	0.410	411.500	494.062	23.000	410	493	21	5	3	4
0.651	6.137	27	26	27	1.000	0.000	1.000	1	1	406.037	494.185	23.037	0.484	0.179	0.465	406.037	494.185	23.037	404	493	21	5	3	5
0.289	3.720	12	11	13	1.083	0.289	1.000	1	2	389.167	201.167	23.667	0.399	0.159	0.392	389.154	201.154	23.615	388	200	22	3	3	4
0.313	3.580	13	12	13	1.000	0.000	1.000	1	1	249.077	303.769	24.154	0.350	0.089	0.335	249.077	303.769	24.154	248	303	23	3	3	3
0.603	5.432	25	22	25	1.000	0.000	1.000	1	1	456.440	318.680	24.840	0.445	0.120	0.450	456.440	318.680	24.840	455	317	23	4	4	4
0.313	3.951	13	13	13	1.000	0.000	1.000	1	1	464.000	378.231	26.231	0.502	0.289	0.434	464.000	378.231	26.231	463	377	23	3	3	5
0.458	4.603	19	18	20	1.053	0.229	1.000	1	2	395.000	489.000	25.000	0.382	0.086	0.390	395.000	489.000	25.000	394	488	24	3	3	3
0.458	4.479	19	18	19	1.000	0.000	1.000	1	1	398.737	510.105	24.947	0.404	0.102	0.427	398.737	510.105	24.947	397	509	24	4	3	3
0.241	3.968	10	10	10	1.000	0.000	1.000	1	1	347.900	219.300	26.400	0.373	0.150	0.328	347.900	219.300	26.400	346	218	25	4	4	3
0.386	3.827	16	16	16	1.000	0.000	1.000	1	1	419.812	228.250	26.375	0.381	0.126	0.378	419.812	228.250	26.375	419	227	25	3	3	3
0.627	5.715	26	26	26	1.000	0.000	1.000	1	1	415.077	493.808	26.654	0.471	0.172	0.461	415.077	493.808	26.654	414	491	25	3	6	3
0.241	2.664	10	10	10	1.000	0.000	1.000	1	1	475.000	48.000	26.900	0.281	0.099	0.301	475.000	48.000	26.900	474	47	26	3	3	2
0.241	2.664	10	10	10	1.000	0.000	1.000	1	1	339.000	223.000	26.900	0.281	0.099	0.301	339.000	223.000	26.900	338	222	26	3	3	2
0.241	2.664	10	10	10	1.000	0.000	1.000	1	1	414.000	234.000	26.900	0.281	0.099	0.301	414.000	234.000	26.900	413	233	26	3	3	2
0.241	2.664	10	10	10	1.000	0.000	1.000	1	1	320.000	256.000	26.900	0.281	0.099	0.301	320.000	256.000	26.900	319	255	26	3	3	2
0.241	2.664	10	10	10	1.000	0.000	1.000	1	1	442.000	281.000	26.900	0.281	0.099	0.301	442.000	281.000	26.900	441	280	26	3	3	2
0.313	3.686	13	13	13	1.000	0.000	1.000	1	1	299.538	282.923	26.846	0.346	0.126	0.357	299.538	282.923	26.846	298	281	26	4	5	2
0.627	6.156	26	26	27	1.038	0.196	1.000	1	2	307.269	294.846	26.769	0.497	0.187	0.504	307.222	294.815	26.778	305	293	26	6	5	2
0.241	2.664	10	10	10	1.000	0.000	1.000	1	1	326.000	293.000	26.900	0.281	0.099	0.301	326.000	293.000	26.900	325	292	26	3	3	2
0.603	6.086	25	25	26	1.040	0.200	1.000	1	2	246.720	306.800	26.840	0.558	0.234	0.553	246.692	306.846	26.846	244	304	26	7	6	2
0.241	2.664	10	10	10	1.000	0.000	1.000	1	1	304.000	318.000	26.900	0.281	0.099	0.301	304.000	318.000	26.900	303	317	26	3	3	2
0.241	2.664	10	10	10	1.000	0.000	1.000	1	1	449.000	329.000	26.900	0.281	0.099	0.301	449.000	329.000	26.900	448	328	26	3	3	2
0.241	2.664	10	10	10	1.000	0.000	1.000	1	1	469.000	388.000	26.900	0.281	0.099	0.301	469.000	388.000	26.900	468	387	26	3	3	2
0.241	2.664	10	10	10	1.000	0.000	1.000	1	1	468.000	395.000	26.900	0.281	0.099	0.301	468.000	395.000	26.900	467	394	26	3	3	2
0.289	3.051	12	12	12	1.000	0.000	1.000	1	1	465.167	400.083	26.750	0.311	0.087	0.315	465.167	400.083	26.750	464	399	26	3	3	2
0.241	2.664	10	10	10	1.000	0.000	1.000	1	1	457.000	412.000	26.900	0.281	0.099	0.301	457.000	412.000	26.900	456	411	26	3	3	2
0.241	2.664	10	10	10	1.000	0.000	1.000	1	1	459.000	426.000	26.900	0.281	0.099	0.301	459.000	426.000	26.900	458	425	26	3	3	2
0.289	3.051	12	12	12	1.000	0.000	1.000	1	1	257.083	429.167	26.750	0.311	0.087	0.315	257.083	429.167	26.750	256	428	26	3	3	2
0.265	2.857	11	11	11	1.000	0.000	1.000	1	1	451.091	433.182	26.818	0.309	0.100	0.312	451.091	433.182	26.818	450	432	26	3	3	2
0.241	2.664	10	10	10	1.000	0.000	1.000	1	1	419.000	462.000	26.900	0.281	0.099	0.301	419.000	462.000	26.900	418	461	26	3	3	2
0.530	4.709	22	22	34	1.545	0.963	1.000	1	4	427.000	468.000	26.591	0.375	0.096	0.386	427.000	468.000	26.706	425	466	26	5	5	2
0.241	2.664	10	10	10	1.000	0.000	1.000	1	1	411.000	488.000	26.900	0.281	0.099	0.301	411.000	488.000	26.900	410	487	26	3	3	2
0.241	3.175	10	10	10	1.000	0.000	1.000	1	1	294.100	269.700	27.000	0.366	0.152	0.408	294.100	269.700	27.000	293	268	27	4	4	1
