Volume (micron^3)	Surface (micron^2)	Nb of obj. voxels	Nb of surf. voxels	IntDen	Mean	StdDev	Median	Min	Max	X	Y	Z	Mean dist. to surf. (micron)	SD dist. to surf. (micron)	Median dist. to surf. (micron)	XM	YM	ZM	BX	BY	BZ	B-width	B-height	B-depth
73668.586	31385.871	3056627	337526	875184960	286.324	314.105	184.000	1	3466	264.422	122.677	14.174	38.960	16.033	38.372	273.355	101.979	14.247	0	0	1	512	273	27
0.241	2.804	10	10	11	1.100	0.316	1.000	1	2	398.200	0.300	1.300	0.310	0.095	0.309	398.182	0.273	1.273	397	0	1	4	2	2
0.434	4.903	18	18	19	1.056	0.236	1.000	1	2	328.611	2.111	1.278	0.404	0.186	0.367	328.632	2.105	1.263	325	1	1	7	3	2
0.241	2.664	10	10	10	1.000	0.000	1.000	1	1	287.000	31.000	1.100	0.281	0.099	0.301	287.000	31.000	1.100	286	30	1	3	3	2
0.482	4.850	20	19	20	1.000	0.000	1.000	1	1	202.600	33.600	1.950	0.442	0.172	0.447	202.600	33.600	1.950	201	32	1	4	4	4
0.916	7.390	38	35	42	1.105	0.388	1.000	1	3	213.500	38.316	1.789	0.511	0.150	0.513	213.476	38.286	1.738	211	37	1	6	4	4
0.265	3.262	11	11	11	1.000	0.000	1.000	1	1	273.091	51.909	1.545	0.330	0.112	0.311	273.091	51.909	1.545	272	51	1	3	3	3
0.386	3.439	16	16	18	1.125	0.342	1.000	1	2	264.000	253.875	1.438	0.331	0.067	0.333	264.000	253.833	1.389	263	253	1	3	3	2
9.906	36.147	411	210	2845	6.922	9.255	3.000	1	50	158.049	258.978	5.842	1.344	0.395	1.320	157.824	258.831	6.024	154	255	1	9	9	11
0.241	3.456	10	10	10	1.000	0.000	1.000	1	1	334.100	2.900	3.200	0.378	0.155	0.373	334.100	2.900	3.200	333	2	2	3	4	3
0.554	5.449	23	20	24	1.043	0.209	1.000	1	2	298.348	23.000	3.609	0.460	0.147	0.395	298.375	23.000	3.583	297	22	2	4	3	4
0.265	3.844	11	10	11	1.000	0.000	1.000	1	1	267.727	34.273	6.636	0.429	0.240	0.361	267.727	34.273	6.636	267	33	5	3	3	5
0.386	4.496	16	14	16	1.000	0.000	1.000	1	1	192.000	249.000	6.875	0.421	0.135	0.422	192.000	249.000	6.875	191	248	5	3	3	4
7.062	28.583	293	152	3029	10.338	15.632	3.000	1	94	280.918	256.836	9.795	1.181	0.338	1.116	280.828	256.976	9.940	278	254	5	7	7	11
0.651	4.603	27	26	35	1.296	0.542	1.000	1	3	173.000	313.000	6.000	0.426	0.098	0.462	173.000	313.000	6.000	172	312	5	3	3	3
0.530	6.030	22	20	22	1.000	0.000	1.000	1	1	277.000	30.318	9.364	0.518	0.228	0.474	277.000	30.318	9.364	276	29	7	3	4	5
1.133	10.228	47	43	48	1.021	0.146	1.000	1	2	289.511	22.170	12.447	0.617	0.235	0.644	289.542	22.167	12.438	286	20	11	7	6	4
4.724	21.988	196	117	1024	5.224	6.217	2.500	1	33	447.403	256.107	15.276	1.038	0.329	0.941	447.349	256.084	15.295	445	254	11	6	6	9
0.313	3.456	13	13	13	1.000	0.000	1.000	1	1	448.308	244.692	13.385	0.338	0.102	0.305	448.308	244.692	13.385	447	244	12	3	3	3
0.362	3.580	15	15	15	1.000	0.000	1.000	1	1	333.133	264.267	17.400	0.343	0.093	0.329	333.133	264.267	17.400	332	263	16	3	3	3
12.750	42.448	529	269	30656	57.951	143.779	5.000	1	1184	78.943	385.507	24.091	1.388	0.248	1.358	79.050	385.769	25.908	72	381	19	13	10	9
9.809	40.846	407	259	7873	19.344	39.388	4.000	1	289	423.012	273.066	25.152	1.331	0.418	1.319	421.497	272.721	26.087	416	269	20	17	9	8
5.808	33.311	241	183	3090	12.822	31.296	2.000	1	234	295.307	3.954	25.174	1.204	0.386	1.185	296.574	0.987	26.183	291	0	21	11	13	7
7.978	29.416	331	192	9459	28.577	60.835	5.000	1	421	93.438	262.048	24.610	1.152	0.199	1.130	93.522	262.007	26.049	89	258	21	10	9	7
5.712	23.844	237	146	5031	21.228	38.883	5.000	1	244	487.287	273.684	25.122	1.008	0.168	0.986	487.217	273.730	26.121	483	270	21	9	9	7
6.917	26.966	287	172	7559	26.338	52.845	5.000	1	345	398.286	292.345	25.017	1.078	0.173	1.047	398.016	292.415	26.114	394	289	21	11	8	7
3.687	18.500	153	105	1601	10.464	16.569	3.000	1	95	445.007	366.634	25.327	0.879	0.194	0.826	445.021	366.659	26.247	442	363	21	7	8	7
6.098	24.937	253	156	5620	22.213	42.300	5.000	1	274	438.257	394.937	24.960	1.047	0.197	1.021	438.336	394.906	26.109	434	391	21	9	9	7
6.628	28.820	275	183	2712	9.862	14.404	4.000	1	84	114.178	237.269	25.476	1.093	0.298	1.104	114.319	237.296	26.247	108	234	22	13	8	6
4.290	19.418	178	120	2837	15.938	27.143	4.000	1	157	461.208	264.258	25.478	0.895	0.149	0.874	461.122	264.308	26.294	458	261	22	8	8	6
5.061	21.551	210	136	3193	15.205	27.279	3.500	1	170	111.271	288.776	25.138	0.966	0.173	0.939	111.248	288.745	26.172	108	285	22	8	8	6
4.868	22.293	202	132	3948	19.545	34.613	5.000	1	208	235.139	325.772	25.361	0.946	0.167	0.922	235.172	325.764	26.265	231	322	22	9	9	6
8.122	32.666	337	218	4561	13.534	24.941	4.000	1	180	460.059	360.540	25.493	1.166	0.288	1.154	459.638	360.731	26.260	455	354	22	12	13	6
4.700	20.688	195	130	3102	15.908	27.341	4.000	1	168	190.964	406.138	25.451	0.925	0.150	0.926	190.986	406.138	26.235	187	403	22	9	8	6
4.001	19.171	166	114	1409	8.488	13.249	3.000	1	74	109.940	409.289	25.488	0.886	0.175	0.853	110.175	409.432	26.208	105	406	22	10	8	6
4.868	21.164	202	131	3332	16.495	29.155	4.000	1	166	158.584	438.431	25.307	0.942	0.155	0.924	158.434	438.419	26.218	155	435	22	8	8	6
4.025	19.435	167	114	2288	13.701	22.548	4.000	1	129	481.078	451.539	25.419	0.883	0.159	0.858	481.115	451.561	26.240	477	448	22	9	8	6
4.748	20.335	197	126	2895	14.695	24.528	4.000	1	142	284.508	484.345	25.325	0.929	0.142	0.916	284.388	484.297	26.144	281	481	22	8	8	6
3.904	23.689	162	131	580	3.580	5.337	1.000	1	34	211.000	30.549	26.068	1.008	0.394	1.001	209.684	31.322	26.390	206	25	23	13	11	5
2.025	11.886	84	68	811	9.655	13.624	4.000	1	67	1.119	262.595	25.536	0.713	0.185	0.693	0.580	262.592	26.173	0	260	23	4	7	5
3.953	19.772	164	120	2231	13.604	23.308	3.000	1	133	265.567	268.299	25.732	0.879	0.208	0.848	265.357	268.659	26.355	262	263	23	8	10	5
2.458	13.527	102	75	490	4.804	5.979	2.000	1	31	299.363	268.618	25.588	0.746	0.155	0.714	299.398	268.804	26.233	297	266	23	6	6	5
3.037	15.398	126	92	1100	8.730	13.281	2.500	1	76	377.897	272.936	25.746	0.792	0.158	0.768	377.955	273.018	26.415	375	270	23	7	7	5
2.772	14.903	115	84	709	6.165	8.163	3.000	1	45	368.991	281.139	25.748	0.767	0.154	0.752	369.017	281.197	26.291	366	278	23	7	7	5
5.784	26.864	240	171	1794	7.475	11.523	3.000	1	78	312.163	283.983	25.862	1.051	0.327	1.041	312.636	284.082	26.404	306	280	23	13	10	5
3.061	15.538	127	90	1174	9.244	13.471	3.000	1	74	502.685	308.000	25.748	0.786	0.141	0.770	502.727	307.969	26.371	500	305	23	7	7	5
2.892	14.569	120	89	1050	8.750	12.950	3.000	1	69	440.300	314.717	25.833	0.758	0.128	0.752	440.304	314.693	26.424	437	312	23	7	7	5
3.953	18.660	164	113	1927	11.750	18.255	4.000	1	108	475.238	324.000	25.512	0.873	0.147	0.841	475.170	324.027	26.246	471	321	23	9	7	5
3.687	17.320	153	105	1518	9.922	15.098	3.000	1	87	330.026	327.170	25.627	0.842	0.138	0.820	329.955	327.229	26.291	326	324	23	8	7	5
3.663	17.831	152	106	1691	11.125	17.828	3.500	1	100	361.572	329.191	25.572	0.846	0.148	0.830	361.590	329.163	26.323	358	326	23	8	8	5
3.712	18.025	154	107	1903	12.357	19.349	4.000	1	98	453.429	334.435	25.571	0.847	0.146	0.853	453.432	334.458	26.270	450	331	23	8	8	5
3.953	21.590	164	129	580	3.537	4.048	2.000	1	25	258.024	375.232	26.006	0.891	0.276	0.867	257.255	375.374	26.409	253	371	23	12	9	5
2.964	15.538	123	91	947	7.699	10.960	3.000	1	62	426.846	381.016	25.683	0.782	0.150	0.761	426.846	381.004	26.310	424	378	23	7	7	5
3.037	16.050	126	93	1013	8.040	11.677	3.000	1	61	238.333	396.238	25.667	0.794	0.157	0.779	238.401	396.206	26.322	235	393	23	8	7	5
2.217	11.975	92	70	364	3.957	4.511	2.000	1	21	469.467	397.554	25.891	0.689	0.126	0.702	469.503	397.437	26.310	467	395	23	6	6	5
3.543	17.443	147	103	1814	12.340	19.622	4.000	1	109	239.776	440.367	25.667	0.832	0.147	0.817	239.840	440.391	26.344	236	437	23	8	8	5
4.049	17.707	168	113	1810	10.774	17.377	3.000	1	100	298.149	443.173	25.482	0.873	0.131	0.851	298.189	443.259	26.237	295	440	23	7	8	5
3.639	17.690	151	107	1518	10.053	15.850	3.000	1	84	52.623	453.768	25.649	0.841	0.154	0.826	52.550	453.714	26.330	49	450	23	8	8	5
4.290	19.649	178	122	1624	9.124	12.933	4.000	1	71	479.230	463.680	25.697	0.897	0.175	0.891	479.328	463.327	26.299	476	460	23	8	9	5
3.446	17.479	143	104	1258	8.797	13.544	3.000	1	76	47.874	474.147	25.804	0.827	0.171	0.809	47.783	474.262	26.376	45	469	23	7	10	5
2.651	14.479	110	80	554	5.036	6.451	2.500	1	36	267.036	490.064	25.609	0.760	0.151	0.758	267.025	490.105	26.213	264	488	23	7	6	5
3.205	15.485	133	93	1202	9.038	13.606	3.000	1	79	485.850	497.188	25.639	0.795	0.125	0.789	485.906	497.150	26.301	483	494	23	7	7	5
3.037	15.538	126	90	957	7.595	10.516	3.000	1	58	109.063	500.929	25.778	0.782	0.131	0.774	109.024	500.932	26.284	105	498	23	8	7	5
1.615	10.652	67	59	461	6.881	9.890	2.000	1	51	154.075	0.955	25.940	0.652	0.189	0.648	154.111	0.542	26.427	150	0	24	8	4	4
2.121	12.152	88	69	381	4.330	4.973	2.000	1	22	21.557	218.591	26.023	0.677	0.127	0.666	21.533	218.577	26.415	19	216	24	7	6	4
1.253	7.918	52	42	92	1.769	1.059	1.000	1	5	468.750	262.615	25.904	0.564	0.107	0.561	468.717	262.652	26.109	467	261	24	5	4	4
2.940	14.692	122	89	915	7.500	10.538	3.000	1	52	489.762	264.680	25.844	0.761	0.122	0.766	489.722	264.583	26.367	487	261	24	7	8	4
2.458	13.299	102	78	598	5.863	7.282	2.000	1	36	147.275	281.725	25.892	0.718	0.125	0.713	147.254	281.692	26.363	144	279	24	7	7	4
3.061	15.768	127	95	1133	8.921	12.580	3.000	1	62	132.575	287.575	25.858	0.777	0.136	0.763	132.602	287.566	26.356	129	284	24	8	8	4
2.507	13.299	104	78	599	5.760	7.496	3.000	1	36	335.567	291.471	25.904	0.723	0.126	0.732	335.618	291.511	26.432	333	289	24	7	7	4
1.880	10.882	78	61	305	3.910	4.188	2.000	1	21	119.423	298.103	26.038	0.646	0.121	0.638	119.315	298.066	26.377	117	296	24	6	6	4
1.952	11.430	81	67	356	4.395	5.274	2.000	1	26	88.062	304.432	26.210	0.643	0.133	0.649	88.076	304.489	26.522	85	302	24	7	6	4
1.350	9.683	56	48	109	1.946	1.542	1.000	1	7	119.607	329.143	26.089	0.586	0.149	0.577	119.560	329.101	26.358	117	327	24	6	5	4
1.326	9.348	55	47	140	2.545	2.402	1.000	1	12	475.709	335.836	26.291	0.570	0.138	0.569	475.793	335.807	26.557	473	333	24	6	6	4
2.338	13.158	97	75	593	6.113	8.039	3.000	1	41	38.206	339.351	26.031	0.703	0.135	0.699	38.191	339.285	26.474	35	336	24	7	7	4
1.904	11.447	79	64	328	4.152	4.644	2.000	1	23	386.873	347.671	26.101	0.645	0.129	0.639	386.848	347.741	26.448	384	345	24	7	6	4
2.892	15.010	120	89	1032	8.600	12.222	3.000	1	60	216.708	351.433	25.867	0.763	0.133	0.762	216.679	351.462	26.379	213	348	24	8	8	4
1.856	10.882	77	61	328	4.260	4.924	2.000	1	26	361.429	351.117	26.026	0.645	0.125	0.632	361.302	351.101	26.427	359	349	24	6	6	4
1.542	10.371	64	55	177	2.766	2.894	1.000	1	14	85.141	365.578	26.141	0.609	0.144	0.589	85.164	365.655	26.497	83	363	24	6	6	4
1.422	9.930	59	49	150	2.542	2.192	2.000	1	10	478.186	392.305	26.169	0.588	0.135	0.570	478.227	392.280	26.400	476	390	24	6	6	4
2.410	13.900	100	83	347	3.470	3.844	2.000	1	20	499.040	406.610	26.260	0.737	0.216	0.709	499.205	407.130	26.519	496	402	24	7	9	4
2.507	13.546	104	79	672	6.462	8.529	3.000	1	41	16.250	411.250	25.971	0.721	0.131	0.713	16.388	411.323	26.432	13	408	24	7	7	4
1.880	11.394	78	62	270	3.462	3.482	2.000	1	17	180.654	416.923	26.077	0.643	0.124	0.639	180.744	416.919	26.356	178	414	24	7	6	4
2.241	13.088	93	73	575	6.183	7.996	3.000	1	39	410.710	416.935	26.075	0.694	0.142	0.682	410.647	416.958	26.475	408	414	24	7	7	4
1.542	9.983	64	54	211	3.297	3.430	2.000	1	16	322.281	423.438	26.219	0.591	0.121	0.590	322.237	423.417	26.526	320	421	24	6	6	4
2.699	14.128	112	84	709	6.330	8.564	2.000	1	46	129.330	458.027	25.830	0.742	0.123	0.747	129.353	458.056	26.348	126	455	24	7	7	4
2.073	12.012	86	69	468	5.442	6.871	2.500	1	36	145.209	457.395	26.105	0.666	0.131	0.664	145.192	457.263	26.498	142	455	24	7	6	4
3.061	15.451	127	94	1413	11.126	16.793	4.000	1	88	339.370	464.181	25.850	0.776	0.131	0.781	339.378	464.274	26.402	336	461	24	8	7	4
2.145	11.835	89	68	584	6.562	8.452	3.000	1	39	36.348	475.596	26.011	0.676	0.118	0.683	36.318	475.577	26.476	34	473	24	6	6	4
2.121	12.029	88	69	457	5.193	6.186	2.500	1	30	403.818	479.273	25.989	0.675	0.125	0.678	403.770	479.284	26.425	401	476	24	6	7	4
1.591	10.477	66	56	220	3.333	3.505	2.000	1	17	244.924	494.818	26.303	0.604	0.136	0.592	244.936	494.809	26.555	242	492	24	7	6	4
3.181	15.768	132	98	1201	9.098	13.457	3.000	1	69	355.379	503.591	25.841	0.784	0.132	0.788	355.495	503.634	26.375	352	500	24	8	8	4
0.603	5.485	25	24	35	1.400	0.816	1.000	1	4	263.000	0.840	26.320	0.435	0.121	0.419	263.057	0.686	26.486	261	0	25	5	3	3
1.157	7.637	48	42	99	2.062	1.535	1.000	1	7	213.958	6.312	26.229	0.530	0.101	0.532	213.980	6.253	26.455	212	4	25	5	5	3
0.868	7.196	36	32	63	1.750	1.180	1.000	1	6	187.083	9.139	26.389	0.482	0.110	0.511	187.095	9.095	26.540	185	7	25	5	5	3
1.326	8.890	55	47	124	2.255	2.075	1.000	1	10	37.800	206.200	26.364	0.562	0.123	0.570	37.887	206.218	26.556	35	204	25	6	6	3
1.133	8.008	47	42	94	2.000	1.546	1.000	1	7	13.319	218.255	26.362	0.527	0.121	0.534	13.330	218.255	26.543	11	216	25	5	6	3
1.133	8.131	47	42	100	2.128	1.689	1.000	1	8	95.638	242.872	26.404	0.526	0.121	0.536	95.670	242.800	26.590	93	241	25	6	5	3
1.350	8.660	56	48	135	2.411	1.817	2.000	1	8	442.339	259.375	26.179	0.557	0.101	0.575	442.348	259.385	26.400	440	257	25	6	6	3
1.326	8.960	55	48	165	3.000	3.031	2.000	1	15	478.255	268.655	26.327	0.557	0.117	0.568	478.194	268.721	26.564	476	266	25	6	6	3
1.109	8.449	46	44	65	1.413	0.777	1.000	1	4	348.891	277.087	26.478	0.523	0.157	0.556	348.754	277.138	26.569	346	275	25	7	5	3
0.530	4.392	22	21	31	1.409	0.590	1.000	1	3	440.000	291.273	26.500	0.388	0.096	0.364	440.000	291.258	26.613	439	290	25	3	4	3
1.036	7.637	43	38	99	2.302	1.970	1.000	1	9	127.953	304.930	26.302	0.512	0.103	0.550	127.970	304.929	26.545	126	303	25	5	5	3
1.350	8.837	56	48	180	3.214	3.184	2.000	1	15	139.679	313.911	26.268	0.562	0.110	0.569	139.667	313.883	26.528	137	312	25	6	5	3
0.699	5.979	29	27	42	1.448	0.827	1.000	1	4	47.310	322.000	26.517	0.435	0.111	0.451	47.333	322.000	26.619	45	320	25	5	5	3
0.964	7.232	40	38	79	1.975	1.510	1.000	1	7	42.175	346.600	26.550	0.486	0.131	0.496	42.114	346.595	26.658	40	344	25	5	6	3
0.844	6.614	35	32	54	1.543	0.852	1.000	1	4	274.629	346.514	26.457	0.468	0.114	0.456	274.667	346.481	26.574	273	345	25	5	5	3
1.350	8.837	56	48	147	2.625	2.476	1.000	1	12	335.107	348.161	26.286	0.562	0.113	0.574	335.163	348.170	26.558	333	346	25	6	6	3
1.253	8.696	52	48	145	2.788	2.607	2.000	1	11	194.500	358.558	26.423	0.543	0.133	0.563	194.517	358.593	26.621	192	356	25	6	6	3
1.470	9.401	61	52	249	4.082	4.477	2.000	1	22	139.000	368.902	26.295	0.582	0.121	0.579	138.984	368.863	26.566	137	366	25	5	7	3
1.422	8.960	59	52	151	2.559	2.191	2.000	1	10	492.220	368.203	26.237	0.570	0.118	0.570	492.225	368.225	26.490	490	366	25	6	5	3
1.542	9.966	64	56	191	2.984	3.254	1.000	1	14	387.594	370.484	26.328	0.587	0.129	0.615	387.644	370.476	26.597	385	368	25	6	6	3
1.301	8.713	54	48	115	2.130	1.833	1.000	1	8	342.981	371.463	26.259	0.555	0.118	0.551	342.913	371.496	26.513	340	369	25	6	6	3
0.675	5.715	28	27	44	1.571	0.790	1.000	1	4	22.786	371.786	26.607	0.427	0.121	0.431	22.818	371.818	26.682	21	370	25	5	5	3
0.265	3.333	11	10	11	1.000	0.000	1.000	1	1	457.000	376.000	25.636	0.333	0.079	0.319	457.000	376.000	25.636	456	375	25	3	3	3
1.085	7.567	45	39	91	2.022	1.602	1.000	1	8	113.956	380.267	26.333	0.518	0.105	0.535	113.945	380.187	26.516	112	378	25	5	5	3
1.374	9.401	57	50	141	2.474	2.323	1.000	1	11	465.614	387.789	26.333	0.571	0.134	0.575	465.681	387.865	26.546	463	384	25	6	7	3
0.868	6.932	36	34	69	1.917	1.381	1.000	1	6	93.000	389.611	26.444	0.472	0.121	0.477	93.000	389.594	26.580	91	387	25	5	6	3
0.603	5.344	25	24	33	1.320	0.690	1.000	1	4	327.120	393.120	26.560	0.407	0.108	0.393	327.091	393.091	26.636	325	391	25	5	5	3
0.747	6.297	31	29	44	1.419	0.720	1.000	1	4	129.065	401.226	26.516	0.448	0.126	0.446	129.068	401.182	26.614	127	399	25	5	5	3
0.892	7.249	37	34	83	2.243	1.673	1.000	1	8	117.000	402.000	26.432	0.482	0.120	0.535	117.000	402.000	26.566	115	400	25	5	5	3
1.591	10.160	66	56	216	3.273	3.511	2.000	1	15	360.545	408.545	26.303	0.596	0.124	0.633	360.546	408.551	26.551	358	406	25	6	6	3
1.157	7.831	48	41	133	2.771	2.390	2.000	1	12	119.167	415.000	26.229	0.531	0.092	0.546	119.188	414.985	26.496	117	413	25	5	5	3
0.771	6.280	32	31	71	2.219	1.736	1.500	1	8	267.062	415.000	26.625	0.444	0.122	0.437	267.085	415.000	26.718	265	413	25	5	5	3
0.916	7.196	38	35	67	1.763	1.149	1.000	1	5	202.895	423.500	26.368	0.481	0.114	0.499	202.910	423.493	26.522	201	421	25	5	5	3
0.844	6.684	35	33	59	1.686	1.022	1.000	1	5	208.943	431.457	26.371	0.469	0.115	0.472	208.915	431.441	26.508	207	430	25	5	5	3
1.085	7.867	45	43	104	2.311	2.151	1.000	1	10	70.444	432.000	26.533	0.504	0.132	0.505	70.404	432.000	26.683	68	430	25	6	5	3
0.844	6.895	35	31	54	1.543	0.780	1.000	1	4	159.286	447.000	26.143	0.477	0.089	0.496	159.333	447.000	26.259	157	445	25	5	5	3
1.398	9.331	58	51	160	2.759	2.618	1.000	1	11	168.345	448.741	26.362	0.570	0.128	0.585	168.387	448.725	26.600	166	446	25	6	6	3
1.036	7.567	43	40	84	1.953	1.463	1.000	1	7	389.326	453.000	26.326	0.507	0.121	0.521	389.333	452.988	26.500	387	451	25	6	5	3
0.362	4.108	15	14	17	1.133	0.352	1.000	1	2	464.000	459.000	26.000	0.391	0.097	0.462	464.000	459.000	26.059	463	458	25	3	3	3
1.687	10.354	70	60	204	2.914	2.848	2.000	1	14	149.200	471.700	26.243	0.610	0.131	0.614	149.147	471.725	26.515	146	469	25	7	6	3
1.422	9.031	59	51	222	3.763	4.129	2.000	1	19	446.424	494.915	26.271	0.567	0.109	0.573	446.414	494.932	26.581	444	493	25	6	5	3
1.277	8.589	53	47	136	2.566	2.300	1.000	1	11	8.302	497.830	26.245	0.547	0.110	0.554	8.279	497.838	26.507	6	496	25	6	5	3
0.482	4.462	20	19	23	1.150	0.366	1.000	1	2	395.100	498.600	26.350	0.386	0.105	0.375	395.130	498.609	26.435	394	497	25	3	4	3
0.651	5.873	27	25	45	1.667	0.832	1.000	1	4	65.000	501.111	26.333	0.432	0.105	0.422	65.000	501.111	26.511	63	499	25	5	5	3
1.301	8.643	54	47	165	3.056	3.111	2.000	1	14	465.444	501.963	26.315	0.554	0.113	0.567	465.448	501.945	26.570	463	500	25	6	5	3
1.253	8.572	52	46	121	2.327	2.065	1.000	1	9	334.192	504.635	26.365	0.547	0.122	0.559	334.223	504.661	26.570	332	502	25	6	6	3
0.289	3.316	12	12	17	1.417	0.669	1.000	1	3	280.000	0.333	26.667	0.330	0.108	0.317	280.000	0.235	26.706	278	0	26	5	2	2
0.337	3.439	14	14	15	1.071	0.267	1.000	1	2	161.000	2.000	26.643	0.318	0.068	0.353	161.000	2.000	26.667	160	1	26	3	3	2
0.241	2.664	10	10	10	1.000	0.000	1.000	1	1	221.000	8.000	26.900	0.281	0.099	0.301	221.000	8.000	26.900	220	7	26	3	3	2
0.241	2.664	10	10	10	1.000	0.000	1.000	1	1	260.000	13.000	26.900	0.281	0.099	0.301	260.000	13.000	26.900	259	12	26	3	3	2
0.241	2.664	10	10	10	1.000	0.000	1.000	1	1	281.000	17.000	26.900	0.281	0.099	0.301	281.000	17.000	26.900	280	16	26	3	3	2
0.458	4.321	19	19	20	1.053	0.229	1.000	1	2	3.684	166.316	26.684	0.360	0.092	0.359	3.700	166.300	26.700	2	165	26	4	4	2
0.313	3.422	13	13	13	1.000	0.000	1.000	1	1	55.615	218.231	26.923	0.332	0.114	0.350	55.615	218.231	26.923	54	217	26	4	4	2
0.337	3.369	14	14	14	1.000	0.000	1.000	1	1	132.000	230.143	26.714	0.331	0.095	0.346	132.000	230.143	26.714	131	229	26	4	3	2
0.337	3.492	14	14	14	1.000	0.000	1.000	1	1	500.643	247.857	26.786	0.330	0.097	0.342	500.643	247.857	26.786	499	247	26	4	3	2
0.241	2.664	10	10	10	1.000	0.000	1.000	1	1	45.000	249.000	26.900	0.281	0.099	0.301	45.000	249.000	26.900	44	248	26	3	3	2
0.241	2.664	10	10	10	1.000	0.000	1.000	1	1	175.000	256.000	26.900	0.281	0.099	0.301	175.000	256.000	26.900	174	255	26	3	3	2
0.241	2.664	10	10	10	1.000	0.000	1.000	1	1	291.000	257.000	26.900	0.281	0.099	0.301	291.000	257.000	26.900	290	256	26	3	3	2
0.241	2.664	10	10	10	1.000	0.000	1.000	1	1	302.100	262.900	26.900	0.296	0.114	0.298	302.100	262.900	26.900	301	262	26	3	3	2
0.265	2.857	11	11	11	1.000	0.000	1.000	1	1	258.091	265.000	26.818	0.296	0.091	0.320	258.091	265.000	26.818	257	264	26	3	3	2
0.482	4.498	20	20	20	1.000	0.000	1.000	1	1	234.450	268.400	26.800	0.382	0.121	0.382	234.450	268.400	26.800	232	267	26	5	4	2
0.337	3.369	14	14	15	1.071	0.267	1.000	1	2	239.143	268.714	26.714	0.326	0.086	0.336	239.133	268.667	26.733	238	267	26	3	4	2
0.241	2.664	10	10	10	1.000	0.000	1.000	1	1	80.000	273.000	26.900	0.281	0.099	0.301	80.000	273.000	26.900	79	272	26	3	3	2
0.337	3.439	14	14	15	1.071	0.267	1.000	1	2	273.000	275.000	26.643	0.318	0.068	0.353	273.000	275.000	26.667	272	274	26	3	3	2
0.241	2.664	10	10	10	1.000	0.000	1.000	1	1	469.000	287.000	26.900	0.281	0.099	0.301	469.000	287.000	26.900	468	286	26	3	3	2
0.482	4.251	20	20	22	1.100	0.308	1.000	1	2	394.800	300.500	26.700	0.367	0.096	0.377	394.818	300.500	26.727	393	299	26	4	4	2
0.747	5.892	31	31	57	1.839	1.214	1.000	1	6	462.065	302.000	26.677	0.431	0.122	0.431	462.088	301.982	26.737	460	300	26	5	5	2
0.289	3.175	12	12	12	1.000	0.000	1.000	1	1	254.000	314.250	26.833	0.310	0.097	0.317	254.000	314.250	26.833	253	313	26	3	4	2
0.434	4.057	18	18	18	1.000	0.000	1.000	1	1	218.667	342.500	26.778	0.358	0.101	0.367	218.667	342.500	26.778	217	341	26	4	4	2
0.506	4.639	21	21	24	1.143	0.478	1.000	1	3	8.000	349.619	26.667	0.373	0.099	0.372	8.000	349.625	26.708	6	348	26	5	4	2
0.530	4.709	22	22	34	1.545	0.963	1.000	1	4	375.000	355.000	26.591	0.375	0.096	0.386	375.000	355.000	26.706	373	353	26	5	5	2
0.337	3.439	14	14	15	1.071	0.267	1.000	1	2	119.000	366.000	26.643	0.318	0.068	0.353	119.000	366.000	26.667	118	365	26	3	3	2
0.241	2.664	10	10	10	1.000	0.000	1.000	1	1	109.000	372.000	26.900	0.281	0.099	0.301	109.000	372.000	26.900	108	371	26	3	3	2
0.506	4.639	21	21	25	1.190	0.602	1.000	1	3	38.000	384.381	26.667	0.373	0.099	0.372	38.000	384.400	26.720	36	383	26	5	4	2
0.337	3.439	14	14	15	1.071	0.267	1.000	1	2	160.000	397.000	26.643	0.318	0.068	0.353	160.000	397.000	26.667	159	396	26	3	3	2
0.554	4.886	23	23	29	1.261	0.541	1.000	1	3	178.435	398.000	26.696	0.387	0.105	0.394	178.414	398.034	26.759	177	396	26	4	5	2
0.337	3.439	14	14	15	1.071	0.267	1.000	1	2	124.000	402.000	26.643	0.318	0.068	0.353	124.000	402.000	26.667	123	401	26	3	3	2
0.675	5.521	28	28	43	1.536	0.881	1.000	1	4	475.071	402.250	26.643	0.413	0.113	0.411	475.070	402.279	26.721	473	400	26	5	5	2
0.434	4.321	18	18	19	1.056	0.236	1.000	1	2	182.278	404.278	26.722	0.359	0.097	0.362	182.263	404.263	26.737	181	403	26	4	4	2
0.434	4.057	18	18	20	1.111	0.323	1.000	1	2	82.500	404.500	26.778	0.360	0.104	0.403	82.500	404.500	26.800	81	403	26	4	4	2
0.337	3.810	14	14	14	1.000	0.000	1.000	1	1	230.500	406.500	26.857	0.333	0.098	0.397	230.500	406.500	26.857	229	405	26	4	4	2
0.458	4.004	19	19	21	1.105	0.315	1.000	1	2	202.579	408.000	26.632	0.357	0.088	0.365	202.571	408.000	26.667	201	407	26	4	3	2
0.530	4.709	22	22	28	1.273	0.550	1.000	1	3	489.000	410.000	26.591	0.375	0.096	0.386	489.000	410.000	26.679	487	408	26	5	5	2
0.530	4.956	22	22	27	1.227	0.528	1.000	1	3	159.273	411.000	26.682	0.383	0.108	0.388	159.259	411.000	26.741	157	409	26	5	5	2
0.241	2.664	10	10	10	1.000	0.000	1.000	1	1	239.000	421.000	26.900	0.281	0.099	0.301	239.000	421.000	26.900	238	420	26	3	3	2
0.241	2.664	10	10	10	1.000	0.000	1.000	1	1	39.000	424.000	26.900	0.281	0.099	0.301	39.000	424.000	26.900	38	423	26	3	3	2
0.530	4.709	22	22	29	1.318	0.568	1.000	1	3	475.000	427.000	26.591	0.375	0.096	0.386	475.000	427.000	26.655	473	425	26	5	5	2
0.337	3.439	14	14	15	1.071	0.267	1.000	1	2	458.000	434.000	26.643	0.318	0.068	0.353	458.000	434.000	26.667	457	433	26	3	3	2
0.241	2.681	10	10	13	1.300	0.483	1.000	1	2	510.600	434.000	26.600	0.292	0.058	0.310	510.692	434.000	26.692	510	433	26	2	3	2
0.410	4.004	17	17	18	1.059	0.243	1.000	1	2	74.353	443.000	26.706	0.352	0.097	0.355	74.333	443.000	26.722	73	442	26	4	3	2
0.747	5.839	31	31	45	1.452	0.810	1.000	1	4	271.613	452.774	26.613	0.429	0.118	0.432	271.622	452.800	26.689	270	451	26	5	5	2
0.241	2.664	10	10	10	1.000	0.000	1.000	1	1	327.000	459.000	26.900	0.281	0.099	0.301	327.000	459.000	26.900	326	458	26	3	3	2
0.578	4.956	24	24	31	1.292	0.550	1.000	1	3	491.125	460.875	26.625	0.390	0.105	0.383	491.097	460.903	26.677	489	459	26	5	5	2
0.241	2.664	10	10	10	1.000	0.000	1.000	1	1	497.000	462.000	26.900	0.281	0.099	0.301	497.000	462.000	26.900	496	461	26	3	3	2
0.627	5.204	26	26	34	1.308	0.618	1.000	1	3	350.769	471.000	26.654	0.403	0.110	0.404	350.794	471.000	26.706	349	469	26	5	5	2
0.386	4.074	16	16	17	1.062	0.250	1.000	1	2	291.875	473.875	26.688	0.340	0.090	0.347	291.882	473.882	26.706	290	472	26	4	4	2
0.337	3.439	14	14	16	1.143	0.535	1.000	1	3	15.000	476.000	26.643	0.318	0.068	0.353	15.000	476.000	26.688	14	475	26	3	3	2
0.241	2.664	10	10	10	1.000	0.000	1.000	1	1	286.000	494.000	26.900	0.281	0.099	0.301	286.000	494.000	26.900	285	493	26	3	3	2
0.241	2.664	10	10	10	1.000	0.000	1.000	1	1	142.000	497.000	26.900	0.281	0.099	0.301	142.000	497.000	26.900	141	496	26	3	3	2
0.651	5.397	27	27	37	1.370	0.629	1.000	1	3	422.000	498.296	26.630	0.406	0.109	0.405	422.000	498.297	26.703	420	496	26	5	5	2
0.530	4.956	22	22	27	1.227	0.528	1.000	1	3	155.727	504.000	26.682	0.383	0.108	0.388	155.741	504.000	26.741	154	502	26	5	5	2
0.289	3.034	12	12	12	1.000	0.000	1.000	1	1	356.417	291.750	27.000	0.326	0.118	0.350	356.417	291.750	27.000	355	290	27	4	4	1
