Volume (cm^3)	Surface (cm^2)	Nb of obj. voxels	Nb of surf. voxels	IntDen	Mean	StdDev	Median	Min	Max	X	Y	Z	Mean dist. to surf. (cm)	SD dist. to surf. (cm)	Median dist. to surf. (cm)	XM	YM	ZM	BX	BY	BZ	B-width	B-height	B-depth
13019.271	12974.824	540190	124382	17560456	32.508	48.660	13	1	1185	261.997	139.991	9.469	30.267	7.192	30.077	275.341	158.868	9.746	111	0	1	328	273	17
0.844	7.040	35	35	214	6.114	6.637	4	1	26	278.000	180.829	1.000	0.553	0.200	0.576	277.930	180.939	1.000	275	178	1	7	7	1
0.410	3.846	17	17	29	1.706	0.985	1	1	4	297.588	183.882	1.000	0.385	0.139	0.414	297.483	183.931	1.000	296	182	1	4	5	1
968.438	1087.675	40182	9567	2475284	61.602	73.139	34	1	644	277.521	31.511	9.144	7.372	2.735	6.923	282.264	19.603	8.724	231	0	2	82	73	16
0.434	4.251	18	18	18	1.000	0.000	1	1	1	296.611	48.556	2.222	0.365	0.114	0.377	296.611	48.556	2.222	295	47	2	4	5	2
4.266	22.887	177	125	315	1.780	1.188	1	1	7	225.757	56.904	5.983	1.211	0.512	1.247	225.841	56.940	6.368	223	55	2	6	5	11
0.747	6.542	31	27	35	1.129	0.341	1	1	2	334.258	59.871	4.065	0.521	0.197	0.496	334.286	59.886	4.057	333	59	2	4	3	5
0.337	3.580	14	13	14	1.000	0.000	1	1	1	335.214	64.214	3.071	0.364	0.094	0.415	335.214	64.214	3.071	334	63	2	3	3	3
0.651	6.437	27	26	30	1.111	0.320	1	1	2	271.778	74.370	2.519	0.473	0.186	0.445	271.833	74.400	2.467	269	72	2	6	5	4
13.063	48.278	542	307	3347	6.175	8.273	3	1	57	291.921	79.044	8.018	1.841	0.811	1.744	291.850	79.004	6.272	288	76	2	9	7	16
4.314	29.891	179	141	285	1.592	1.135	1	1	8	275.849	82.564	7.173	1.603	0.876	1.645	275.814	82.621	6.912	273	79	2	6	7	16
0.554	7.564	23	23	23	1.000	0.000	1	1	1	272.565	89.652	5.826	0.780	0.449	0.681	272.565	89.652	5.826	272	87	2	3	6	8
14.605	54.769	606	336	1809	2.985	3.016	2	1	17	227.898	101.632	7.013	1.695	0.608	1.660	227.752	101.270	5.262	223	97	2	11	10	15
3.953	26.627	164	128	255	1.555	1.092	1	1	8	240.012	104.280	4.835	1.169	0.505	1.149	240.176	104.475	4.231	236	99	2	8	9	10
7.881	35.372	327	203	655	2.003	1.326	2	1	8	335.006	107.291	6.110	1.440	0.648	1.350	334.863	107.159	5.594	332	104	2	7	8	15
2.314	17.213	96	85	137	1.427	0.880	1	1	5	231.740	110.562	3.490	0.824	0.342	0.738	231.606	110.511	3.109	229	106	2	7	8	7
13.593	55.527	564	321	1641	2.910	3.100	2	1	23	285.124	110.447	7.126	1.798	0.796	1.694	285.260	110.378	5.688	278	106	2	12	10	16
1.229	8.148	51	46	90	1.765	1.193	1	1	6	221.941	111.000	2.804	0.539	0.110	0.548	221.978	110.989	2.622	220	109	2	6	5	3
7.712	34.436	320	203	1213	3.791	3.974	2	1	20	269.819	112.534	6.678	1.505	0.676	1.382	269.841	112.463	5.467	266	109	2	8	8	14
44.828	129.363	1860	815	8220	4.419	6.221	2	1	51	312.879	119.867	8.204	2.358	0.667	2.391	313.126	118.829	6.013	301	113	2	21	15	16
0.362	3.757	15	15	16	1.067	0.258	1	1	2	298.000	118.133	2.333	0.330	0.081	0.354	298.000	118.125	2.312	297	117	2	3	4	2
4.483	31.319	186	150	265	1.425	0.911	1	1	6	326.000	122.043	4.925	1.155	0.456	1.194	325.992	122.019	4.298	322	118	2	10	10	10
11.207	45.949	465	265	2336	5.024	6.129	2	1	37	337.432	138.129	7.791	1.826	0.819	1.730	337.476	138.121	5.909	334	134	2	8	9	16
1.518	11.973	63	57	74	1.175	0.423	1	1	3	273.730	155.333	4.730	0.834	0.358	0.901	273.743	155.297	4.595	272	154	2	4	4	8
0.241	3.279	10	10	10	1.000	0.000	1	1	1	34.900	0.000	4.900	0.424	0.228	0.423	34.900	0.000	4.900	34	0	3	3	1	5
0.603	6.101	25	22	27	1.080	0.277	1	1	2	184.000	82.280	5.560	0.503	0.213	0.381	184.000	82.259	5.556	183	81	3	3	3	6
5.109	27.543	212	145	490	2.311	2.060	1	1	14	277.934	181.335	6.613	1.268	0.563	1.256	277.898	181.247	5.590	275	179	3	7	6	12
2.434	16.064	101	75	167	1.653	1.170	1	1	7	296.752	184.297	5.911	0.854	0.299	0.788	296.868	184.204	6.030	294	182	3	6	5	8
0.458	4.285	19	17	19	1.000	0.000	1	1	1	223.105	63.158	6.421	0.392	0.104	0.367	223.105	63.158	6.421	222	62	5	3	3	4
0.265	3.597	11	11	11	1.000	0.000	1	1	1	197.000	192.182	8.273	0.395	0.219	0.349	197.000	192.182	8.273	196	192	6	3	2	5
0.819	6.648	34	30	40	1.176	0.387	1	1	2	222.000	111.765	8.353	0.496	0.139	0.487	222.000	111.675	8.325	221	110	7	3	5	4
0.434	5.007	18	15	20	1.111	0.323	1	1	2	296.944	184.056	12.944	0.451	0.166	0.452	296.950	184.050	13.000	296	183	11	3	3	5
0.651	6.736	27	25	29	1.074	0.267	1	1	2	193.296	102.778	14.926	0.563	0.239	0.523	193.310	102.759	14.862	192	102	13	4	3	5
0.289	4.038	12	11	12	1.000	0.000	1	1	1	233.333	109.083	14.583	0.425	0.190	0.332	233.333	109.083	14.583	232	108	13	4	3	4
0.651	5.662	27	27	28	1.037	0.192	1	1	2	196.667	106.815	16.556	0.434	0.147	0.402	196.607	106.786	16.571	194	105	15	6	4	3
8659.976	7940.087	359316	87662	8812496	24.526	41.652	12	1	1098	263.338	142.026	23.958	30.581	7.289	30.180	272.231	162.794	23.406	109	0	19	331	273	11
522.901	628.409	21696	5983	542011	24.982	30.632	12	1	308	280.451	26.104	23.876	5.606	1.916	5.432	284.345	15.498	23.102	257	0	19	51	69	11
1.952	18.093	81	75	83	1.025	0.156	1	1	2	192.173	57.519	21.383	0.867	0.353	0.895	192.217	57.494	21.325	187	53	19	9	10	8
0.795	7.177	33	29	35	1.061	0.242	1	1	2	253.576	63.879	20.697	0.564	0.202	0.571	253.543	63.886	20.743	252	63	19	4	3	5
0.506	4.656	21	20	21	1.000	0.000	1	1	1	188.810	67.381	19.571	0.404	0.129	0.384	188.810	67.381	19.571	188	66	19	3	5	3
0.844	6.701	35	31	36	1.029	0.169	1	1	2	239.143	68.714	20.029	0.498	0.110	0.488	239.139	68.694	20.028	237	67	19	5	4	3
0.313	3.827	13	13	13	1.000	0.000	1	1	1	183.846	69.154	19.462	0.375	0.137	0.348	183.846	69.154	19.462	183	68	19	3	3	3
1.783	12.271	74	66	86	1.162	0.439	1	1	3	291.459	78.946	22.676	0.946	0.432	0.952	291.465	78.930	22.523	290	78	19	4	3	9
0.386	4.496	16	14	18	1.125	0.342	1	1	2	229.000	101.000	20.125	0.421	0.135	0.422	229.000	101.000	20.167	228	100	19	3	3	4
0.578	7.143	24	23	25	1.042	0.204	1	1	2	208.208	108.083	20.125	0.653	0.252	0.647	208.120	108.080	20.200	205	106	19	7	5	5
0.675	5.873	28	26	35	1.250	0.518	1	1	3	193.143	112.643	19.714	0.447	0.115	0.434	193.114	112.714	19.600	192	110	19	4	5	3
3.181	25.604	132	114	139	1.053	0.225	1	1	2	313.053	117.470	21.720	1.000	0.412	0.998	313.101	117.424	21.669	310	115	19	7	8	9
0.771	8.129	32	31	32	1.000	0.000	1	1	1	317.500	123.000	19.969	0.531	0.189	0.513	317.500	123.000	19.969	316	120	19	4	6	4
0.988	8.888	41	38	45	1.098	0.300	1	1	2	337.488	138.049	20.829	0.701	0.307	0.762	337.489	138.044	20.711	336	136	19	4	5	6
0.482	4.990	20	18	22	1.100	0.308	1	1	2	278.000	181.000	21.100	0.405	0.122	0.430	278.000	181.000	21.136	277	180	20	3	3	4
0.482	4.990	20	18	21	1.050	0.224	1	1	2	193.000	102.000	22.100	0.405	0.122	0.430	193.000	102.000	22.095	192	101	21	3	3	4
0.386	4.496	16	14	16	1.000	0.000	1	1	1	179.000	108.000	22.125	0.421	0.135	0.422	179.000	108.000	22.125	178	107	21	3	3	4
0.265	3.844	11	10	11	1.000	0.000	1	1	1	173.727	81.273	27.364	0.429	0.240	0.361	173.727	81.273	27.364	173	80	25	3	3	5
0.362	4.091	15	13	15	1.000	0.000	1	1	1	179.333	92.000	26.200	0.373	0.076	0.353	179.333	92.000	26.200	178	91	25	4	3	3
0.386	3.827	16	16	16	1.000	0.000	1	1	1	340.875	131.125	28.500	0.352	0.095	0.353	340.875	131.125	28.500	340	130	27	3	3	3
0.313	3.422	13	13	13	1.000	0.000	1	1	1	196.615	37.385	28.923	0.346	0.129	0.378	196.615	37.385	28.923	195	36	28	4	4	2
0.265	2.857	11	11	11	1.000	0.000	1	1	1	187.000	62.909	28.818	0.296	0.091	0.320	187.000	62.909	28.818	186	62	28	3	3	2
0.313	3.369	13	13	13	1.000	0.000	1	1	1	251.923	62.769	28.769	0.318	0.091	0.319	251.923	62.769	28.769	251	61	28	3	4	2
0.699	6.333	29	29	30	1.034	0.186	1	1	2	272.690	67.828	28.793	0.511	0.197	0.518	272.633	67.833	28.800	270	66	28	7	4	2
0.241	2.664	10	10	10	1.000	0.000	1	1	1	344.000	72.000	28.900	0.281	0.099	0.301	344.000	72.000	28.900	343	71	28	3	3	2
0.241	2.664	10	10	11	1.100	0.316	1	1	2	229.000	101.000	28.900	0.281	0.099	0.301	229.000	101.000	28.909	228	100	28	3	3	2
