Volume (cm^3)	Surface (cm^2)	Nb of obj. voxels	Nb of surf. voxels	IntDen	Mean	StdDev	Median	Min	Max	X	Y	Z	Mean dist. to surf. (cm)	SD dist. to surf. (cm)	Median dist. to surf. (cm)	XM	YM	ZM	BX	BY	BZ	B-width	B-height	B-depth
2555.917	4836.349	106049	58433	3908000	36.851	49.345	16	1	854	254.464	247.129	2.505	22.253	5.862	22.061	252.530	234.985	2.490	160	117	1	193	268	4
1.591	10.916	66	56	104	1.576	0.895	1	1	5	227.500	193.379	2.606	0.650	0.165	0.658	227.663	193.587	2.817	225	191	1	6	6	4
4.459	24.552	185	150	309	1.670	1.106	1	1	6	243.843	202.519	2.276	0.987	0.316	0.947	244.081	202.832	2.262	239	196	1	11	11	4
1.783	10.281	74	56	167	2.257	1.518	2	1	7	232.216	201.946	2.581	0.649	0.093	0.634	232.234	201.952	2.659	230	200	1	6	5	4
26.319	80.040	1092	694	15174	13.896	20.555	5	1	148	259.947	219.707	2.430	1.927	0.692	1.904	259.337	219.010	2.330	249	210	1	25	24	4
1.422	9.452	59	48	69	1.169	0.422	1	1	3	235.102	215.271	2.288	0.611	0.129	0.598	234.957	215.348	2.232	233	213	1	6	5	4
2.579	13.015	107	83	322	3.009	2.590	2	1	13	245.533	233.869	2.477	0.729	0.120	0.719	245.776	233.820	2.575	243	231	1	6	6	4
0.771	5.766	32	30	40	1.250	0.440	1	1	2	240.000	237.000	2.688	0.486	0.145	0.442	240.000	237.000	2.600	239	236	1	3	3	4
0.530	5.378	22	20	30	1.364	0.581	1	1	3	260.045	249.955	2.727	0.444	0.148	0.384	260.033	249.967	2.800	259	249	1	3	3	4
0.771	5.766	32	30	51	1.594	0.756	1	1	4	227.000	273.000	2.312	0.486	0.145	0.442	227.000	273.000	2.196	226	272	1	3	3	4
10.966	37.273	455	298	3002	6.598	8.642	3	1	45	263.585	297.844	2.466	1.263	0.333	1.269	264.681	298.491	2.377	258	292	1	13	15	4
0.554	4.603	23	22	25	1.087	0.288	1	1	2	282.000	299.000	1.826	0.403	0.092	0.407	282.000	299.000	1.800	281	298	1	3	3	3
0.747	6.561	31	30	54	1.742	1.032	1	1	5	350.903	292.290	3.387	0.463	0.139	0.453	350.963	292.167	3.537	349	290	2	5	6	3
3871.268	5251.677	160625	62805	5081975	31.639	42.471	14	1	871	254.812	247.176	8.501	22.451	5.827	22.252	251.827	239.006	8.391	160	117	6	194	268	6
0.241	2.664	10	10	10	1.000	0.000	1	1	1	228.000	194.000	6.100	0.281	0.099	0.301	228.000	194.000	6.100	227	193	6	3	3	2
1.205	9.028	50	46	56	1.120	0.385	1	1	3	232.520	202.020	8.140	0.696	0.275	0.775	232.500	202.018	7.982	231	201	6	4	3	6
2.000	14.125	83	73	88	1.060	0.239	1	1	2	244.795	203.831	8.181	0.812	0.288	0.866	244.773	203.818	8.068	242	202	6	7	5	6
29.910	74.844	1241	611	8006	6.451	7.216	4	1	43	260.243	218.707	8.371	1.834	0.442	1.849	259.195	218.906	7.969	251	210	6	22	16	6
0.988	9.700	41	38	48	1.171	0.381	1	1	2	233.951	230.146	8.073	0.809	0.299	0.854	233.958	230.125	8.312	232	229	6	5	4	6
1.301	9.222	54	49	68	1.259	0.650	1	1	4	245.889	233.889	7.796	0.648	0.235	0.611	245.868	233.868	7.515	244	232	6	5	5	6
0.554	6.173	23	23	23	1.000	0.000	1	1	1	307.348	288.000	6.391	0.534	0.213	0.527	307.348	288.000	6.391	306	285	6	4	7	4
12.557	50.003	521	326	1656	3.179	3.898	2	1	25	263.157	298.948	8.407	1.359	0.285	1.327	264.356	298.578	8.130	256	292	6	14	13	6
0.313	3.316	13	13	13	1.000	0.000	1	1	1	278.615	326.692	6.385	0.324	0.083	0.310	278.615	326.692	6.385	278	325	6	3	4	2
6903.884	10093.661	286453	120539	5450378	19.027	25.362	10	1	427	254.702	247.001	18.419	22.597	5.766	22.395	252.052	248.257	17.587	160	117	13	194	268	12
23.788	84.676	987	563	2260	2.290	1.925	1	1	15	259.378	218.861	15.366	1.706	0.434	1.667	258.638	218.879	15.174	249	210	13	22	16	6
3.495	25.694	145	128	203	1.400	0.758	1	1	4	264.193	297.993	14.786	1.008	0.325	1.040	264.517	298.025	15.148	258	293	13	10	11	6
0.940	7.036	39	36	44	1.128	0.339	1	1	2	256.872	332.077	14.359	0.528	0.158	0.555	256.886	332.068	14.318	255	331	13	5	3	4
0.675	6.260	28	26	28	1.000	0.000	1	1	1	227.321	193.607	21.821	0.493	0.174	0.495	227.321	193.607	21.821	225	192	20	5	4	4
5.375	28.641	223	171	321	1.439	0.744	1	1	5	257.112	218.004	21.843	1.052	0.313	1.022	257.012	217.984	21.710	254	213	20	9	12	5
2.290	20.279	95	86	95	1.000	0.000	1	1	1	263.211	222.221	21.663	0.891	0.348	0.864	263.211	222.221	21.663	259	217	20	9	12	5
0.241	3.333	10	9	10	1.000	0.000	1	1	1	351.300	279.000	21.200	0.382	0.161	0.332	351.300	279.000	21.200	350	278	20	3	3	4
1.615	9.981	67	57	114	1.701	0.888	1	1	4	265.687	298.418	21.940	0.669	0.188	0.629	265.728	298.439	21.912	264	297	20	4	4	5
0.458	4.603	19	18	20	1.053	0.229	1	1	2	246.000	234.000	22.000	0.382	0.086	0.390	246.000	234.000	22.000	245	233	21	3	3	3
0.289	3.386	12	11	13	1.083	0.289	1	1	2	245.083	321.333	22.083	0.338	0.088	0.334	245.077	321.308	22.077	244	320	21	3	3	3
0.434	4.355	18	17	18	1.000	0.000	1	1	1	269.611	322.000	22.778	0.400	0.129	0.404	269.611	322.000	22.778	269	321	21	3	3	4
865.381	3622.887	35906	35906	360483	10.040	13.339	6	1	507	250.208	223.801	26.684	21.487	6.949	20.378	249.818	233.250	26.709	160	117	26	194	268	2
0.313	3.158	13	13	17	1.308	0.480	1	1	2	255.846	219.231	26.000	0.360	0.155	0.345	255.765	219.294	26.000	255	217	26	3	5	1
0.241	2.787	10	10	13	1.300	0.483	1	1	2	303.800	260.800	27.000	0.314	0.150	0.302	303.769	260.769	27.000	302	259	27	4	4	1
0.675	5.981	28	28	33	1.179	0.476	1	1	3	279.857	319.643	27.000	0.528	0.223	0.519	279.818	319.788	27.000	278	316	27	5	8	1
