Volume (micron^3)	Surface (micron^2)	Nb of obj. voxels	Nb of surf. voxels	IntDen	Mean	StdDev	Median	Min	Max	X	Y	Z	Mean dist. to surf. (micron)	SD dist. to surf. (micron)	Median dist. to surf. (micron)	XM	YM	ZM	BX	BY	BZ	B-width	B-height	B-depth
4.411	24.790	183	136	75689	413.601	239.314	327.000	201	1311	77.306	144.464	6.923	1.490	0.709	1.545	77.083	144.666	5.940	75	142	1	6	6	14
1.060	7.494	44	38	15993	363.477	142.064	335.000	200	723	56.045	147.432	2.500	0.556	0.172	0.551	56.019	147.396	2.314	55	146	1	3	4	5
3690.145	4829.895	153110	30750	69243712	452.248	344.947	340.000	200	3598	57.396	165.453	27.561	11.746	4.682	11.545	57.136	167.253	26.611	0	96	1	146	126	48
3423.417	5948.366	142043	36552	57980592	408.190	261.908	327.000	200	3528	195.819	344.481	27.148	15.870	7.751	15.384	194.729	340.623	26.406	160	227	1	86	244	48
9.954	47.939	413	252	145101	351.334	206.130	286.000	200	1410	234.961	488.770	10.990	1.838	0.925	1.661	235.036	488.332	9.826	232	484	1	7	10	22
0.771	6.418	32	29	9086	283.938	65.511	266.500	208	456	47.875	127.812	5.094	0.536	0.205	0.494	47.885	127.788	5.033	47	127	3	3	3	5
0.723	6.030	30	27	8474	282.467	70.493	258.000	200	452	176.233	205.167	5.100	0.514	0.195	0.480	176.269	205.184	5.116	175	204	3	3	3	5
166.058	458.316	6890	2741	2269411	329.378	152.091	283.000	200	1727	215.766	495.967	20.385	4.016	1.515	3.994	216.121	495.313	20.594	197	474	3	37	38	36
7.158	36.850	297	198	81859	275.620	71.860	254.000	200	608	235.599	479.896	13.700	1.535	0.766	1.380	235.596	479.866	13.515	231	478	5	10	5	17
8.845	41.436	367	220	118722	323.493	108.265	293.000	200	777	227.798	508.109	12.357	1.532	0.679	1.330	227.729	508.173	12.174	223	505	5	10	7	17
149.789	489.671	6215	2800	2416131	388.758	246.353	302.000	200	2297	173.466	213.934	25.481	4.268	1.632	4.313	173.210	214.137	24.570	154	198	6	43	34	39
0.265	3.015	11	11	2561	232.818	21.311	236.000	203	262	229.636	497.545	7.636	0.354	0.157	0.297	229.635	497.550	7.613	229	497	6	2	2	4
1.446	10.298	60	47	13385	223.083	19.489	220.500	200	273	50.850	114.550	8.867	0.636	0.169	0.647	50.865	114.520	8.847	48	113	7	6	4	5
0.554	5.572	23	23	5244	228.000	20.939	223.000	203	276	215.870	510.696	8.609	0.476	0.184	0.495	215.871	510.720	8.594	213	510	7	6	2	4
5.519	32.442	229	170	89587	391.210	272.046	250.000	200	1404	212.183	245.437	15.100	1.785	1.059	1.641	212.344	245.035	13.632	210	242	8	6	8	20
0.362	3.720	15	15	4026	268.400	47.217	267.000	201	353	286.533	399.333	9.733	0.402	0.170	0.356	286.540	399.328	9.766	286	398	8	2	3	4
0.241	3.015	10	10	2352	235.200	26.811	225.500	201	272	39.400	109.700	10.700	0.355	0.166	0.310	39.408	109.725	10.708	39	109	9	2	2	4
681.198	1958.758	28264	11402	12762281	451.538	302.397	347.000	200	2664	167.083	104.526	32.439	9.048	4.559	8.043	166.340	101.971	32.523	113	54	9	111	115	40
2.916	17.509	121	89	42446	350.793	170.954	283.000	202	947	87.868	134.008	13.595	0.904	0.321	0.817	87.821	134.094	13.283	86	130	9	5	7	9
0.241	3.015	10	10	2388	238.800	33.229	229.000	201	294	157.400	193.300	10.700	0.355	0.166	0.310	157.394	193.263	10.706	157	193	9	2	2	4
0.458	4.232	19	19	4478	235.684	26.897	230.000	205	302	206.474	242.947	10.579	0.419	0.162	0.352	206.457	242.956	10.550	206	242	9	2	3	4
7.303	40.166	303	208	83072	274.165	82.523	249.000	200	748	229.201	252.234	20.020	1.884	1.027	1.751	229.341	251.912	19.552	226	246	9	8	13	19
52.637	207.152	2184	1159	615719	281.923	91.830	248.000	200	764	272.362	287.228	26.540	3.437	1.527	3.348	272.273	287.235	26.689	254	282	9	38	12	30
0.578	5.255	24	21	5963	248.458	40.607	238.500	200	357	245.792	479.042	11.000	0.444	0.148	0.460	245.796	479.044	10.980	245	478	9	3	3	5
4.097	24.157	170	126	38956	229.153	29.783	220.500	200	342	57.618	116.265	14.418	1.076	0.431	1.033	57.629	116.208	14.536	56	113	10	6	9	11
0.892	10.085	37	34	8486	229.351	22.820	227.000	200	285	74.595	139.946	14.919	1.274	0.506	1.243	74.583	139.941	14.875	73	139	10	4	3	11
2.458	13.277	102	76	43312	424.627	209.307	365.500	200	1063	45.529	98.245	14.304	0.827	0.278	0.793	45.564	98.281	14.205	44	96	11	4	5	7
12.460	62.983	517	332	234139	452.880	314.328	331.000	200	1969	105.956	122.070	16.954	1.904	0.936	1.756	106.216	122.053	16.316	98	119	11	18	10	20
3.663	18.796	152	103	78950	519.408	329.986	416.500	203	1575	139.303	137.303	15.697	0.988	0.359	0.995	139.284	137.383	15.520	137	135	11	6	6	9
0.386	4.232	16	14	3965	247.812	42.535	240.000	201	338	196.188	149.188	12.312	0.399	0.126	0.365	196.226	149.188	12.292	195	148	11	3	3	4
11.014	48.227	457	268	178528	390.652	250.062	291.000	200	1502	287.578	253.709	15.952	1.390	0.383	1.440	288.256	253.339	15.783	281	250	11	14	11	11
18.462	73.206	766	403	378704	494.392	432.129	317.500	200	2712	293.268	264.136	22.091	2.172	1.016	2.016	293.145	264.009	20.168	289	259	11	10	12	23
0.699	6.294	29	27	7443	256.655	47.010	239.000	203	353	266.069	281.345	13.138	0.550	0.236	0.474	266.106	281.367	13.074	265	280	11	3	3	6
1.109	8.199	46	36	13112	285.043	76.872	256.500	200	478	221.326	354.413	12.891	0.581	0.159	0.557	221.304	354.410	12.863	220	353	11	4	4	5
2.073	12.448	86	64	37640	437.674	224.122	361.500	203	1129	267.314	399.337	14.081	0.774	0.270	0.752	267.281	399.312	13.961	265	398	11	5	4	7
0.386	3.597	16	16	4180	261.250	32.655	261.500	215	307	237.500	411.500	12.500	0.437	0.180	0.437	237.500	411.474	12.521	237	411	11	2	2	4
2.989	15.640	124	85	53300	429.839	235.555	344.000	201	1188	60.395	64.823	15.782	0.871	0.281	0.809	60.373	64.672	15.581	58	63	12	5	6	8
0.530	5.131	22	20	6241	283.682	61.199	267.500	201	425	165.318	159.227	14.364	0.476	0.184	0.408	165.314	159.244	14.386	164	158	12	3	3	5
0.844	7.247	35	30	9037	258.200	52.058	236.000	202	385	157.571	170.714	14.229	0.568	0.223	0.498	157.546	170.703	14.175	156	170	12	4	3	6
6.266	33.993	260	181	90964	349.862	224.593	246.000	200	1371	191.954	176.962	20.400	1.717	0.816	1.799	192.036	176.912	18.955	188	174	12	8	6	17
9.472	60.711	393	293	106690	271.476	104.948	231.000	200	885	209.995	232.522	18.323	1.588	0.647	1.585	210.449	231.934	18.567	201	227	12	16	14	13
1.567	9.998	65	54	17428	268.123	52.613	256.000	200	399	291.062	292.877	14.462	0.654	0.209	0.649	291.096	292.869	14.398	290	291	12	3	5	6
44.828	165.713	1860	892	735606	395.487	244.245	302.500	200	1631	306.090	287.005	21.142	2.409	0.812	2.319	306.845	286.616	20.697	293	277	12	23	23	19
0.771	6.612	32	26	8521	266.281	47.706	262.500	201	376	285.000	297.500	14.250	0.542	0.182	0.561	285.017	297.501	14.264	284	296	12	3	4	5
1.109	8.270	46	36	13081	284.370	79.999	242.500	203	452	129.413	91.565	15.739	0.613	0.195	0.573	129.405	91.557	15.712	128	90	13	4	4	6
2.675	15.657	111	81	34461	310.459	105.868	271.000	200	666	39.613	177.874	16.739	0.916	0.365	0.817	39.574	177.909	16.564	38	176	13	5	5	9
3.085	18.973	128	100	41040	320.625	110.048	288.000	200	727	289.320	277.008	18.141	0.993	0.427	0.892	289.326	277.128	17.957	287	274	13	5	7	10
1.012	8.146	42	34	11931	284.071	71.261	259.500	203	450	223.190	286.452	15.333	0.596	0.217	0.571	223.206	286.444	15.251	222	285	13	4	4	6
0.530	4.937	22	20	5516	250.727	40.944	240.000	204	347	279.909	306.318	14.500	0.449	0.148	0.378	279.904	306.332	14.471	279	305	13	3	3	4
1.374	11.532	57	48	14352	251.789	49.039	236.000	202	385	19.877	66.158	16.456	0.699	0.253	0.655	19.967	66.188	16.419	16	64	14	7	5	6
63.459	243.995	2633	1373	1110365	421.711	242.904	338.000	200	1812	36.943	60.250	26.739	3.341	1.417	3.212	36.946	60.392	26.148	22	48	14	29	23	32
0.313	3.209	13	13	3119	239.923	21.293	241.000	204	278	65.462	84.462	15.154	0.378	0.164	0.374	65.451	84.449	15.144	65	84	14	2	2	4
6.146	30.258	255	159	79180	310.510	97.486	280.000	200	641	141.694	97.137	19.671	1.285	0.518	1.213	141.631	97.178	19.610	138	93	14	9	8	12
0.603	5.131	25	23	6115	244.600	33.810	241.000	206	331	189.040	169.640	15.440	0.475	0.155	0.403	189.031	169.636	15.425	188	169	14	3	3	4
0.289	3.720	12	10	2893	241.083	36.440	229.500	203	325	215.000	173.000	15.500	0.370	0.113	0.316	215.003	173.011	15.455	214	172	14	3	3	4
1.759	11.690	73	54	25102	343.863	140.008	287.000	201	731	216.671	215.575	17.301	0.763	0.293	0.725	216.667	215.581	17.152	215	214	14	4	4	8
1.133	8.728	47	38	17899	380.830	135.944	361.000	200	774	259.043	247.213	17.000	0.617	0.226	0.547	259.035	247.221	16.987	258	246	14	4	4	7
1.133	8.604	47	39	13421	285.553	68.626	265.000	201	484	263.809	300.000	17.213	0.622	0.248	0.558	263.803	300.001	17.168	262	299	14	4	3	7
39.261	179.327	1629	982	535937	328.998	151.770	278.000	200	1371	309.634	321.998	24.502	3.270	1.292	3.206	310.287	322.664	24.472	297	304	14	26	33	26
12.509	45.386	519	246	283116	545.503	387.439	402.000	200	2237	302.669	360.127	20.322	1.462	0.396	1.432	302.496	360.098	19.892	299	355	14	9	11	13
257.546	476.660	10686	3045	4123400	385.869	202.565	317.500	200	1871	174.917	500.220	33.796	4.255	1.227	4.123	174.965	499.721	32.611	160	483	14	31	29	35
4.893	37.364	203	169	53627	264.172	62.324	245.000	200	516	4.187	60.187	20.970	1.482	0.533	1.445	4.247	59.997	20.778	0	56	15	9	13	13
1.326	9.874	55	45	15848	288.145	62.780	276.000	200	479	11.000	58.418	17.036	0.646	0.190	0.634	11.043	58.392	17.017	9	57	15	5	4	5
3.133	22.129	130	107	34804	267.723	63.565	248.500	201	491	18.285	60.077	21.523	1.187	0.570	1.043	18.403	60.047	21.392	15	56	15	7	8	13
1.109	9.169	46	40	11051	240.239	32.053	233.500	200	328	60.804	110.043	17.674	0.616	0.236	0.576	60.829	110.057	17.642	59	108	15	4	4	6
1.350	10.209	56	46	16683	297.911	78.036	277.500	202	525	72.571	129.982	18.554	0.703	0.302	0.666	72.526	129.960	18.445	71	129	15	4	3	8
2.073	12.519	86	64	37293	433.640	214.873	371.500	200	1049	156.605	129.674	18.802	0.792	0.308	0.785	156.609	129.711	18.695	155	128	15	4	4	8
0.241	3.015	10	10	2214	221.400	17.796	216.500	200	254	184.600	139.700	16.700	0.355	0.166	0.310	184.610	139.714	16.716	184	139	15	2	2	4
0.554	5.449	23	19	5349	232.565	32.354	216.000	200	311	123.478	144.043	17.043	0.456	0.147	0.461	123.466	144.046	17.029	122	143	15	4	3	5
0.386	3.914	16	16	4108	256.750	32.645	259.000	214	320	231.750	151.438	16.688	0.405	0.162	0.353	231.736	151.413	16.688	231	151	15	3	2	4
39.116	136.960	1623	789	701643	432.312	282.637	336.000	200	2263	277.184	223.169	22.126	2.162	0.608	2.136	277.905	222.859	22.046	268	213	15	20	22	17
0.554	5.131	23	21	6170	268.261	50.685	251.000	206	377	264.652	233.000	17.130	0.456	0.165	0.451	264.626	232.989	17.149	264	232	15	3	3	5
0.241	2.821	10	10	2163	216.300	9.832	211.500	206	236	265.400	293.400	16.000	0.326	0.129	0.415	265.393	293.394	15.992	265	293	15	2	2	3
6.339	36.710	263	193	74344	282.677	69.809	267.000	200	619	265.354	312.825	22.407	1.461	0.649	1.413	265.431	312.897	22.269	263	309	15	8	10	16
9.568	49.652	397	259	121749	306.673	125.289	262.000	200	934	275.141	312.461	24.607	1.474	0.631	1.420	275.572	312.505	24.738	270	308	15	12	9	17
122.025	394.692	5063	2295	1462307	288.822	96.597	260.000	200	979	241.431	405.679	31.428	3.834	1.496	3.737	241.614	405.016	31.363	231	380	15	24	54	29
7.737	36.305	321	194	144173	449.137	290.813	334.000	200	1649	322.953	407.688	21.227	1.262	0.411	1.272	323.068	408.130	20.791	320	402	15	7	11	11
0.241	2.751	10	10	2175	217.500	14.362	215.000	201	247	254.700	473.600	15.700	0.306	0.100	0.310	254.698	473.612	15.692	254	473	15	3	2	3
1.157	10.667	48	45	11506	239.708	32.705	230.500	200	324	236.229	508.688	18.896	0.861	0.495	0.804	236.239	508.660	18.820	235	507	15	3	5	10
0.771	6.277	32	32	7725	241.406	25.261	240.000	201	301	135.094	99.500	17.656	0.521	0.204	0.545	135.150	99.516	17.628	133	99	16	5	2	5
2.314	13.454	96	66	28590	297.812	81.685	276.000	200	534	142.927	130.042	18.604	0.773	0.217	0.755	142.938	130.045	18.527	141	128	16	5	5	7
7.062	40.379	293	210	96253	328.509	129.741	281.000	200	887	180.594	139.038	21.256	1.376	0.520	1.331	180.605	138.972	21.231	174	134	16	14	12	11
1.663	10.844	69	52	27356	396.464	174.816	341.000	200	874	153.551	142.348	18.971	0.721	0.260	0.606	153.585	142.317	18.883	152	141	16	4	4	7
0.434	5.078	18	15	4019	223.278	23.938	216.000	201	282	188.056	155.000	18.111	0.470	0.187	0.435	188.064	155.012	18.072	187	154	16	3	3	5
0.337	3.597	14	14	3164	226.000	12.134	227.000	204	243	172.500	174.500	18.000	0.409	0.201	0.428	172.494	174.497	17.993	172	174	16	2	2	5
1.759	16.045	73	63	16770	229.726	28.775	223.000	200	329	213.575	180.726	20.877	0.981	0.502	0.898	213.613	180.713	20.787	211	179	16	7	5	12
0.723	6.418	30	26	8748	291.600	72.466	275.500	201	445	256.067	224.467	18.300	0.547	0.197	0.522	256.115	224.456	18.321	255	223	16	3	4	5
1.133	8.587	47	41	11434	243.277	31.409	241.000	202	318	276.447	236.830	17.447	0.593	0.181	0.611	276.440	236.810	17.442	275	235	16	4	5	5
137.329	485.196	5698	2845	2266129	397.706	241.268	319.000	200	2096	319.797	357.469	35.274	4.998	2.075	4.959	319.691	357.176	34.682	297	335	16	37	59	33
1.832	13.842	76	66	18411	242.250	47.021	226.500	200	386	233.342	365.882	19.855	0.875	0.363	0.845	233.468	365.974	19.664	231	363	16	6	6	8
5.808	25.267	241	143	116614	483.876	313.171	352.000	200	1640	209.461	392.299	20.577	1.133	0.364	1.110	209.512	392.326	20.337	206	390	16	7	6	10
20.558	71.344	853	399	288515	338.236	140.987	291.000	200	1122	310.075	404.036	23.420	1.753	0.508	1.669	310.030	403.892	23.039	305	398	16	13	15	15
351.155	1241.745	14570	7102	5722632	392.768	212.481	320.000	200	1976	329.110	448.831	35.155	8.098	3.773	8.100	329.240	449.503	34.950	302	393	16	47	119	33
0.651	5.907	27	24	6499	240.704	31.943	233.000	202	318	238.296	471.074	18.000	0.506	0.196	0.482	238.310	471.075	17.993	237	470	16	3	3	5
1.133	8.604	47	39	13826	294.170	71.204	275.000	200	501	128.170	100.936	19.936	0.625	0.249	0.537	128.154	100.945	19.974	127	100	17	4	3	7
1.687	13.524	70	62	16562	236.600	29.934	230.500	200	330	163.571	148.443	20.029	0.746	0.327	0.733	163.535	148.380	19.941	161	147	17	6	5	8
1.832	14.300	76	65	19784	260.316	58.411	239.500	201	429	152.013	165.632	21.263	0.883	0.382	0.843	152.105	165.604	21.364	149	164	17	7	4	9
2.892	20.277	120	91	32542	271.183	64.071	252.000	200	479	135.100	170.450	21.150	0.983	0.380	0.892	135.167	170.474	21.088	131	168	17	8	6	9
0.482	5.007	20	17	5145	257.250	44.873	246.000	200	373	242.850	217.850	19.000	0.445	0.161	0.445	242.852	217.861	19.036	242	217	17	3	3	5
0.844	6.806	35	31	9476	270.743	60.416	256.000	201	433	233.229	239.886	19.714	0.564	0.229	0.551	233.232	239.888	19.692	232	239	17	3	3	6
0.458	5.131	19	16	5023	264.368	50.459	255.000	205	395	301.000	271.895	19.000	0.433	0.164	0.456	300.998	271.903	19.021	300	271	17	3	3	5
1.157	8.270	48	40	13150	273.958	65.687	256.500	200	465	286.438	307.917	19.396	0.591	0.211	0.564	286.404	307.915	19.361	285	307	17	4	3	6
129.014	397.202	5353	2334	2015479	376.514	178.661	321.000	200	1424	85.332	57.282	36.459	3.993	1.661	3.922	86.641	57.685	36.093	60	46	18	51	21	31
1.060	7.371	44	38	11557	262.659	52.063	253.500	200	384	133.045	94.432	20.023	0.577	0.185	0.540	133.064	94.445	20.030	132	93	18	3	4	5
0.506	4.937	21	19	4622	220.095	15.729	219.000	200	258	55.952	100.714	19.333	0.449	0.150	0.394	55.955	100.729	19.334	55	100	18	3	3	4
2.386	15.834	99	76	32866	331.980	115.560	306.000	201	721	121.939	111.808	21.828	0.828	0.285	0.804	121.933	111.857	21.850	119	110	18	7	5	8
5.158	36.203	214	169	49918	233.262	41.783	219.500	200	443	117.023	136.874	21.131	1.435	0.498	1.502	117.459	136.899	21.125	110	132	18	17	9	7
0.844	7.123	35	31	8684	248.114	36.445	237.000	206	347	108.000	145.143	20.343	0.570	0.247	0.565	107.986	145.160	20.328	107	144	18	3	3	6
1.928	12.555	80	63	22943	286.788	67.275	274.000	201	461	250.550	157.512	20.663	0.732	0.245	0.670	250.509	157.484	20.594	248	155	18	5	6	7
4.917	33.944	204	163	44840	219.804	18.015	216.500	200	308	180.142	166.373	23.936	1.230	0.497	1.161	180.137	166.428	23.903	175	162	18	12	10	12
10.629	61.429	441	309	128985	292.483	136.999	244.000	200	1089	168.667	180.696	31.209	1.985	1.126	1.701	168.384	180.596	31.462	165	174	18	10	13	22
22.631	97.206	939	548	302703	322.367	130.578	276.000	200	945	152.606	192.266	28.678	2.076	0.781	2.034	152.833	192.487	29.011	145	183	18	17	17	19
2.338	15.112	97	70	28731	296.196	84.665	273.000	200	578	248.845	228.082	20.423	0.788	0.207	0.770	248.702	228.211	20.407	246	225	18	7	6	6
0.362	4.426	15	15	3283	218.867	17.816	214.000	200	257	279.600	232.067	20.000	0.433	0.214	0.418	279.583	232.083	20.009	279	230	18	2	4	5
16.678	59.260	692	345	406341	587.198	467.442	388.000	201	2412	209.046	321.652	29.733	1.986	0.932	1.813	208.805	321.161	30.367	205	317	18	8	12	20
1.904	14.317	79	72	21219	268.595	66.014	250.000	200	500	310.873	371.772	22.215	0.894	0.441	0.827	310.917	371.824	21.973	310	367	18	3	8	10
1.928	12.325	80	60	25877	323.462	112.582	290.500	200	668	316.562	395.538	22.163	0.792	0.303	0.811	316.589	395.599	22.043	315	393	18	4	5	8
1.036	8.023	43	36	13302	309.349	86.149	294.000	201	515	258.674	405.000	20.767	0.608	0.232	0.557	258.636	405.005	20.747	257	404	18	4	3	6
0.675	6.084	28	25	6492	231.857	28.290	223.500	200	290	316.929	405.429	20.107	0.510	0.183	0.455	316.902	405.445	20.082	316	404	18	3	4	5
15.256	76.328	633	397	238486	376.755	192.645	306.000	200	1369	53.836	51.397	32.262	2.518	1.210	2.405	53.551	51.065	32.185	49	47	19	11	11	27
2.531	15.235	105	77	27907	265.781	61.893	243.000	200	497	132.048	84.286	22.181	0.815	0.263	0.793	132.162	84.376	22.056	130	81	19	6	6	7
0.337	3.844	14	13	2972	212.286	10.557	211.000	200	235	55.286	106.857	20.071	0.397	0.147	0.405	55.293	106.852	20.067	54	106	19	3	3	4
1.494	11.038	62	53	16633	268.274	64.717	246.000	200	450	94.645	125.226	22.306	0.753	0.339	0.693	94.640	125.195	22.269	93	124	19	4	4	8
0.386	4.108	16	16	4052	253.250	36.572	265.000	200	305	170.312	125.500	21.125	0.430	0.206	0.401	170.329	125.505	21.073	169	125	19	3	2	5
0.289	3.209	12	12	2987	248.917	39.403	240.000	210	315	218.500	145.333	20.500	0.378	0.168	0.285	218.529	145.302	20.496	218	145	19	2	2	4
0.964	8.745	40	35	10602	265.050	55.774	249.500	202	390	219.525	170.875	23.650	0.729	0.381	0.650	219.511	170.881	23.784	218	170	19	4	3	9
1.494	10.526	62	46	20254	326.677	109.196	307.500	200	630	250.581	188.403	22.177	0.709	0.261	0.619	250.619	188.382	22.176	249	187	19	4	4	7
1.060	8.658	44	37	11846	269.227	55.646	251.500	200	406	209.295	203.591	21.386	0.636	0.237	0.642	209.303	203.564	21.405	208	202	19	4	4	6
0.337	3.968	14	14	2944	210.286	8.147	207.500	201	226	190.571	224.643	20.429	0.402	0.171	0.348	190.565	224.647	20.431	189	224	19	4	2	4
1.928	14.564	80	69	21713	271.413	61.512	260.000	201	438	292.325	244.550	22.712	0.844	0.358	0.799	292.430	244.522	22.753	289	243	19	7	5	8
0.434	4.426	18	16	4477	248.722	43.119	239.500	201	346	296.222	252.722	20.333	0.428	0.144	0.388	296.221	252.721	20.294	295	252	19	3	3	4
1.181	9.045	49	39	16726	341.347	124.853	317.000	202	699	322.857	289.796	22.020	0.619	0.222	0.542	322.829	289.806	22.020	321	288	19	4	4	7
0.747	6.471	31	27	8639	278.677	58.247	272.000	201	434	218.032	330.226	20.968	0.509	0.177	0.481	218.036	330.235	20.937	217	329	19	3	4	5
0.506	5.007	21	19	5007	238.429	30.699	221.000	200	298	209.714	332.286	20.810	0.488	0.198	0.502	209.695	332.288	20.791	209	331	19	3	3	5
0.747	6.736	31	26	8082	260.710	48.594	253.000	200	387	297.516	333.032	20.871	0.522	0.178	0.504	297.543	333.042	20.851	296	332	19	4	3	5
3.687	20.507	153	109	37494	245.059	44.577	226.000	200	412	230.889	384.758	23.510	0.959	0.308	0.961	230.835	384.627	23.551	228	381	19	6	8	9
3.832	19.589	159	102	56621	356.107	162.872	301.000	200	956	276.151	398.994	24.050	1.021	0.399	0.947	276.193	399.038	23.986	274	397	19	5	5	11
0.627	5.642	26	24	6603	253.962	37.976	239.500	206	327	322.308	476.154	20.500	0.471	0.157	0.469	322.305	476.111	20.543	321	475	19	3	4	4
0.603	5.836	25	24	5906	236.240	34.573	222.000	203	315	245.720	498.080	21.240	0.495	0.198	0.464	245.703	498.073	21.220	245	497	19	3	3	5
3.422	24.579	142	113	40049	282.035	68.692	266.000	200	524	89.493	52.599	24.394	1.074	0.366	1.086	89.383	52.582	24.395	85	51	20	11	4	9
0.554	4.937	23	21	6138	266.870	52.565	247.000	200	374	118.652	78.130	21.435	0.458	0.150	0.392	118.640	78.137	21.415	118	77	20	3	3	4
1.326	10.650	55	47	13418	243.964	33.437	240.000	200	330	74.909	136.109	23.600	0.753	0.341	0.683	74.896	136.114	23.619	73	135	20	5	3	8
0.337	3.844	14	14	3153	225.214	23.225	219.000	200	268	124.929	149.643	21.214	0.369	0.151	0.334	124.923	149.644	21.206	124	149	20	3	2	4
0.265	3.473	11	11	2575	234.091	22.066	234.000	201	273	132.636	149.273	21.909	0.454	0.244	0.440	132.645	149.262	21.923	132	149	20	2	2	5
0.289	3.580	12	12	2477	206.417	5.664	205.000	201	221	167.917	168.083	21.000	0.395	0.171	0.422	167.910	168.080	20.999	167	167	20	4	3	3
0.651	6.224	27	24	6857	253.963	40.648	244.000	205	335	144.852	174.556	22.556	0.534	0.220	0.500	144.827	174.544	22.550	144	173	20	3	4	6
0.819	6.912	34	31	7959	234.088	28.930	223.000	200	293	240.706	183.088	21.676	0.511	0.150	0.519	240.694	183.048	21.677	239	182	20	4	4	4
0.241	3.085	10	10	2268	226.800	23.729	220.000	204	275	147.700	194.700	21.800	0.380	0.175	0.365	147.717	194.713	21.813	147	194	20	2	2	4
0.675	5.836	28	25	7950	283.929	74.909	274.500	200	474	192.143	195.821	22.357	0.488	0.174	0.430	192.176	195.822	22.370	191	195	20	3	3	5
1.374	9.821	57	46	18740	328.772	117.314	299.000	203	659	257.877	198.316	23.368	0.679	0.258	0.645	257.884	198.318	23.289	256	197	20	4	4	7
2.796	20.347	116	100	34430	296.810	96.010	259.500	200	666	276.293	204.759	25.198	1.166	0.534	1.117	276.101	204.797	24.853	273	203	20	8	4	12
4.314	28.299	179	132	61387	342.944	144.674	281.000	200	884	301.274	249.771	24.196	1.212	0.442	1.176	301.140	249.486	23.991	298	246	20	9	11	9
2.073	12.254	86	67	26972	313.628	108.954	282.000	200	632	253.291	287.221	23.233	0.792	0.283	0.785	253.345	287.180	23.061	251	286	20	5	4	7
0.578	6.030	24	21	5400	225.000	22.918	219.500	200	288	290.083	293.333	22.292	0.478	0.175	0.432	290.078	293.321	22.287	289	292	20	3	4	5
0.362	3.597	15	15	3763	250.867	32.568	237.000	205	312	297.467	317.533	21.600	0.423	0.179	0.300	297.444	317.558	21.603	297	317	20	2	2	4
1.494	10.456	62	47	20048	323.355	113.055	294.500	200	614	240.500	324.565	23.177	0.702	0.261	0.608	240.480	324.592	23.138	239	323	20	4	4	7
82.450	176.767	3421	1020	984937	287.909	62.532	277.000	200	689	264.632	376.327	29.897	2.841	0.677	2.724	264.371	376.631	29.663	250	367	20	29	18	22
2.410	14.775	100	72	35385	353.850	147.025	309.500	200	807	270.460	493.630	24.430	0.878	0.356	0.752	270.460	493.693	24.283	268	492	20	5	4	9
0.506	5.007	21	19	5855	278.810	60.363	279.000	200	390	66.286	41.286	22.619	0.481	0.188	0.407	66.328	41.311	22.657	65	40	21	3	3	5
0.506	5.007	21	21	5058	240.857	31.264	240.000	200	301	73.905	54.524	23.952	0.486	0.253	0.450	73.866	54.516	23.969	73	54	21	3	2	6
0.337	3.720	14	14	3241	231.500	22.997	229.500	205	274	78.286	54.643	22.714	0.376	0.150	0.346	78.303	54.645	22.684	77	54	21	3	2	4
0.651	5.713	27	24	7569	280.333	63.263	267.000	202	431	87.296	68.037	23.407	0.501	0.183	0.486	87.310	68.036	23.399	86	67	21	3	3	5
2.241	13.488	93	71	31059	333.968	125.920	293.000	200	691	130.366	90.591	25.548	0.860	0.370	0.739	130.387	90.648	25.729	129	89	21	4	4	9
0.458	4.355	19	19	4417	232.474	24.063	233.000	200	276	70.789	113.474	22.316	0.407	0.149	0.356	70.768	113.465	22.281	69	113	21	4	2	4
5.471	26.077	227	131	82266	362.405	164.165	304.000	200	919	129.599	131.326	26.229	1.181	0.455	1.068	129.649	131.198	26.015	127	129	21	6	6	12
0.988	7.635	41	36	10666	260.146	49.329	249.000	200	395	159.902	170.951	23.561	0.585	0.231	0.614	159.916	170.917	23.575	158	170	21	4	3	6
1.133	8.534	47	38	14907	317.170	96.781	299.000	201	587	263.957	196.085	23.957	0.611	0.210	0.538	263.960	196.130	23.929	262	195	21	5	3	6
1.880	14.865	78	69	18797	240.987	35.938	230.500	200	349	242.397	203.923	25.462	0.965	0.451	0.892	242.383	203.923	25.434	239	200	21	7	7	9
15.545	77.435	645	416	168873	261.819	61.925	240.000	200	516	220.096	210.623	24.798	2.228	1.022	2.086	220.386	210.379	24.729	202	203	21	33	17	8
1.494	12.625	62	56	15619	251.919	50.055	232.500	201	396	163.871	218.484	23.758	0.746	0.271	0.776	163.720	218.483	23.790	161	217	21	8	4	7
0.289	3.209	12	12	2785	232.083	22.105	230.000	201	272	232.500	232.333	22.500	0.378	0.168	0.285	232.480	232.326	22.495	232	232	21	2	2	4
3.205	17.897	133	88	53938	405.549	211.716	331.000	202	1134	294.188	235.353	25.120	0.941	0.344	0.891	294.171	235.316	25.129	292	233	21	5	6	9
0.747	7.441	31	29	7241	233.581	31.762	225.000	200	304	299.548	257.839	23.194	0.632	0.342	0.528	299.634	257.906	23.089	297	256	21	5	4	7
0.627	5.907	26	23	6093	234.346	28.236	228.000	201	295	287.077	296.231	23.038	0.508	0.201	0.479	287.096	296.250	23.034	286	295	21	3	3	5
1.904	12.291	79	61	19973	252.823	41.901	243.000	200	365	280.582	297.684	23.608	0.717	0.216	0.689	280.543	297.720	23.612	278	295	21	6	5	6
28.897	109.993	1199	622	501397	418.179	252.304	325.000	200	1887	317.718	299.692	27.911	2.059	0.677	2.045	318.126	300.251	27.691	311	288	21	14	21	16
0.940	7.899	39	34	11133	285.462	76.181	272.000	200	490	249.282	326.821	23.795	0.610	0.272	0.564	249.253	326.783	23.683	248	326	21	4	3	7
1.928	11.743	80	62	31760	397.000	175.920	345.000	203	879	276.700	336.562	24.362	0.760	0.274	0.727	276.705	336.554	24.325	275	335	21	4	4	7
0.578	5.325	24	22	6569	273.708	59.910	253.500	207	418	245.375	343.000	23.042	0.472	0.181	0.467	245.379	343.008	23.080	244	342	21	3	3	5
0.241	3.085	10	10	2335	233.500	32.164	227.000	200	296	294.300	356.700	22.800	0.380	0.175	0.365	294.281	356.719	22.799	294	356	21	2	2	4
3.446	22.305	143	111	40760	285.035	85.602	253.000	200	635	308.406	388.287	24.629	0.948	0.311	0.967	308.339	388.349	24.531	306	383	21	6	11	8
4.652	29.145	193	146	67993	352.295	158.946	302.000	200	960	317.430	467.839	26.415	1.207	0.442	1.138	317.743	468.036	26.015	314	464	21	8	8	12
0.362	3.527	15	15	3381	225.400	17.083	224.000	202	252	165.800	136.400	23.000	0.369	0.126	0.420	165.790	136.417	22.990	165	136	22	3	2	3
0.554	5.007	23	23	5804	252.348	39.147	239.000	207	327	199.870	159.478	24.217	0.480	0.211	0.435	199.842	159.479	24.208	199	159	22	3	2	5
0.265	3.791	11	11	2472	224.727	15.014	223.000	202	256	145.727	164.000	25.091	0.558	0.352	0.469	145.713	163.996	25.116	145	163	22	3	3	6
1.374	9.945	57	46	12626	221.509	18.128	219.000	200	270	181.684	178.684	24.877	0.666	0.244	0.593	181.699	178.675	24.864	180	177	22	4	4	7
2.121	16.874	88	72	28024	318.455	122.952	281.000	200	734	268.455	189.386	25.773	0.837	0.322	0.832	268.266	189.549	25.629	266	185	22	7	8	8
18.004	76.720	747	425	296323	396.684	245.105	314.000	200	1794	282.351	196.380	29.486	1.868	0.722	1.829	282.094	195.963	28.867	277	188	22	11	19	17
0.554	5.449	23	21	5240	227.826	21.257	225.000	201	277	162.957	230.870	23.217	0.455	0.142	0.443	162.953	230.856	23.204	162	229	22	3	4	4
0.265	3.015	11	11	2599	236.273	21.331	230.000	202	272	274.364	264.455	23.636	0.354	0.157	0.297	274.349	264.451	23.649	274	264	22	2	2	4
0.410	4.867	17	17	3836	225.647	21.852	222.000	200	270	212.353	310.176	24.412	0.536	0.239	0.501	212.351	310.185	24.424	211	309	22	4	4	5
0.675	6.665	28	28	6604	235.857	27.103	230.500	200	304	315.750	336.143	23.357	0.501	0.179	0.526	315.725	336.165	23.377	315	334	22	3	5	4
0.795	7.758	33	30	7947	240.818	40.069	229.000	200	356	229.455	353.697	24.758	0.586	0.264	0.520	229.414	353.763	24.697	228	351	22	5	5	6
2.097	13.541	87	62	34206	393.172	185.923	325.000	200	982	295.092	439.080	25.966	0.811	0.278	0.806	295.101	439.051	25.859	293	437	22	5	5	8
1.085	8.464	45	37	12199	271.089	44.855	257.000	214	395	263.222	493.822	24.267	0.588	0.182	0.598	263.242	493.837	24.250	261	492	22	5	4	5
0.795	6.542	33	28	8953	271.303	66.183	230.000	203	395	258.182	500.636	24.061	0.540	0.189	0.498	258.228	500.608	23.986	257	499	22	3	4	5
1.109	10.403	46	46	11330	246.304	39.295	240.500	200	349	246.370	510.696	25.326	0.752	0.373	0.679	246.267	510.708	25.234	244	510	22	8	2	8
3.687	23.360	153	119	37939	247.967	46.201	230.000	200	401	61.601	129.510	30.915	1.438	0.813	1.258	61.648	129.514	30.826	59	128	23	6	4	18
3.567	18.760	148	101	78685	531.655	336.016	428.000	201	1591	196.189	197.622	27.892	1.019	0.408	0.938	196.247	197.597	27.801	194	196	23	5	5	10
0.313	3.527	13	13	3021	232.385	20.476	226.000	210	273	225.615	224.923	24.923	0.382	0.178	0.392	225.614	224.928	24.932	225	224	23	2	3	4
1.422	9.751	59	45	17732	300.542	91.809	262.000	202	526	300.424	275.424	25.729	0.680	0.222	0.641	300.404	275.420	25.710	299	274	23	4	4	6
0.482	4.814	20	19	4787	239.350	31.710	235.000	200	305	289.350	307.300	24.600	0.471	0.199	0.416	289.367	307.295	24.614	288	306	23	3	3	5
0.530	5.131	22	20	5883	267.409	55.087	250.000	201	391	207.682	314.136	25.318	0.462	0.177	0.410	207.660	314.148	25.295	207	313	23	3	3	5
2.940	16.469	122	89	34365	281.680	70.217	259.000	201	509	254.041	322.090	26.492	0.875	0.282	0.812	253.926	322.150	26.463	251	319	23	7	6	7
3.013	16.804	125	84	43296	346.368	143.595	295.000	201	754	315.360	372.480	27.560	0.892	0.310	0.822	315.423	372.470	27.320	313	370	23	5	6	9
2.772	16.098	115	79	38443	334.287	123.554	296.000	200	706	229.339	394.774	26.600	0.867	0.292	0.782	229.339	394.750	26.453	227	393	23	6	5	8
9.641	57.221	400	304	105132	262.830	55.383	247.000	200	504	252.260	492.090	28.228	2.029	0.819	2.003	251.979	492.010	28.155	240	488	23	29	11	11
5.302	27.701	220	142	73359	333.450	116.808	295.500	200	789	18.964	51.291	29.168	1.180	0.444	1.146	18.970	51.248	29.046	16	47	24	7	10	11
0.386	4.690	16	14	3958	247.375	44.165	232.500	204	346	5.125	99.062	26.250	0.461	0.191	0.400	5.127	99.073	26.276	4	98	24	3	3	5
14.991	77.035	622	391	212436	341.537	131.658	297.000	200	862	266.645	176.196	32.312	1.839	0.753	1.734	266.736	176.286	32.176	261	169	24	13	18	18
0.337	3.720	14	14	3129	223.500	22.667	213.500	203	267	226.429	200.143	25.500	0.380	0.151	0.322	226.430	200.133	25.477	226	199	24	2	3	4
1.518	12.271	63	52	17902	284.159	68.991	260.000	204	487	289.000	220.063	28.095	0.836	0.425	0.805	289.012	220.088	27.986	288	218	24	3	5	10
1.326	10.667	55	49	13410	243.818	35.684	231.000	200	320	224.982	267.200	27.309	0.739	0.329	0.689	225.019	267.238	27.329	223	266	24	5	3	8
0.241	2.821	10	10	2407	240.700	28.566	240.000	207	297	236.600	347.400	25.000	0.326	0.129	0.415	236.627	347.372	25.022	236	347	24	2	2	3
6.290	31.722	261	168	92158	353.096	147.594	310.000	200	947	5.023	48.261	30.617	1.170	0.382	1.147	5.032	48.208	30.603	1	45	25	11	8	10
0.313	3.209	13	13	2901	223.154	18.229	222.000	201	251	53.538	97.462	26.154	0.378	0.164	0.374	53.540	97.441	26.165	53	97	25	2	2	4
0.554	4.867	23	21	5146	223.739	16.321	224.000	204	262	106.783	148.043	26.304	0.435	0.131	0.407	106.778	148.041	26.295	106	147	25	3	3	4
7.833	36.659	325	203	148295	456.292	309.839	336.000	200	1668	249.871	174.049	30.769	1.261	0.383	1.280	249.706	174.156	30.485	245	171	25	12	7	11
4.049	22.005	168	113	53710	319.702	116.173	275.500	200	737	235.554	175.530	29.804	1.089	0.428	1.068	235.388	175.417	29.819	233	173	25	7	6	10
1.060	8.798	44	36	11023	250.523	44.460	238.500	200	359	235.636	200.932	28.114	0.643	0.271	0.543	235.614	200.952	28.162	234	200	25	4	3	7
10.894	45.476	452	249	230033	508.923	329.617	388.500	200	1691	311.940	245.250	32.259	1.427	0.500	1.300	312.467	245.110	32.266	305	242	25	12	10	13
0.265	3.456	11	11	2396	217.818	13.091	217.000	203	240	234.273	279.727	26.818	0.448	0.226	0.471	234.257	279.719	26.813	234	278	25	2	4	4
0.241	2.945	10	10	2191	219.100	15.495	217.000	201	248	255.300	296.700	26.100	0.316	0.121	0.350	255.298	296.720	26.105	254	296	25	3	2	3
1.687	11.549	70	56	20778	296.829	88.611	262.500	201	571	261.357	318.871	28.557	0.740	0.278	0.693	261.328	318.932	28.656	260	317	25	4	5	8
0.723	6.348	30	27	8345	278.167	64.984	265.500	200	455	319.967	381.800	26.933	0.510	0.196	0.479	319.956	381.781	26.934	319	381	25	3	3	5
0.313	3.403	13	13	3212	247.077	32.258	238.000	205	300	294.538	427.615	26.615	0.394	0.174	0.307	294.558	427.617	26.616	294	427	25	2	2	4
0.795	6.471	33	29	7839	237.545	27.172	236.000	202	308	235.848	439.030	26.939	0.526	0.190	0.494	235.842	439.036	26.912	234	438	25	4	3	5
0.482	4.937	20	18	5226	261.300	54.138	246.500	203	390	273.750	459.100	27.050	0.434	0.159	0.444	273.733	459.109	27.039	273	458	25	3	3	5
0.651	5.907	27	24	7299	270.333	58.137	240.000	202	391	113.296	62.778	28.000	0.532	0.215	0.484	113.319	62.740	27.979	112	62	26	3	3	5
0.337	3.597	14	14	3257	232.643	16.731	233.500	205	260	56.571	107.429	28.000	0.409	0.200	0.429	56.580	107.430	28.015	56	107	26	2	2	5
1.036	8.093	43	37	10278	239.023	34.466	228.000	200	323	48.860	109.233	28.326	0.631	0.242	0.602	48.845	109.244	28.321	48	108	26	3	4	6
0.434	4.426	18	18	4167	231.500	27.382	223.000	203	290	166.556	122.000	27.889	0.412	0.179	0.441	166.566	121.997	27.925	166	121	26	2	3	5
0.699	6.542	29	29	6409	221.000	18.030	214.000	201	264	173.724	159.586	28.069	0.493	0.183	0.474	173.704	159.550	28.056	173	158	26	3	5	5
2.121	12.448	88	65	38744	440.273	225.999	358.000	201	1111	207.898	191.477	29.307	0.804	0.275	0.762	207.879	191.462	29.289	206	190	26	5	4	7
1.422	12.431	59	51	15409	261.169	60.777	237.000	201	443	302.610	236.237	27.814	0.719	0.266	0.722	302.420	236.199	27.760	300	235	26	8	4	6
0.988	7.829	41	34	11744	286.439	77.208	264.000	202	485	306.585	250.854	28.439	0.582	0.215	0.595	306.592	250.824	28.418	305	250	26	4	3	6
0.434	4.232	18	18	4547	252.611	35.984	243.000	205	319	270.500	276.000	27.500	0.407	0.158	0.340	270.503	275.981	27.486	270	275	26	2	3	4
0.265	3.403	11	11	2623	238.455	37.633	222.000	200	316	282.000	322.273	27.636	0.363	0.152	0.307	282.005	322.259	27.657	281	322	26	3	2	4
1.350	9.627	56	43	17456	311.714	95.599	287.000	200	564	316.446	452.393	28.821	0.674	0.221	0.608	316.407	452.388	28.832	315	451	26	4	4	6
1.422	9.838	59	53	14809	251.000	42.496	240.000	200	373	202.983	494.068	29.508	0.780	0.371	0.678	202.989	494.038	29.612	202	493	26	3	3	8
0.940	7.969	39	34	9542	244.667	40.453	234.000	200	352	61.026	96.487	29.872	0.652	0.273	0.577	61.005	96.469	29.881	60	95	27	3	4	7
0.675	7.388	28	28	6219	222.107	16.333	222.000	201	257	73.429	110.357	30.607	0.758	0.461	0.649	73.371	110.356	30.557	72	110	27	6	2	9
0.675	5.766	28	24	6736	240.571	28.558	232.000	207	306	220.786	174.786	28.607	0.482	0.135	0.452	220.801	174.775	28.604	219	174	27	4	3	4
1.615	11.108	67	54	18904	282.149	64.526	262.000	203	473	153.925	228.687	30.373	0.729	0.298	0.681	153.920	228.693	30.313	153	227	27	3	5	8
5.109	28.670	212	145	77146	363.896	212.266	272.500	200	1246	303.028	268.137	31.976	1.296	0.576	1.213	303.205	267.822	31.646	299	265	27	8	8	13
0.434	4.549	18	17	4485	249.167	44.812	238.500	200	351	308.056	271.333	28.722	0.416	0.146	0.376	308.066	271.323	28.705	307	270	27	3	3	4
1.326	9.945	55	44	14732	267.855	61.171	247.000	200	418	229.691	281.600	29.927	0.678	0.275	0.592	229.714	281.589	29.905	228	280	27	4	4	7
1.012	8.287	42	38	11279	268.548	57.367	258.000	202	403	269.667	347.810	30.048	0.632	0.288	0.530	269.667	347.791	30.058	268	347	27	4	3	7
3.085	17.332	128	87	46862	366.109	145.619	321.500	201	795	322.844	443.859	30.906	0.918	0.329	0.899	322.849	443.906	30.827	321	442	27	5	5	9
0.723	6.418	30	27	8107	270.233	55.239	258.500	205	411	267.200	460.933	29.133	0.525	0.201	0.485	267.220	460.911	29.084	266	460	27	3	3	5
0.988	8.357	41	41	18020	439.512	209.010	369.000	202	998	323.659	510.610	29.805	0.653	0.303	0.593	323.648	510.698	29.839	322	510	27	4	2	7
0.241	2.945	10	10	2407	240.700	32.544	234.500	203	305	100.800	70.400	29.100	0.314	0.120	0.343	100.827	70.385	29.098	100	70	28	3	2	3
0.627	5.907	26	24	6381	245.423	34.738	239.500	207	340	216.846	310.615	30.615	0.533	0.240	0.575	216.851	310.629	30.661	216	310	28	3	3	6
0.289	3.527	12	12	2594	216.167	14.070	211.500	202	244	307.083	325.333	29.667	0.359	0.147	0.310	307.085	325.326	29.661	306	325	28	3	2	4
1.446	9.821	60	51	20072	334.533	118.964	298.000	201	637	287.383	338.867	31.650	0.702	0.270	0.685	287.389	338.852	31.625	286	337	28	4	4	7
1.422	10.369	59	49	14727	249.610	45.476	230.000	200	377	323.186	361.068	29.864	0.654	0.209	0.657	323.246	361.020	29.871	321	359	28	5	6	5
0.578	5.449	24	21	6217	259.042	46.034	254.000	202	351	301.542	377.167	29.625	0.483	0.172	0.412	301.528	377.180	29.645	300	376	28	4	3	5
0.699	6.488	29	25	7284	251.172	42.391	241.000	204	357	275.000	386.241	30.310	0.531	0.221	0.545	275.017	386.252	30.306	274	385	28	3	3	6
0.723	6.789	30	26	6550	218.333	17.868	213.000	200	266	245.200	390.100	29.833	0.509	0.174	0.496	245.196	390.120	29.813	244	388	28	3	5	5
1.663	11.355	69	53	21492	311.478	103.287	269.000	200	609	263.246	471.435	30.971	0.741	0.272	0.620	263.177	471.404	30.915	261	470	28	5	4	7
0.410	4.884	17	14	4101	241.235	33.124	228.000	213	327	71.000	91.000	31.000	0.447	0.171	0.462	71.000	90.998	30.986	70	90	29	3	3	5
1.398	9.821	58	49	16914	291.621	80.205	271.000	201	520	167.000	154.621	32.241	0.670	0.269	0.593	166.988	154.613	32.252	166	153	29	3	4	7
0.362	3.720	15	15	3425	228.333	20.258	228.000	202	264	205.467	173.667	30.733	0.402	0.170	0.356	205.460	173.679	30.734	205	173	29	2	3	4
0.289	3.209	12	12	2759	229.917	26.075	220.000	200	272	273.583	180.417	30.750	0.369	0.162	0.343	273.613	180.415	30.752	273	180	29	2	2	4
0.844	6.859	35	32	9884	282.400	68.697	273.000	201	440	313.829	253.000	31.343	0.546	0.202	0.572	313.792	253.046	31.367	313	251	29	3	4	5
9.833	40.413	408	230	153938	377.299	213.947	290.000	200	1266	258.554	296.100	36.110	1.399	0.494	1.367	258.194	296.008	36.051	254	292	29	11	8	13
0.410	4.232	17	16	3941	231.824	26.543	227.000	201	286	234.706	315.706	30.294	0.419	0.150	0.360	234.700	315.704	30.283	234	315	29	3	3	4
0.627	5.378	26	26	6393	245.885	30.786	244.000	202	298	267.692	321.462	30.692	0.449	0.150	0.455	267.742	321.474	30.699	266	320	29	4	3	4
1.109	8.393	46	37	12185	264.891	51.158	250.500	200	408	239.065	368.913	30.870	0.580	0.177	0.548	239.075	368.937	30.868	238	367	29	3	5	5
0.386	4.038	16	16	3439	214.938	10.890	211.500	202	241	319.438	369.875	30.188	0.386	0.155	0.374	319.433	369.876	30.182	319	369	29	2	3	4
1.808	11.937	75	56	25064	334.187	121.810	305.000	200	701	239.853	376.560	32.760	0.741	0.265	0.680	239.862	376.603	32.765	238	375	29	5	4	8
2.073	12.906	86	66	31320	364.186	142.832	326.000	202	755	279.640	446.488	33.453	0.833	0.341	0.727	279.636	446.473	33.516	278	445	29	4	4	9
2.651	15.694	110	77	31262	284.200	63.698	273.000	200	453	296.027	456.564	32.427	0.838	0.272	0.750	295.971	456.596	32.469	294	454	29	6	6	8
0.554	5.325	23	21	5432	236.174	30.175	233.000	201	306	254.043	487.739	30.826	0.474	0.178	0.450	254.046	487.748	30.818	253	487	29	3	3	5
3.736	19.448	155	97	62551	403.555	185.870	350.000	200	951	228.168	164.652	34.742	0.978	0.331	0.919	228.229	164.540	34.755	226	162	30	5	6	10
0.313	4.232	13	13	2672	205.538	4.824	204.000	201	214	168.077	168.538	32.000	0.466	0.256	0.413	168.070	168.534	31.997	167	168	30	4	2	5
0.265	3.015	11	11	2689	244.455	34.373	243.000	202	306	308.455	216.364	31.364	0.354	0.157	0.297	308.419	216.346	31.368	308	216	30	2	2	4
0.627	5.836	26	23	6539	251.500	41.029	244.500	205	345	278.423	340.962	31.885	0.497	0.176	0.454	278.428	340.985	31.862	277	340	30	4	3	5
0.627	5.766	26	24	6210	238.846	35.593	230.500	202	316	300.154	461.154	31.308	0.466	0.153	0.424	300.108	461.202	31.312	299	460	30	4	3	4
1.759	11.690	73	55	24221	331.795	106.652	294.000	203	628	261.658	465.384	33.548	0.770	0.302	0.707	261.694	465.370	33.536	260	464	30	4	4	8
0.554	5.325	23	22	5244	228.000	24.297	225.000	200	275	184.783	157.609	33.087	0.495	0.211	0.446	184.762	157.611	33.100	184	157	31	3	3	5
2.290	14.300	95	70	26549	279.463	71.542	258.000	200	486	142.053	207.074	34.821	0.838	0.315	0.767	142.007	207.169	34.885	140	205	31	5	5	8
2.820	15.764	117	79	47380	404.957	189.063	347.000	201	967	310.308	223.333	34.350	0.843	0.245	0.784	310.355	223.316	34.302	308	221	31	5	6	8
1.928	14.845	80	67	19549	244.363	34.599	236.500	200	346	261.725	305.938	34.963	1.017	0.499	0.975	261.768	305.946	34.995	258	305	31	7	3	10
2.507	18.374	104	86	21874	210.327	7.555	209.000	200	230	238.644	386.798	35.769	0.872	0.363	0.839	238.640	386.800	35.755	236	383	31	8	7	9
0.289	3.209	12	12	2658	221.500	13.467	220.500	200	247	276.500	398.500	32.750	0.369	0.164	0.341	276.512	398.492	32.758	276	398	31	2	2	4
0.988	8.447	41	36	9602	234.195	25.117	226.000	200	292	274.366	416.732	32.415	0.591	0.192	0.608	274.387	416.715	32.416	272	415	31	6	5	4
0.651	6.154	27	23	6646	246.148	41.621	230.000	200	357	325.630	439.000	33.000	0.489	0.164	0.472	325.658	439.012	32.986	324	438	31	4	3	5
1.036	8.357	43	38	11573	269.140	54.747	251.000	205	425	237.860	507.163	34.279	0.670	0.308	0.596	237.868	507.172	34.227	237	506	31	3	3	7
1.783	11.619	74	56	25317	342.122	124.595	296.500	203	691	10.446	38.703	35.784	0.752	0.288	0.664	10.409	38.705	35.704	9	37	32	4	4	8
0.627	5.449	26	24	6375	245.192	34.702	235.000	205	329	5.231	100.808	34.346	0.476	0.170	0.418	5.238	100.798	34.363	4	100	32	3	3	5
0.241	3.209	10	10	2328	232.800	28.538	229.500	203	286	247.900	259.600	33.300	0.363	0.164	0.313	247.910	259.607	33.277	247	259	32	3	2	4
6.001	39.902	249	189	91136	366.008	191.911	295.000	200	1246	324.502	274.490	39.173	1.337	0.601	1.223	324.990	274.180	39.376	318	271	32	12	9	15
0.603	5.519	25	23	5974	238.960	29.857	235.000	201	313	250.040	311.040	33.560	0.481	0.150	0.426	250.028	311.037	33.556	249	310	32	3	3	4
1.832	11.355	76	59	28303	372.408	156.189	327.500	202	815	346.316	410.618	35.211	0.736	0.267	0.649	346.268	410.643	35.172	345	409	32	4	4	7
1.109	8.975	46	38	11596	252.087	45.146	243.000	200	365	1.130	41.674	34.913	0.594	0.180	0.592	1.095	41.688	34.890	0	40	33	4	5	5
0.410	4.690	17	15	4057	238.647	38.441	225.000	202	338	207.000	197.059	34.765	0.445	0.151	0.398	207.010	197.052	34.786	206	196	33	3	3	4
0.627	5.907	26	23	7342	282.385	73.535	249.000	201	440	290.192	209.269	34.923	0.519	0.209	0.471	290.231	209.302	34.933	289	208	33	3	3	5
0.265	2.821	11	11	2442	222.000	9.930	220.000	211	239	272.455	295.455	34.091	0.334	0.126	0.396	272.453	295.462	34.101	272	295	33	2	2	3
0.675	6.682	28	26	6964	248.714	40.379	247.500	201	323	248.821	373.750	36.429	0.597	0.279	0.607	248.781	373.721	36.458	248	373	33	3	3	7
0.747	6.471	31	26	7070	228.065	23.663	227.000	200	287	245.935	437.258	35.355	0.509	0.162	0.482	245.934	437.245	35.350	245	436	33	3	4	5
4.121	21.794	171	112	57721	337.550	102.627	308.000	203	592	20.655	38.971	38.813	1.040	0.391	0.966	20.694	38.923	38.795	17	37	34	7	6	10
0.675	5.907	28	25	7514	268.357	53.318	252.000	204	389	109.821	59.321	36.036	0.531	0.211	0.483	109.792	59.335	36.010	109	58	34	3	3	5
0.578	5.325	24	22	6159	256.625	50.648	250.500	200	366	37.125	77.333	36.333	0.479	0.178	0.419	37.128	77.349	36.360	36	76	34	3	3	5
0.723	6.224	30	27	8385	279.500	56.994	266.500	207	429	177.967	138.267	36.133	0.525	0.202	0.478	177.967	138.283	36.115	177	137	34	3	3	5
0.337	4.108	14	13	3154	225.286	25.814	219.000	200	285	153.786	193.071	35.643	0.418	0.156	0.345	153.795	193.080	35.654	153	192	34	3	3	4
7.761	39.708	322	196	124272	385.938	191.609	310.000	200	1222	300.121	205.960	38.665	1.335	0.445	1.319	299.844	205.637	38.419	296	202	34	10	11	11
0.386	3.456	16	16	3859	241.188	25.714	249.500	201	284	296.500	215.875	34.875	0.364	0.120	0.394	296.503	215.864	34.835	296	215	34	2	3	3
0.699	6.488	29	27	7100	244.828	36.330	242.000	200	325	155.000	233.655	37.069	0.577	0.272	0.493	155.018	233.646	37.131	154	233	34	3	3	7
1.615	10.192	67	52	22947	342.493	125.355	291.000	202	691	313.582	263.657	36.761	0.678	0.214	0.636	313.650	263.662	36.743	312	262	34	4	4	6
0.410	4.179	17	17	4226	248.588	33.198	248.000	200	303	307.529	264.529	35.882	0.477	0.235	0.466	307.521	264.551	35.830	307	264	34	2	2	5
1.398	10.085	58	47	18347	316.328	93.656	302.000	201	592	307.862	290.155	37.293	0.707	0.273	0.683	307.894	290.159	37.281	306	289	34	4	4	7
1.374	11.038	57	50	13954	244.807	36.404	234.000	202	356	164.825	295.070	37.667	0.702	0.301	0.662	164.861	295.082	37.609	162	294	34	6	3	8
0.265	2.821	11	11	2481	225.545	16.373	227.000	205	252	245.545	312.455	35.091	0.334	0.126	0.396	245.551	312.434	35.094	245	312	34	2	2	3
0.241	2.821	10	10	2298	229.800	20.725	227.000	206	268	306.600	365.600	35.000	0.326	0.129	0.415	306.606	365.634	35.002	306	365	34	2	2	3
0.795	6.806	33	29	7790	236.061	27.586	229.000	202	308	209.727	397.939	36.394	0.567	0.227	0.608	209.721	397.956	36.348	209	397	34	3	3	6
40.683	117.269	1688	729	702391	416.108	256.732	317.000	200	1559	176.987	400.786	42.991	2.220	0.668	2.128	175.858	400.062	43.208	170	390	34	16	24	15
0.530	5.131	22	20	5751	261.409	50.723	249.000	204	373	303.682	454.136	36.318	0.462	0.177	0.410	303.668	454.158	36.318	303	453	34	3	3	5
0.362	4.496	15	13	3558	237.200	41.039	223.000	202	335	188.933	482.067	35.867	0.439	0.179	0.430	188.923	482.065	35.889	188	481	34	3	3	5
0.699	6.224	29	26	7146	246.414	41.885	234.000	202	362	112.000	63.241	37.069	0.514	0.198	0.479	112.005	63.235	37.062	111	62	35	3	3	5
0.506	4.937	21	19	5167	246.048	44.075	237.000	200	353	277.048	177.286	36.429	0.438	0.143	0.370	277.070	177.278	36.398	276	176	35	3	3	4
0.699	6.983	29	25	7673	264.586	63.271	245.000	200	389	244.759	187.552	37.241	0.535	0.204	0.490	244.710	187.518	37.259	243	186	35	4	5	5
1.880	13.505	78	67	23308	298.821	81.140	275.500	204	545	231.526	274.141	39.923	0.933	0.467	0.862	231.554	274.148	39.884	229	273	35	5	3	11
3.157	16.874	131	87	50215	383.321	187.999	315.000	201	1057	313.305	286.099	39.000	0.933	0.340	0.888	313.299	286.107	39.000	311	284	35	5	5	9
7.062	36.111	293	186	102862	351.065	157.624	296.000	200	994	323.304	320.488	39.546	1.232	0.377	1.271	323.346	320.262	39.370	321	316	35	6	11	10
0.458	4.549	19	18	5096	268.211	54.129	261.000	204	379	293.789	474.632	36.632	0.430	0.154	0.371	293.796	474.631	36.631	293	474	35	3	3	4
0.313	3.527	13	13	2976	228.923	24.469	220.000	200	269	195.538	503.231	36.462	0.379	0.159	0.306	195.530	503.227	36.445	195	502	35	2	3	4
0.795	8.163	33	33	8081	244.879	32.792	239.000	202	331	284.636	510.879	37.152	0.617	0.252	0.607	284.672	510.888	37.156	282	510	35	6	2	6
0.554	6.471	23	22	5242	227.913	27.500	219.000	201	304	101.217	100.000	37.870	0.511	0.226	0.483	101.160	100.004	37.857	99	99	36	6	3	5
1.133	8.199	47	39	15353	326.660	114.061	300.000	202	644	322.170	268.447	38.128	0.583	0.175	0.545	322.158	268.438	38.107	321	267	36	4	4	5
0.723	6.648	30	28	6916	230.533	20.679	229.000	200	267	251.167	342.467	37.733	0.483	0.144	0.498	251.161	342.470	37.734	249	341	36	5	4	4
1.060	7.688	44	38	14529	330.205	106.349	312.000	202	614	342.227	395.091	38.068	0.584	0.185	0.521	342.250	395.070	38.091	341	394	36	4	4	5
1.036	9.329	43	38	9605	223.372	15.602	222.000	201	256	285.326	416.488	38.023	0.625	0.241	0.563	285.343	416.473	38.022	283	414	36	6	6	5
1.157	9.821	48	44	12304	256.333	46.212	241.500	200	364	287.854	457.083	39.604	0.777	0.365	0.701	287.879	457.109	39.557	286	456	36	5	3	8
0.289	2.821	12	12	2946	245.500	22.885	244.500	207	287	26.500	41.500	38.000	0.344	0.124	0.428	26.525	41.515	38.027	26	41	37	2	2	3
0.265	3.015	11	11	2369	215.364	8.201	216.000	204	230	121.545	68.455	38.364	0.355	0.159	0.305	121.545	68.447	38.378	121	68	37	2	2	4
0.434	4.038	18	18	5062	281.222	50.990	274.500	201	362	32.500	95.333	38.444	0.434	0.170	0.394	32.518	95.362	38.438	32	94	37	2	3	4
0.386	4.496	16	16	3487	217.938	17.495	211.000	200	257	195.188	243.625	38.750	0.464	0.213	0.443	195.177	243.631	38.747	194	243	37	3	2	5
0.241	2.557	10	10	2223	222.300	9.821	221.500	208	238	303.600	283.800	37.500	0.291	0.054	0.296	303.601	283.811	37.507	303	283	37	2	3	2
0.530	6.084	22	20	4637	210.773	10.501	206.000	200	239	197.545	310.318	38.273	0.497	0.229	0.434	197.551	310.310	38.264	196	309	37	4	4	5
0.289	3.139	12	12	2813	234.417	24.055	230.500	200	272	317.667	315.500	38.083	0.337	0.121	0.387	317.679	315.497	38.105	317	315	37	3	2	3
0.530	5.061	22	20	5311	241.409	33.890	229.500	202	321	204.909	327.136	38.500	0.456	0.147	0.397	204.920	327.142	38.493	204	326	37	3	3	4
4.170	21.741	173	115	69556	402.058	199.651	316.000	200	1027	332.705	387.590	41.422	1.004	0.335	0.947	332.922	387.561	41.285	328	385	37	8	6	10
0.362	4.108	15	15	3238	215.867	9.920	213.000	201	236	229.133	470.400	38.933	0.438	0.224	0.429	229.128	470.392	38.914	228	470	37	3	2	5
0.747	6.488	31	28	7532	242.968	36.121	233.000	200	338	261.968	494.677	40.097	0.563	0.241	0.501	261.972	494.675	40.109	261	494	37	3	3	6
0.434	4.232	18	18	4575	254.167	42.065	246.000	201	340	31.778	42.556	39.611	0.419	0.164	0.362	31.787	42.571	39.617	31	42	38	3	2	4
0.530	5.131	22	22	5384	244.727	35.374	244.000	201	323	288.545	184.409	39.545	0.453	0.168	0.440	288.527	184.397	39.543	288	183	38	2	4	4
0.313	3.403	13	13	3103	238.692	19.737	244.000	203	273	157.462	220.538	39.615	0.394	0.175	0.298	157.484	220.538	39.637	157	220	38	2	2	4
2.627	18.798	109	91	25692	235.706	26.884	229.000	201	313	282.349	344.798	40.376	0.956	0.398	0.935	282.357	344.798	40.357	277	343	38	13	5	6
3.929	23.365	163	114	49379	302.939	88.299	272.000	200	606	48.074	35.859	41.712	0.919	0.239	0.941	48.256	35.830	41.683	44	33	39	9	7	6
1.012	7.829	42	36	11872	282.667	69.597	261.000	200	447	169.190	154.357	41.476	0.618	0.240	0.624	169.202	154.360	41.454	168	153	39	3	4	6
2.266	16.152	94	77	23891	254.160	47.707	242.500	201	410	293.277	293.468	41.447	0.803	0.274	0.841	293.337	293.483	41.441	290	292	39	8	4	6
1.470	9.840	61	46	14218	233.082	23.753	227.000	200	288	278.295	388.689	40.820	0.633	0.155	0.604	278.298	388.697	40.817	276	387	39	6	4	5
1.880	15.005	78	66	22877	293.295	83.648	262.500	200	550	56.577	43.013	42.551	0.800	0.274	0.790	56.517	42.724	42.521	55	40	40	4	9	6
2.362	13.999	98	69	37040	377.959	169.176	324.500	200	891	65.551	41.143	44.306	0.859	0.327	0.782	65.556	41.132	44.173	64	39	40	4	5	9
5.278	27.577	219	151	80842	369.142	158.929	312.000	200	880	111.694	73.680	44.534	1.135	0.375	1.103	111.685	74.119	44.821	109	68	40	6	10	9
0.313	3.403	13	13	2883	221.769	7.949	223.000	206	235	2.538	111.538	41.385	0.394	0.175	0.298	2.543	111.537	41.402	2	111	40	2	2	4
1.133	9.697	47	43	10410	221.489	16.512	220.000	201	267	52.936	174.809	43.723	0.695	0.321	0.637	52.946	174.831	43.737	51	173	40	4	4	8
0.362	4.302	15	15	3310	220.667	20.268	215.000	200	260	53.667	180.000	41.733	0.437	0.205	0.388	53.669	180.002	41.731	53	179	40	2	3	5
0.916	7.194	38	35	9653	254.026	38.738	246.000	204	340	176.842	384.184	42.684	0.616	0.266	0.590	176.827	384.197	42.643	176	383	40	3	3	6
0.506	5.395	21	19	4930	234.762	28.543	225.000	201	295	198.286	431.762	42.571	0.500	0.222	0.394	198.295	431.774	42.586	197	431	40	3	3	6
3.278	17.245	136	98	46169	339.478	111.610	321.000	201	631	117.382	86.500	45.382	0.907	0.277	0.891	117.380	86.599	45.585	115	84	41	5	6	8
0.434	4.038	18	18	4834	268.556	48.997	250.500	207	364	84.500	93.111	42.333	0.403	0.153	0.363	84.510	93.135	42.317	84	92	41	2	3	4
0.386	3.597	16	16	4037	252.312	28.118	255.500	215	292	50.500	108.500	42.500	0.437	0.180	0.437	50.480	108.503	42.472	50	108	41	2	2	4
0.940	7.371	39	34	12117	310.692	86.207	291.000	201	550	136.128	149.897	43.205	0.560	0.191	0.533	136.138	149.874	43.210	135	148	41	4	4	5
0.410	4.232	17	15	4138	243.412	35.144	241.000	202	319	182.765	210.235	42.765	0.409	0.131	0.402	182.749	210.235	42.764	182	209	41	3	3	4
0.337	3.650	14	14	3210	229.286	27.317	216.500	201	281	315.500	269.857	42.571	0.379	0.152	0.332	315.500	269.865	42.603	315	269	41	2	3	4
1.952	12.642	81	58	25228	311.457	105.693	272.000	200	605	315.321	274.938	44.383	0.779	0.280	0.716	315.296	274.926	44.380	314	273	41	4	5	8
0.530	5.201	22	21	5349	243.136	29.180	242.000	201	302	198.364	436.364	42.864	0.515	0.222	0.479	198.371	436.378	42.819	197	435	41	3	3	5
2.266	14.564	94	78	27854	296.319	75.585	288.500	200	550	73.479	41.362	45.457	0.787	0.266	0.763	73.390	41.305	45.402	71	39	42	6	5	7
0.844	7.247	35	32	8509	243.114	37.390	237.000	200	330	61.771	103.771	44.714	0.535	0.199	0.527	61.778	103.763	44.740	60	103	42	4	3	6
1.133	8.464	47	38	13788	293.362	83.727	252.000	202	477	103.553	52.532	45.489	0.645	0.223	0.611	103.566	52.512	45.436	102	51	43	4	4	6
0.892	7.581	37	32	10241	276.784	58.051	256.000	200	383	268.946	295.703	45.892	0.620	0.250	0.528	268.906	295.666	46.016	268	294	43	3	4	6
0.337	3.527	14	14	3184	227.429	18.337	223.000	201	271	327.143	329.571	43.929	0.362	0.128	0.412	327.132	329.584	43.936	326	329	43	3	2	3
1.711	11.057	71	56	17610	248.028	36.892	239.000	201	321	194.662	363.451	46.577	0.665	0.175	0.659	194.663	363.455	46.630	193	361	44	5	6	5
0.458	4.620	19	19	4385	230.789	18.207	228.000	202	259	106.579	82.105	46.737	0.449	0.183	0.411	106.565	82.120	46.756	106	80	45	2	4	4
0.892	6.842	37	33	10887	294.243	83.702	267.000	204	517	193.757	119.270	46.865	0.522	0.140	0.492	193.767	119.272	47.007	192	118	45	4	4	4
1.253	9.981	52	45	17288	332.462	129.771	296.000	202	702	334.038	353.269	46.769	0.611	0.175	0.576	334.099	353.186	46.892	332	351	45	5	7	4
0.313	3.914	13	13	3055	235.000	28.116	230.000	201	283	320.769	502.231	46.769	0.420	0.187	0.360	320.765	502.227	46.808	320	501	45	3	3	4
0.362	3.703	15	15	3672	244.800	35.102	242.000	201	314	154.933	303.800	47.400	0.358	0.114	0.343	154.898	303.773	47.427	154	303	46	3	3	3
0.337	3.262	14	14	3146	224.714	21.974	215.000	204	266	159.000	307.500	47.286	0.339	0.105	0.305	159.009	307.496	47.314	158	307	46	3	2	3
0.410	4.091	17	16	4754	279.647	61.884	264.000	211	436	303.176	386.824	47.294	0.382	0.099	0.373	303.182	386.812	47.357	302	386	46	3	3	3
