Volume (micron^3)	Surface (micron^2)	Nb of obj. voxels	Nb of surf. voxels	IntDen	Mean	StdDev	Median	Min	Max	X	Y	Z	Mean dist. to surf. (micron)	SD dist. to surf. (micron)	Median dist. to surf. (micron)	XM	YM	ZM	BX	BY	BZ	B-width	B-height	B-depth
1141.460	1838.453	47361	11848	22790144	481.201	370.324	344.000	200	3471	205.743	40.260	24.679	8.497	2.764	8.775	203.204	42.363	23.696	186	0	1	57	93	49
3229.787	5420.916	134009	33797	59868320	446.749	357.268	327.000	200	4022	244.036	185.273	24.735	12.574	5.263	12.413	240.791	182.387	24.153	184	114	1	116	188	49
0.313	2.998	13	13	3606	277.385	62.199	277.000	210	404	434.615	321.000	1.462	0.311	0.058	0.339	434.602	320.978	1.405	434	320	1	3	3	2
3426.526	4790.332	142172	30674	73436464	516.533	453.666	348.000	200	3695	220.350	387.287	30.896	11.133	4.201	11.012	216.599	390.576	30.765	181	311	1	97	156	49
4.338	25.212	180	137	55475	308.194	90.762	282.000	201	566	220.517	208.822	12.728	1.509	0.773	1.501	220.529	208.879	12.730	219	206	5	5	6	16
0.337	3.914	14	14	2962	211.571	10.316	206.500	201	234	228.286	467.286	6.643	0.400	0.168	0.336	228.283	467.276	6.639	227	467	5	3	2	4
529.167	932.392	21956	5580	7099952	323.372	152.630	286.000	200	2472	259.592	103.988	27.602	5.625	1.938	5.778	260.216	102.910	28.023	229	82	6	57	41	44
0.289	3.791	12	12	2861	238.417	34.713	234.500	202	299	183.750	197.000	7.833	0.405	0.212	0.394	183.748	197.003	7.821	183	196	6	2	3	5
0.723	6.612	30	27	6937	231.233	25.286	227.000	203	299	264.400	14.700	8.767	0.517	0.194	0.497	264.403	14.702	8.780	263	14	7	4	3	5
4.049	20.648	168	108	51367	305.756	94.971	279.500	200	626	279.506	65.804	10.708	1.002	0.308	0.963	279.593	65.908	10.703	276	63	7	7	7	8
0.337	3.650	14	14	2924	208.857	6.175	208.000	200	220	208.857	461.357	9.571	0.365	0.137	0.331	208.855	461.352	9.573	208	461	8	3	2	4
0.482	5.907	20	20	4348	217.400	19.129	207.000	201	265	225.500	510.450	10.750	0.576	0.338	0.501	225.512	510.477	10.799	225	509	8	3	3	7
0.627	6.365	26	24	6148	236.462	27.764	232.500	201	299	261.231	1.115	11.654	0.574	0.257	0.566	261.239	1.119	11.681	260	0	9	3	3	6
1.663	11.673	69	54	17050	247.101	42.070	234.000	200	347	238.464	457.986	11.942	0.735	0.276	0.658	238.474	457.955	11.959	237	456	9	4	5	7
1.856	15.267	77	77	19042	247.299	35.988	240.000	201	347	233.636	510.597	16.117	1.173	0.693	1.138	233.641	510.624	16.199	232	510	9	5	2	15
4.652	31.508	193	152	46350	240.155	35.329	230.000	200	351	225.104	503.021	15.083	1.217	0.535	1.109	225.072	503.172	15.111	223	495	10	6	13	12
0.337	3.720	14	14	2994	213.857	9.631	212.000	201	228	262.500	11.286	12.429	0.397	0.165	0.311	262.498	11.291	12.427	262	10	11	2	3	4
0.892	8.340	37	33	8212	221.946	19.792	214.000	200	260	257.243	20.189	14.622	0.631	0.303	0.571	257.259	20.211	14.658	256	19	11	4	4	8
0.506	5.395	21	18	5075	241.667	36.883	228.000	203	329	320.810	2.905	14.048	0.483	0.195	0.466	320.797	2.905	14.049	320	2	12	3	3	5
0.289	3.720	12	11	2697	224.750	29.499	212.500	201	289	313.167	7.000	13.167	0.396	0.147	0.385	313.165	6.993	13.166	312	6	12	3	3	4
0.578	5.519	24	23	5877	244.875	33.748	239.500	202	310	359.208	88.375	13.917	0.509	0.213	0.453	359.222	88.383	13.899	358	87	12	3	3	5
1.181	9.380	49	42	13426	274.000	59.079	263.000	200	423	211.061	92.673	15.367	0.702	0.307	0.668	211.025	92.661	15.346	210	91	12	3	4	8
255.208	559.346	10589	3532	4670304	441.052	262.047	350.000	200	2229	289.231	165.418	32.630	5.122	1.950	4.923	289.310	164.792	33.407	281	130	12	18	73	38
15.449	72.377	641	402	172781	269.549	69.176	250.000	200	568	284.938	271.574	21.162	1.862	0.879	1.642	285.177	271.689	21.115	279	265	12	12	13	21
3.374	20.611	140	102	36730	262.357	56.351	242.000	200	439	223.929	417.693	17.207	1.122	0.524	1.026	223.960	417.729	17.140	221	416	12	6	5	12
2.603	17.085	108	83	31410	290.833	67.476	275.500	200	464	394.750	2.472	17.704	0.913	0.383	0.826	394.800	2.484	17.703	392	0	13	6	6	10
0.699	6.207	29	24	7950	274.138	66.846	278.000	200	385	288.345	23.586	15.414	0.496	0.150	0.452	288.374	23.578	15.438	287	22	13	4	4	5
0.554	5.589	23	23	5227	227.261	20.242	223.000	200	272	262.609	29.087	15.043	0.516	0.259	0.471	262.625	29.090	15.047	262	28	13	2	3	6
3.471	21.317	144	110	33738	234.292	27.587	229.000	200	313	265.271	38.167	18.472	1.120	0.517	1.066	265.326	38.157	18.496	262	36	13	6	5	12
1.374	9.911	57	45	12565	220.439	15.510	219.000	200	252	321.018	90.000	15.404	0.618	0.148	0.601	321.003	90.014	15.397	319	88	13	5	5	5
24.125	120.232	1001	659	342739	342.397	189.667	272.000	200	1460	402.477	117.852	28.066	2.658	1.215	2.583	402.914	117.238	28.997	397	110	13	11	23	27
12.677	46.424	526	252	227927	433.321	224.576	357.000	200	1351	427.443	203.551	20.998	1.597	0.593	1.471	427.635	203.354	21.398	424	200	13	8	9	16
73.943	223.438	3068	1307	1463398	476.988	353.847	338.000	200	2277	283.102	304.321	24.508	3.320	1.345	3.130	283.416	303.319	24.297	274	285	13	18	40	31
79.558	330.589	3301	1852	1107282	335.438	144.428	287.000	200	1306	396.381	38.832	30.072	3.586	1.582	3.492	396.397	38.444	29.654	382	25	14	26	34	36
2.410	14.387	100	76	27367	273.670	57.604	256.500	201	427	271.280	42.110	17.450	0.867	0.341	0.780	271.274	42.120	17.470	270	40	14	4	5	9
0.578	5.007	24	24	5910	246.250	36.927	242.500	205	319	239.750	107.500	15.917	0.511	0.232	0.462	239.751	107.495	15.876	239	107	14	3	2	5
3.109	20.895	129	102	29030	225.039	19.661	222.000	200	289	329.233	186.341	16.837	0.940	0.329	0.965	329.219	186.351	16.835	326	181	14	6	10	7
0.844	7.424	35	33	7690	219.714	15.730	218.000	201	253	332.543	193.571	15.229	0.517	0.175	0.511	332.544	193.535	15.220	331	191	14	4	6	4
3.904	19.237	162	108	41750	257.716	53.172	237.000	200	441	251.920	19.679	18.963	1.008	0.345	0.981	251.911	19.723	19.030	250	17	15	5	6	10
0.434	4.496	18	18	4417	245.389	32.704	244.500	203	309	400.611	125.611	16.889	0.471	0.228	0.431	400.607	125.621	16.883	400	125	15	3	2	5
5.182	26.358	215	134	89898	418.130	215.763	335.000	200	1122	361.135	70.842	22.860	1.221	0.513	1.217	361.116	70.753	23.166	359	68	16	6	7	14
0.868	8.146	36	35	8147	226.306	21.021	223.000	200	280	302.917	83.500	17.722	0.545	0.196	0.539	302.937	83.516	17.720	301	82	16	5	4	5
0.627	6.612	26	24	5970	229.615	26.105	225.500	200	290	291.885	248.154	18.269	0.553	0.228	0.556	291.924	248.168	18.267	289	247	16	5	3	5
0.651	5.977	27	27	6384	236.444	29.846	231.000	202	305	418.481	359.074	18.407	0.551	0.263	0.564	418.491	359.056	18.422	418	358	16	2	3	6
245.978	666.044	10206	4062	2986934	292.665	96.942	261.000	200	1158	215.662	480.739	39.215	4.749	1.617	4.508	216.033	481.230	39.590	197	460	16	43	49	34
2.000	15.480	83	68	23166	279.108	72.442	257.000	200	491	393.506	9.566	21.313	0.971	0.509	0.801	393.563	9.446	21.173	390	7	17	6	6	11
0.265	3.473	11	11	2633	239.364	27.409	240.000	206	286	303.636	34.182	18.727	0.443	0.236	0.361	303.650	34.168	18.707	303	34	17	2	2	5
0.699	6.348	29	26	7234	249.448	39.038	236.000	201	332	410.414	139.241	18.966	0.523	0.190	0.463	410.431	139.250	18.936	409	138	17	4	3	5
0.916	7.846	38	34	9844	259.053	43.595	246.000	204	375	290.711	239.026	19.526	0.651	0.292	0.647	290.701	239.034	19.531	290	238	17	3	3	7
1.205	9.380	50	41	15681	313.620	95.714	279.500	202	544	323.320	276.820	19.680	0.696	0.282	0.664	323.324	276.798	19.651	322	275	17	4	4	7
1.157	10.209	48	45	10473	218.188	11.207	217.000	200	242	234.417	472.812	20.229	0.678	0.289	0.664	234.418	472.816	20.218	233	471	17	4	5	7
285.913	654.108	11863	3938	3291845	277.488	69.901	262.000	200	916	244.963	37.983	35.142	4.721	1.455	4.841	245.201	38.183	35.333	225	9	18	38	61	32
1.350	10.015	56	48	14027	250.482	41.107	243.000	201	372	270.679	50.304	20.911	0.660	0.254	0.607	270.715	50.267	20.911	269	49	18	4	4	7
0.362	4.179	15	15	3363	224.200	15.143	220.000	204	250	413.600	172.667	20.600	0.473	0.262	0.323	413.601	172.686	20.598	413	172	18	2	2	6
2.844	17.085	118	85	29967	253.958	40.944	248.500	200	358	288.237	230.805	21.975	0.932	0.353	0.881	288.193	230.818	21.990	286	229	18	6	5	9
0.554	5.201	23	23	5671	246.565	32.134	242.000	200	313	316.435	17.783	20.913	0.498	0.227	0.450	316.421	17.774	20.872	316	17	19	2	3	5
0.337	4.179	14	14	3277	234.071	30.310	223.000	201	302	397.000	22.214	21.000	0.417	0.198	0.436	396.997	22.202	20.989	396	22	19	3	2	5
3.013	18.549	125	90	34410	275.280	60.539	262.000	200	417	391.736	56.072	23.184	0.911	0.325	0.880	391.760	56.041	23.145	390	54	19	5	7	9
1.808	15.568	75	66	17841	237.880	26.662	236.000	200	294	413.480	143.240	26.213	1.068	0.603	0.935	413.469	143.217	26.231	412	142	19	4	4	13
41.044	156.552	1703	889	608234	357.154	179.804	295.000	200	1259	419.022	155.931	29.357	2.590	1.117	2.471	418.976	155.488	29.193	412	144	19	16	22	25
0.241	3.209	10	10	2127	212.700	9.068	211.000	200	231	301.700	164.400	21.300	0.403	0.234	0.329	301.706	164.392	21.302	301	164	19	2	2	5
0.482	5.589	20	20	4275	213.750	9.256	212.500	200	230	324.750	200.600	21.550	0.618	0.339	0.610	324.761	200.592	21.547	323	200	19	4	2	7
1.350	9.363	56	44	16561	295.732	86.522	265.500	200	486	213.554	204.304	21.357	0.667	0.220	0.652	213.530	204.306	21.430	212	203	19	4	4	6
0.964	8.216	40	32	9801	245.025	40.018	228.500	200	343	347.550	224.750	21.675	0.607	0.223	0.592	347.538	224.746	21.644	346	223	19	4	4	6
0.651	6.876	27	27	6328	234.370	24.548	239.000	200	282	308.593	273.741	21.630	0.619	0.270	0.637	308.574	273.770	21.601	308	271	19	2	5	6
6.941	31.349	288	168	96307	334.399	105.855	315.500	200	688	409.441	307.906	25.212	1.312	0.518	1.237	409.492	307.945	25.260	406	305	19	7	7	14
0.627	6.101	26	24	5879	226.115	25.683	217.000	201	284	388.923	73.000	22.231	0.523	0.219	0.477	388.904	73.006	22.230	388	72	20	3	3	6
6.001	31.349	249	159	87429	351.120	167.855	288.000	200	1112	418.988	185.582	27.598	1.349	0.598	1.218	418.762	185.676	27.845	416	183	20	7	6	15
0.892	8.885	37	37	12459	336.730	117.937	307.000	200	618	386.703	0.297	24.946	0.780	0.424	0.782	386.762	0.221	25.024	385	0	21	4	2	9
0.603	5.502	25	23	5229	209.160	6.236	208.000	200	223	211.560	39.080	22.680	0.464	0.158	0.446	211.567	39.075	22.674	210	38	21	4	3	4
0.313	3.791	13	13	2961	227.769	17.636	229.000	204	256	395.385	74.615	23.154	0.433	0.229	0.376	395.377	74.630	23.169	395	74	21	2	2	5
5.206	30.079	216	151	64742	299.731	94.404	271.500	200	629	395.426	101.875	26.852	1.269	0.539	1.200	395.421	101.882	27.164	393	99	21	7	7	13
0.506	5.589	21	19	4857	231.286	32.290	229.000	200	305	374.048	129.190	23.238	0.510	0.210	0.485	374.042	129.194	23.242	373	128	21	3	3	5
18.413	62.399	764	364	360396	471.723	317.853	346.500	200	1964	277.736	189.217	27.842	1.889	0.737	1.811	277.890	189.137	27.941	272	185	21	11	9	19
0.771	6.806	32	28	9139	285.594	67.617	270.500	203	457	419.844	226.844	23.656	0.542	0.226	0.502	419.832	226.828	23.666	419	226	21	3	3	6
0.578	5.378	24	24	5281	220.042	20.792	215.000	200	273	342.375	239.458	23.042	0.463	0.192	0.429	342.415	239.469	23.084	340	239	21	5	2	5
2.025	12.395	84	62	30134	358.738	145.601	317.000	200	773	318.667	253.524	24.583	0.792	0.308	0.726	318.696	253.549	24.542	317	252	21	4	4	8
0.530	5.466	22	22	5227	237.591	26.963	239.500	204	297	412.227	351.364	23.500	0.540	0.272	0.595	412.228	351.352	23.517	411	351	21	3	2	6
12.509	72.656	519	380	152866	294.539	83.553	270.000	200	659	386.933	16.200	31.233	2.075	1.032	1.860	386.952	16.278	31.457	383	10	22	9	13	23
0.337	3.403	14	14	3396	242.571	18.317	239.500	217	275	391.571	79.500	23.714	0.404	0.176	0.336	391.585	79.512	23.715	391	79	22	2	2	4
0.795	7.123	33	30	7968	241.455	32.672	238.000	200	320	395.091	92.818	24.758	0.551	0.217	0.531	395.086	92.807	24.760	394	92	22	4	3	6
0.578	5.907	24	24	5145	214.375	9.002	214.000	200	231	328.667	176.708	24.125	0.578	0.298	0.515	328.667	176.710	24.126	328	175	22	2	4	6
4.386	27.822	182	134	54568	299.824	90.548	273.000	201	616	427.170	251.027	30.302	1.153	0.549	1.074	427.159	251.159	30.511	424	247	22	7	9	15
0.313	3.597	13	13	2813	216.385	13.029	215.000	201	243	418.615	270.615	23.308	0.439	0.246	0.325	418.622	270.616	23.319	418	270	22	2	2	5
66.616	257.447	2764	1488	939935	340.063	140.704	294.000	200	995	417.480	260.411	41.323	3.929	1.686	3.852	417.776	260.016	41.432	401	238	22	32	42	28
0.651	5.907	27	26	6493	240.481	34.827	230.000	200	315	313.556	22.963	25.148	0.527	0.247	0.494	313.547	22.949	25.142	313	22	23	3	3	6
0.458	5.007	19	17	4273	224.895	24.223	219.000	201	281	267.211	47.000	24.632	0.467	0.187	0.389	267.214	46.998	24.634	266	46	23	3	3	5
0.530	5.907	22	22	4882	221.909	17.533	212.500	205	262	392.227	68.273	25.682	0.543	0.252	0.535	392.222	68.281	25.667	391	67	23	3	4	6
1.591	13.435	66	57	17112	259.273	47.508	252.000	201	392	316.955	166.576	27.909	1.203	0.540	1.223	316.932	166.536	27.800	316	165	23	3	5	11
4.603	30.750	191	150	54712	286.450	90.817	255.000	200	693	419.602	194.293	30.366	1.474	0.743	1.365	419.729	194.130	30.292	417	191	23	6	8	17
2.217	14.387	92	69	30324	329.609	118.291	291.500	200	700	303.239	344.043	26.522	0.885	0.360	0.775	303.199	344.017	26.442	301	342	23	5	5	9
0.434	4.372	18	18	4233	235.167	20.500	233.500	204	272	226.444	492.556	25.000	0.496	0.242	0.428	226.433	492.572	24.988	226	492	23	2	2	5
9.737	42.069	404	242	162480	402.178	189.728	344.000	200	1127	234.767	3.787	29.894	1.450	0.531	1.363	234.763	3.761	29.966	232	0	24	7	10	14
1.759	13.665	73	64	18419	252.315	49.091	238.000	200	404	410.671	162.219	26.630	0.787	0.292	0.760	410.735	162.159	26.611	407	161	24	7	5	7
5.326	31.950	221	164	49475	223.869	20.285	218.000	200	292	336.009	162.946	30.425	1.387	0.733	1.233	336.074	162.920	30.448	330	159	24	10	7	17
0.241	3.085	10	10	2513	251.300	34.140	247.000	210	300	432.400	224.200	25.500	0.394	0.179	0.296	432.396	224.169	25.515	432	224	24	2	2	4
0.241	3.015	10	10	2150	215.000	8.551	213.500	204	232	266.500	312.400	25.700	0.357	0.170	0.316	266.495	312.387	25.693	266	312	24	2	2	4
2.844	20.735	118	94	31013	262.822	55.574	246.500	200	438	409.305	318.737	28.958	1.115	0.515	1.122	409.292	318.703	28.973	407	316	24	6	7	12
2.555	17.032	106	79	36328	342.717	134.243	296.500	201	750	259.226	474.330	28.689	1.001	0.507	0.937	259.227	474.278	28.558	257	472	24	5	5	13
0.482	5.378	20	20	4360	218.000	11.323	216.500	200	240	403.900	82.500	26.550	0.440	0.162	0.422	403.908	82.487	26.548	402	81	25	4	4	4
0.530	5.131	22	20	5632	256.000	48.854	250.000	200	349	354.318	223.773	27.364	0.476	0.184	0.408	354.332	223.767	27.377	353	223	25	3	3	5
0.337	3.985	14	14	3197	228.357	21.125	221.500	203	269	245.643	256.643	27.000	0.460	0.245	0.431	245.650	256.661	27.000	245	256	25	2	2	5
3.760	18.956	156	98	35885	230.032	21.611	225.000	200	283	265.603	320.071	28.321	0.927	0.261	0.877	265.623	320.066	28.320	262	318	25	8	5	8
3.977	20.224	165	107	68062	412.497	202.898	337.000	201	1131	380.352	3.691	29.745	1.036	0.356	0.988	380.409	3.741	29.795	378	1	26	6	6	9
0.675	6.224	28	27	6804	243.000	32.492	236.500	200	306	264.607	70.107	28.607	0.525	0.222	0.553	264.606	70.126	28.593	264	69	26	3	4	6
0.241	3.209	10	10	2273	227.300	21.741	219.000	203	267	363.000	77.200	27.500	0.341	0.137	0.320	362.994	77.193	27.504	362	77	26	3	2	4
1.253	9.169	52	42	13426	258.192	48.739	241.500	203	392	316.846	209.885	28.712	0.621	0.210	0.586	316.857	209.854	28.709	316	208	26	3	5	6
0.747	6.876	31	29	7663	247.194	37.370	236.000	202	330	302.613	215.935	28.581	0.595	0.281	0.608	302.601	215.913	28.599	302	215	26	3	3	7
2.434	14.317	101	71	31084	307.762	100.392	276.000	200	611	276.505	327.960	29.307	0.852	0.304	0.801	276.556	328.022	29.353	275	326	26	4	5	8
6.387	39.987	265	209	71582	270.121	61.214	253.000	200	503	404.336	72.091	34.215	1.707	0.999	1.496	404.330	72.169	34.316	401	68	27	7	8	20
1.036	9.363	43	39	10546	245.256	44.875	233.000	200	381	406.047	136.558	31.093	0.689	0.354	0.567	406.055	136.628	31.178	405	134	27	3	5	8
0.241	3.015	10	10	2262	226.200	17.358	222.500	203	258	368.600	155.300	28.700	0.355	0.166	0.310	368.607	155.282	28.713	368	155	27	2	2	4
0.313	3.403	13	13	3104	238.769	24.702	233.000	200	280	395.538	170.385	28.385	0.394	0.174	0.307	395.521	170.349	28.394	395	170	27	2	2	4
7.592	41.719	315	220	70091	222.511	19.242	219.000	200	311	334.505	226.159	33.435	1.338	0.441	1.392	334.549	226.169	33.412	329	222	27	13	8	12
3.157	22.427	131	109	35140	268.244	53.303	255.000	200	468	407.489	301.130	34.321	1.256	0.636	1.178	407.458	301.054	34.444	405	298	27	7	7	15
0.819	7.194	34	31	7774	228.647	25.039	223.000	200	290	214.912	459.941	29.353	0.600	0.257	0.590	214.910	459.940	29.386	214	459	27	3	3	6
0.699	6.294	29	27	7674	264.621	56.134	247.000	200	394	377.379	261.069	30.069	0.549	0.240	0.486	377.383	261.055	30.019	376	260	28	3	3	6
1.880	12.077	78	65	26898	344.846	123.653	304.000	202	684	409.603	282.923	31.321	0.798	0.339	0.714	409.590	282.935	31.346	408	281	28	4	4	8
1.012	8.023	42	36	12960	308.571	86.038	293.500	201	526	293.952	10.857	31.929	0.595	0.240	0.512	293.904	10.811	31.950	293	9	29	3	4	7
0.241	3.085	10	10	2187	218.700	17.777	210.500	200	243	381.800	15.600	30.500	0.394	0.179	0.296	381.816	15.598	30.496	381	15	29	2	2	4
0.482	5.131	20	18	4694	234.700	33.160	227.000	200	302	257.200	70.100	30.750	0.456	0.173	0.419	257.225	70.096	30.723	256	69	29	3	3	5
0.771	6.806	32	28	8481	265.031	51.980	253.500	203	389	405.156	89.844	31.656	0.542	0.226	0.502	405.177	89.815	31.682	404	89	29	3	3	6
1.663	11.673	69	55	17786	257.768	40.009	253.000	200	343	420.290	176.652	32.145	0.731	0.273	0.679	420.306	176.628	32.155	418	175	29	5	5	7
0.795	8.233	33	33	7204	218.303	14.762	213.000	201	260	331.545	196.545	34.455	0.870	0.511	0.716	331.536	196.545	34.453	331	195	29	2	4	10
0.916	7.688	38	32	9232	242.947	36.544	233.000	200	329	315.842	240.605	30.868	0.572	0.196	0.530	315.841	240.597	30.914	314	239	29	4	4	5
0.723	6.542	30	26	7425	247.500	37.059	243.000	200	325	416.833	252.267	30.933	0.532	0.209	0.491	416.816	252.282	30.914	416	251	29	3	4	5
0.578	5.007	24	24	5966	248.583	34.791	248.000	200	319	269.500	271.917	31.167	0.483	0.208	0.456	269.499	271.931	31.196	269	271	29	2	3	5
1.904	19.765	79	74	16914	214.101	11.197	211.000	200	248	280.481	284.380	36.076	1.173	0.548	1.175	280.454	284.321	36.064	278	279	29	5	11	12
7.013	49.017	291	250	66201	227.495	21.558	222.000	200	296	240.134	484.749	42.021	2.273	1.104	2.188	240.128	484.820	42.143	238	478	29	6	17	21
2.266	13.772	94	66	23724	252.383	40.995	242.000	201	356	300.585	69.340	32.915	0.752	0.204	0.730	300.637	69.425	32.931	299	66	30	5	7	7
4.145	25.585	172	132	41950	243.895	35.316	234.500	200	367	256.471	77.430	33.849	1.011	0.330	1.031	256.452	77.361	33.881	254	73	30	7	10	9
0.362	3.914	15	15	3636	242.400	33.549	236.000	204	311	377.333	139.400	32.000	0.406	0.192	0.426	377.314	139.399	32.002	376	139	30	3	2	5
5.182	27.294	215	137	72594	337.647	134.385	293.000	200	793	413.572	170.451	35.112	1.164	0.448	1.096	413.409	170.370	35.159	411	168	30	8	6	12
0.289	3.209	12	12	2568	214.000	11.537	208.000	203	235	308.333	241.500	31.500	0.378	0.168	0.284	308.319	241.495	31.511	308	241	30	2	2	4
0.410	4.884	17	16	3912	230.118	29.608	226.000	200	291	406.824	296.059	31.529	0.480	0.209	0.467	406.817	296.063	31.539	406	295	30	3	3	5
0.771	6.488	32	29	8700	271.875	55.213	266.000	201	403	332.656	310.062	32.781	0.569	0.233	0.550	332.641	310.073	32.770	332	309	30	3	3	6
2.241	13.612	93	66	33126	356.194	149.754	309.000	201	796	256.108	468.505	33.516	0.840	0.317	0.751	256.140	468.482	33.546	254	467	30	5	4	8
0.265	3.209	11	11	2352	213.818	11.763	211.000	201	235	396.455	173.636	32.182	0.368	0.173	0.358	396.447	173.649	32.187	396	173	31	2	2	4
0.337	3.914	14	14	2971	212.214	11.095	209.500	200	236	321.071	241.286	32.357	0.400	0.170	0.335	321.057	241.277	32.384	320	241	31	3	2	4
0.940	8.093	39	33	10284	263.692	51.478	261.000	200	386	414.538	244.026	33.590	0.632	0.246	0.621	414.551	244.040	33.611	413	243	31	4	3	6
0.386	4.496	16	16	3578	223.625	16.004	224.000	201	249	410.250	246.812	32.625	0.464	0.216	0.378	410.240	246.805	32.602	410	246	31	2	3	5
0.506	5.201	21	19	4620	220.000	14.670	219.000	200	248	303.762	278.143	33.381	0.485	0.193	0.393	303.751	278.146	33.387	303	277	31	3	3	5
0.410	4.232	17	17	4047	238.059	34.390	223.000	204	314	404.941	290.471	32.471	0.410	0.162	0.342	404.939	290.442	32.486	404	290	31	3	2	4
0.627	6.753	26	26	5873	225.885	16.532	230.000	201	251	289.769	295.885	34.769	0.700	0.403	0.627	289.769	295.878	34.785	289	295	31	3	3	8
3.832	22.146	159	112	48987	308.094	87.175	285.000	200	546	403.327	327.164	35.289	1.112	0.475	1.035	403.353	327.175	35.239	401	324	31	6	7	11
0.386	3.985	16	16	3886	242.875	20.678	242.000	201	277	406.500	355.500	33.250	0.453	0.217	0.430	406.487	355.522	33.276	406	355	31	2	2	5
3.398	18.442	141	100	63312	449.021	238.052	373.000	200	1220	269.333	420.163	34.950	1.034	0.430	0.930	269.322	420.198	34.982	267	418	31	5	5	10
0.265	3.403	11	11	2489	226.273	23.307	217.000	203	268	261.000	478.273	32.636	0.363	0.152	0.307	260.994	478.269	32.630	260	478	31	3	2	4
0.868	7.581	36	32	9846	273.500	65.029	254.000	200	416	293.417	483.972	34.028	0.627	0.266	0.507	293.432	483.929	34.018	292	483	31	4	3	7
0.988	8.023	41	34	12615	307.683	91.401	289.000	201	538	320.000	7.610	34.195	0.614	0.237	0.550	319.988	7.605	34.246	319	6	32	3	4	6
0.530	5.131	22	20	5108	232.182	29.247	222.500	200	298	269.318	60.227	33.636	0.476	0.184	0.408	269.324	60.225	33.635	268	59	32	3	3	5
0.554	5.325	23	22	5576	242.435	35.084	234.000	203	317	402.826	60.304	34.130	0.481	0.195	0.452	402.815	60.310	34.129	402	59	32	3	3	5
0.241	2.627	10	10	2222	222.200	16.410	218.000	203	250	358.500	124.400	33.200	0.320	0.121	0.350	358.498	124.379	33.197	358	124	32	2	2	3
0.458	4.937	19	17	4573	240.684	34.591	233.000	201	325	377.053	145.789	33.895	0.431	0.162	0.434	377.054	145.788	33.879	376	145	32	3	3	5
0.554	5.325	23	21	6010	261.304	50.619	246.000	202	378	358.304	155.913	34.174	0.466	0.180	0.430	358.318	155.899	34.190	357	155	32	3	3	5
1.301	9.751	54	42	12786	236.778	32.570	229.000	200	322	323.167	173.426	34.278	0.655	0.226	0.624	323.149	173.438	34.326	321	172	32	5	4	6
0.506	5.131	21	19	4843	230.619	25.991	221.000	202	288	352.190	250.905	33.667	0.449	0.149	0.395	352.204	250.893	33.653	351	250	32	3	3	4
0.771	6.542	32	32	7663	239.469	25.174	236.500	206	298	325.500	255.344	33.812	0.525	0.209	0.497	325.515	255.315	33.818	325	254	32	2	5	5
0.603	5.977	25	25	5593	223.720	17.539	215.000	200	258	320.640	258.280	33.920	0.508	0.218	0.466	320.636	258.272	33.921	320	257	32	3	3	5
0.410	4.232	17	17	3694	217.294	14.974	212.000	200	247	296.824	270.588	33.471	0.409	0.160	0.360	296.818	270.592	33.468	296	270	32	3	2	4
1.277	9.310	53	44	13509	254.887	47.245	245.000	201	395	256.057	399.340	34.981	0.666	0.269	0.571	256.078	399.296	34.995	255	398	32	3	4	7
1.518	11.973	63	54	15915	252.619	41.914	244.000	201	389	274.127	439.492	34.444	0.683	0.237	0.687	274.110	439.400	34.422	273	437	32	4	7	6
0.723	6.682	30	26	8112	270.400	55.524	256.000	203	411	316.767	134.100	35.667	0.551	0.233	0.562	316.770	134.104	35.649	316	133	33	3	3	6
0.964	7.688	40	35	9621	240.525	35.227	226.500	201	334	343.800	138.025	35.525	0.558	0.194	0.549	343.800	138.030	35.535	342	137	33	5	3	6
1.085	8.023	45	39	14490	322.000	98.177	303.000	209	606	320.000	277.200	35.111	0.610	0.232	0.538	320.009	277.215	35.133	319	276	33	3	4	6
0.651	7.494	27	27	5552	205.630	7.099	202.000	200	227	331.222	329.000	35.815	0.600	0.318	0.538	331.220	329.023	35.833	330	326	33	3	6	6
0.747	6.488	31	29	8045	259.516	49.725	251.000	200	376	253.097	499.387	35.226	0.576	0.254	0.550	253.107	499.397	35.192	252	498	33	3	3	6
1.277	9.697	53	44	17366	327.660	105.888	297.000	202	619	304.151	508.132	36.019	0.688	0.281	0.582	304.154	508.161	36.014	303	507	33	4	4	7
0.868	7.317	36	30	9326	259.056	51.844	243.500	201	374	267.472	40.917	36.722	0.581	0.219	0.562	267.473	40.880	36.728	266	40	34	4	3	6
0.627	5.713	26	25	6409	246.500	33.116	240.000	200	311	404.077	64.538	36.269	0.517	0.226	0.508	404.112	64.531	36.313	403	64	34	3	3	6
0.386	4.496	16	14	3820	238.750	30.741	235.000	204	309	267.062	73.062	35.500	0.445	0.155	0.329	267.054	73.062	35.486	266	72	34	3	3	4
0.892	7.511	37	32	10393	280.892	70.558	243.000	202	422	313.324	126.189	36.649	0.601	0.242	0.579	313.359	126.227	36.654	312	125	34	4	3	6
0.988	8.093	41	36	10182	248.341	42.729	240.000	201	377	285.122	128.024	36.951	0.617	0.282	0.512	285.129	128.031	36.952	284	127	34	3	3	7
0.410	4.038	17	17	3957	232.765	23.682	227.000	208	277	405.529	163.059	35.412	0.392	0.148	0.348	405.530	163.066	35.432	405	162	34	2	3	4
0.651	5.960	27	24	6478	239.926	31.933	232.000	202	324	410.148	255.963	35.741	0.478	0.172	0.419	410.155	255.955	35.752	409	255	34	3	3	5
0.434	4.496	18	18	4275	237.500	24.310	237.500	203	280	257.278	461.389	35.667	0.467	0.212	0.445	257.283	461.392	35.617	256	461	34	3	2	5
0.458	4.232	19	19	4735	249.211	39.122	245.000	201	322	390.158	23.526	36.579	0.418	0.159	0.356	390.171	23.537	36.573	389	23	35	3	2	4
10.990	41.611	456	241	206376	452.579	249.492	375.500	200	1365	403.105	104.395	42.162	1.596	0.639	1.487	402.963	104.330	42.891	400	101	35	8	8	15
27.090	84.360	1124	531	556034	494.692	307.821	383.000	200	1798	406.067	140.263	44.300	1.947	0.545	1.935	406.041	140.648	44.893	402	132	35	11	18	15
0.940	7.705	39	35	10280	263.590	52.451	251.000	202	413	392.846	149.949	37.974	0.599	0.267	0.507	392.825	149.947	37.986	392	149	35	3	3	7
52.420	165.324	2175	962	525718	241.709	80.472	224.000	200	1099	269.476	173.664	41.585	2.280	0.587	2.358	269.498	174.024	41.971	259	162	35	22	23	15
3.687	23.239	153	110	51802	338.575	147.704	274.000	200	802	413.020	176.712	40.052	1.276	0.666	1.158	413.207	176.989	39.822	409	172	35	7	9	13
0.362	3.844	15	15	3404	226.933	24.743	220.000	200	270	360.933	255.467	36.533	0.379	0.145	0.339	360.933	255.475	36.539	360	255	35	3	2	4
0.362	3.985	15	15	3191	212.733	8.623	213.000	201	228	309.400	257.600	37.067	0.458	0.237	0.421	309.390	257.609	37.071	309	257	35	2	2	5
0.434	5.007	18	18	3748	208.222	7.042	207.000	201	223	303.000	273.944	37.000	0.495	0.279	0.463	303.000	273.951	36.996	302	273	35	3	3	6
1.229	11.709	51	50	10714	210.078	8.939	209.000	200	231	311.569	291.667	37.412	0.743	0.251	0.737	311.568	291.655	37.424	309	289	35	6	6	6
13.376	53.040	555	307	196819	354.629	163.172	292.000	200	1038	406.422	307.685	43.620	1.720	0.661	1.653	406.657	307.680	43.667	401	303	35	11	12	15
1.350	10.332	56	52	14591	260.554	44.362	250.000	201	366	275.607	333.375	38.554	0.789	0.379	0.705	275.589	333.414	38.590	274	331	35	4	5	8
1.711	12.077	71	56	24491	344.944	128.294	305.000	200	727	294.141	384.366	37.915	0.806	0.347	0.809	294.127	384.333	37.870	293	383	35	4	4	8
0.241	3.209	10	10	2218	221.800	19.927	218.000	201	259	211.800	43.000	37.500	0.341	0.137	0.320	211.803	43.005	37.502	211	42	36	2	3	4
0.289	2.821	12	12	2717	226.417	8.469	223.500	217	241	385.500	45.500	37.000	0.344	0.124	0.428	385.501	45.504	36.994	385	45	36	2	2	3
9.424	36.232	391	200	280890	718.389	583.190	467.000	200	2899	434.138	165.128	42.412	1.465	0.555	1.460	434.141	165.123	42.826	431	162	36	7	7	14
5.399	28.934	224	157	87525	390.737	194.750	319.500	200	1149	409.397	188.719	44.058	1.523	0.777	1.477	409.326	188.533	44.660	407	185	36	6	9	14
1.060	8.604	44	37	10284	233.727	32.629	224.000	200	321	311.523	296.795	38.841	0.643	0.266	0.558	311.516	296.811	38.865	310	296	36	4	3	7
0.410	4.355	17	16	4029	237.000	34.176	224.000	201	308	338.647	350.235	37.412	0.422	0.156	0.367	338.639	350.215	37.377	338	349	36	3	3	4
49.625	99.600	2059	648	1010000	490.529	206.886	458.000	200	951	300.440	492.909	43.035	2.253	0.378	2.273	300.356	492.898	43.404	292	487	36	18	14	14
1.085	8.216	45	37	12850	285.556	66.345	267.000	204	454	286.600	122.111	39.267	0.621	0.231	0.585	286.575	122.101	39.302	285	121	37	4	3	6
0.603	5.519	25	22	6445	257.800	47.636	240.000	208	363	389.320	129.000	39.000	0.477	0.179	0.469	389.339	128.996	39.022	388	128	37	3	3	5
0.458	4.814	19	17	4411	232.158	29.624	231.000	200	300	314.211	175.263	39.211	0.454	0.180	0.435	314.212	175.263	39.190	313	174	37	3	3	5
8.990	39.957	373	230	114968	308.225	98.517	277.000	200	610	255.434	489.021	44.815	1.445	0.562	1.401	255.830	489.077	45.147	249	486	37	14	7	13
0.578	5.201	24	24	6077	253.208	38.656	236.000	201	339	262.500	509.000	38.833	0.483	0.209	0.450	262.512	508.998	38.851	262	508	37	2	3	5
2.964	16.573	123	88	50535	410.854	185.628	349.000	200	944	395.577	23.073	42.187	0.946	0.386	0.874	395.562	23.085	42.249	394	21	38	4	5	10
0.289	3.650	12	12	2480	206.667	6.199	204.500	200	218	224.583	54.833	39.417	0.371	0.146	0.332	224.582	54.835	39.420	224	54	38	3	3	4
9.351	40.096	388	229	164031	422.760	217.393	360.500	200	1259	401.688	53.675	44.327	1.438	0.532	1.378	401.659	53.850	44.569	399	48	38	7	11	12
0.265	3.527	11	10	2382	216.545	16.789	209.000	203	251	317.091	256.000	39.545	0.357	0.125	0.317	317.086	256.001	39.558	316	255	38	3	3	4
1.374	12.342	57	57	12587	220.825	16.192	216.000	200	254	247.684	466.877	43.807	1.267	0.589	1.267	247.682	466.865	43.918	246	465	38	4	4	12
1.350	12.201	56	49	13035	232.768	24.136	227.000	201	301	245.304	486.911	42.964	1.052	0.519	0.994	245.299	486.919	42.959	243	485	38	6	5	10
0.844	7.388	35	30	8673	247.800	37.684	244.000	200	333	273.943	68.429	41.086	0.609	0.249	0.514	273.945	68.434	41.070	273	67	39	3	4	6
0.458	4.884	19	19	4340	228.421	23.592	225.000	200	278	258.632	84.000	41.158	0.477	0.224	0.441	258.632	84.003	41.182	258	83	39	2	3	5
0.434	4.426	18	18	3869	214.944	12.986	210.500	200	240	275.000	142.444	40.889	0.412	0.179	0.441	274.999	142.448	40.894	274	142	39	3	2	5
0.265	3.403	11	11	2522	229.273	27.470	224.000	202	281	353.727	249.000	40.636	0.363	0.152	0.307	353.734	249.002	40.641	353	248	39	2	3	4
0.362	3.914	15	15	3113	207.533	4.912	209.000	200	216	305.467	289.533	41.067	0.418	0.197	0.409	305.464	289.533	41.064	304	289	39	3	2	5
0.964	7.388	40	37	11999	299.975	74.698	284.500	200	496	291.125	394.725	41.425	0.630	0.266	0.626	291.126	394.697	41.358	290	394	39	3	3	6
0.940	7.564	39	33	10997	281.974	71.886	256.000	203	421	274.308	420.256	40.949	0.583	0.210	0.521	274.334	420.290	40.925	273	419	39	4	4	6
2.000	13.435	83	65	29321	353.265	142.274	312.000	202	808	236.988	7.723	43.892	0.859	0.365	0.840	237.005	7.777	44.058	235	6	40	5	4	9
4.652	26.678	193	145	72202	374.104	163.846	316.000	200	911	407.135	90.259	45.466	1.163	0.434	1.132	407.191	90.310	45.652	404	87	40	9	7	10
0.289	3.403	12	12	2595	216.250	8.313	214.000	204	229	320.667	194.500	41.833	0.399	0.216	0.372	320.674	194.499	41.836	320	194	40	2	2	5
2.025	13.595	84	62	23833	283.726	69.654	269.500	200	461	419.786	215.917	43.262	0.762	0.272	0.724	419.810	215.884	43.326	418	214	40	5	5	8
2.916	18.037	121	96	30069	248.504	42.631	233.000	200	377	309.231	354.116	45.653	0.981	0.390	0.967	309.171	354.119	45.645	307	352	40	6	5	10
0.337	3.985	14	14	3112	222.286	14.172	218.000	206	250	243.643	416.357	42.286	0.458	0.269	0.346	243.657	416.345	42.267	243	416	40	2	2	6
0.434	4.620	18	18	4257	236.500	34.447	220.000	201	309	257.611	60.056	42.833	0.428	0.194	0.421	257.614	60.059	42.852	257	59	41	2	3	5
0.362	3.597	15	15	3481	232.067	20.218	231.000	205	266	300.467	125.467	42.400	0.423	0.179	0.300	300.440	125.462	42.398	300	125	41	2	2	4
6.074	31.651	252	170	64285	255.099	51.485	238.500	200	453	294.742	329.730	45.119	1.167	0.349	1.178	294.771	329.645	45.282	291	326	41	11	11	9
1.374	10.279	57	49	14227	249.596	42.420	242.000	200	367	323.211	350.912	44.088	0.733	0.317	0.771	323.230	350.925	44.085	322	349	41	4	4	8
0.362	3.985	15	15	3562	237.467	28.051	236.000	202	289	384.400	369.600	42.933	0.458	0.237	0.421	384.387	369.631	42.914	384	369	41	2	2	5
0.723	7.371	30	28	7012	233.733	29.840	231.500	200	314	229.100	508.333	43.833	0.611	0.287	0.545	229.177	508.317	43.760	226	507	41	6	4	6
0.434	5.007	18	15	4586	254.778	40.193	240.500	201	353	237.944	3.056	44.000	0.439	0.168	0.455	237.957	3.053	44.026	237	2	42	3	3	5
1.494	10.403	62	51	18954	305.710	93.143	280.500	201	570	234.258	29.129	44.710	0.720	0.282	0.665	234.255	29.133	44.761	233	28	42	4	4	7
0.386	3.844	16	16	4010	250.625	42.104	231.000	210	324	313.000	42.500	43.500	0.377	0.139	0.340	312.994	42.506	43.506	312	42	42	3	2	4
3.109	17.562	129	93	39961	309.775	102.022	286.000	200	615	403.930	116.341	45.791	0.917	0.329	0.872	403.877	116.475	46.057	402	113	42	5	7	8
0.988	7.899	41	34	13098	319.463	91.289	313.000	211	533	294.854	140.341	44.561	0.613	0.236	0.633	294.854	140.370	44.618	294	139	42	3	4	6
0.627	5.642	26	24	6279	241.500	25.797	238.000	200	297	331.846	148.038	44.192	0.490	0.195	0.453	331.845	148.030	44.193	331	147	42	3	3	5
7.399	29.555	307	177	121786	396.697	246.315	311.000	200	1689	410.362	157.208	46.182	1.156	0.241	1.154	410.323	157.473	46.765	406	153	42	9	10	8
3.230	19.009	134	102	35547	265.276	48.424	253.500	200	422	390.970	332.612	46.619	0.946	0.345	0.952	391.006	332.666	46.637	388	329	42	7	9	8
0.313	3.403	13	13	2768	212.923	8.770	209.000	200	225	319.385	340.538	43.615	0.394	0.174	0.307	319.384	340.547	43.617	319	340	42	2	2	4
0.386	4.232	16	15	3867	241.688	30.384	236.000	205	309	365.250	424.125	43.625	0.411	0.150	0.345	365.252	424.125	43.614	364	423	42	3	3	4
2.241	13.224	93	70	39238	421.914	214.165	337.000	201	1068	358.785	207.355	46.301	0.810	0.283	0.774	358.819	207.287	46.632	357	206	43	5	4	7
0.578	5.519	24	21	6086	253.583	39.965	248.500	202	361	389.917	215.292	45.208	0.473	0.177	0.446	389.911	215.283	45.190	389	214	43	3	3	5
4.459	21.673	185	121	77311	417.897	203.329	356.000	200	1008	421.357	228.541	46.822	0.991	0.253	0.959	421.474	228.574	47.175	417	224	43	8	9	7
1.350	10.773	56	49	13401	239.304	31.032	233.500	201	333	312.196	260.554	45.946	0.751	0.343	0.697	312.207	260.547	45.920	310	259	43	5	4	7
0.313	3.791	13	13	2979	229.154	23.144	224.000	200	275	279.231	348.000	44.154	0.389	0.164	0.417	279.218	347.988	44.188	279	347	43	2	3	4
1.976	11.813	82	64	30512	372.098	143.796	338.000	206	726	399.378	369.232	46.122	0.789	0.292	0.810	399.400	369.265	46.231	398	368	43	4	4	7
3.181	15.958	132	92	34985	265.038	47.766	257.000	200	382	226.750	458.250	46.212	0.896	0.259	0.879	226.759	458.272	46.222	224	456	43	6	5	7
0.578	5.325	24	22	6346	264.417	47.200	261.500	202	357	253.292	495.167	44.667	0.480	0.178	0.421	253.312	495.202	44.651	252	494	43	3	3	5
1.326	8.975	55	47	20995	381.727	147.327	342.000	204	770	407.364	124.091	47.218	0.634	0.214	0.584	407.314	124.077	47.396	406	123	44	4	4	6
6.170	32.979	256	193	89339	348.980	171.876	283.500	200	1079	411.645	216.105	47.352	1.310	0.585	1.213	411.553	215.766	47.606	405	211	44	13	17	6
1.615	9.874	67	54	24718	368.925	151.068	323.000	200	797	396.448	268.209	47.045	0.677	0.208	0.614	396.367	268.165	47.236	395	267	44	4	4	6
0.458	4.426	19	19	4625	243.421	33.262	244.000	204	305	306.526	322.421	45.474	0.436	0.165	0.425	306.526	322.400	45.479	306	321	44	2	4	4
2.410	13.544	100	75	24916	249.160	36.624	243.000	200	342	268.800	380.310	47.350	0.767	0.184	0.737	268.827	380.283	47.431	266	378	44	6	6	6
1.277	8.851	53	46	14960	282.264	62.700	276.000	201	437	255.679	383.981	47.094	0.642	0.232	0.593	255.761	384.014	47.205	254	383	44	4	4	6
0.651	6.294	27	25	6807	252.111	49.336	233.000	202	381	293.259	386.815	46.148	0.555	0.244	0.486	293.248	386.812	46.144	292	386	44	3	3	6
0.265	3.597	11	11	2451	222.818	23.937	221.000	200	267	383.909	387.273	45.909	0.403	0.222	0.399	383.918	387.277	45.918	383	387	44	3	2	5
3.543	21.161	147	117	42272	287.565	81.055	263.000	200	583	380.020	390.565	47.143	1.007	0.418	0.946	380.378	390.725	47.063	372	387	44	13	7	6
0.337	4.108	14	14	3352	239.429	30.404	230.500	200	300	276.357	405.786	45.857	0.426	0.219	0.386	276.348	405.808	45.880	276	405	44	2	3	5
1.880	10.827	78	64	29490	378.077	145.014	364.500	206	715	366.333	428.423	46.987	0.723	0.231	0.683	366.347	428.466	47.210	365	426	44	4	5	6
1.398	11.779	58	53	15894	274.034	59.987	253.000	201	437	391.621	471.276	47.483	0.724	0.244	0.702	391.597	471.302	47.547	388	470	44	7	4	6
2.482	13.912	103	74	31980	310.485	93.497	284.000	200	547	252.689	480.417	46.748	0.809	0.226	0.824	252.702	480.388	46.996	250	479	44	6	5	6
1.060	7.688	44	35	13609	309.295	105.413	274.000	203	561	308.591	183.545	47.614	0.568	0.140	0.567	308.629	183.572	47.733	307	182	45	4	4	5
0.434	4.814	18	17	4160	231.111	33.758	216.000	200	306	373.722	247.778	46.611	0.452	0.200	0.392	373.734	247.779	46.612	373	247	45	3	3	5
0.747	6.418	31	28	7897	254.742	42.514	240.000	200	351	271.387	260.032	47.290	0.550	0.198	0.546	271.385	260.040	47.314	270	259	45	4	3	5
0.819	6.736	34	31	10253	301.559	76.591	286.500	206	503	310.853	286.941	47.147	0.540	0.205	0.497	310.835	286.918	47.199	310	286	45	3	3	5
0.940	6.542	39	36	15530	398.205	143.240	369.000	202	775	286.026	502.974	47.308	0.550	0.193	0.567	286.013	502.924	47.546	285	502	45	3	3	5
0.482	5.007	20	18	5095	254.750	45.006	250.000	203	360	390.900	38.800	47.500	0.457	0.153	0.357	390.912	38.812	47.546	390	38	46	3	3	4
0.386	3.597	16	16	4266	266.625	29.003	265.000	217	322	390.500	279.500	47.500	0.437	0.180	0.437	390.519	279.526	47.479	390	279	46	2	2	4
0.795	5.766	33	31	8924	270.424	54.823	256.000	200	412	308.030	363.030	47.636	0.494	0.148	0.439	308.020	363.067	47.716	307	362	46	3	3	4
0.554	5.432	23	23	4826	209.826	7.884	209.000	200	224	302.609	365.696	47.739	0.498	0.200	0.520	302.598	365.692	47.737	301	365	46	5	3	4
1.326	8.430	55	45	16908	307.418	104.110	275.000	200	638	333.891	365.436	47.873	0.577	0.111	0.567	333.862	365.389	48.054	332	364	46	5	4	4
0.289	3.209	12	12	2744	228.667	14.957	229.500	205	247	236.500	502.333	47.833	0.408	0.198	0.418	236.496	502.335	47.892	236	502	46	2	2	4
4.073	22.067	169	141	51786	306.426	113.702	263.000	201	749	376.077	502.947	48.195	1.026	0.425	1.035	376.532	502.885	48.280	368	499	46	14	8	4
0.675	6.719	28	28	6703	239.393	32.420	234.000	202	325	406.036	174.393	48.214	0.558	0.190	0.594	406.031	174.413	48.268	405	171	47	3	7	3
0.337	3.456	14	14	3544	253.143	46.215	251.000	200	335	349.143	198.500	48.214	0.356	0.120	0.363	349.179	198.494	48.298	348	198	47	3	2	3
0.265	3.139	11	11	2633	239.364	22.317	244.000	200	270	382.545	264.273	48.000	0.329	0.123	0.412	382.582	264.283	48.007	382	263	47	2	3	3
0.241	2.945	10	10	2153	215.300	8.957	214.000	201	230	406.600	285.300	48.200	0.332	0.131	0.345	406.614	285.308	48.192	406	284	47	2	3	3
0.603	5.044	25	24	7137	285.480	68.020	266.000	202	451	406.240	289.120	48.200	0.425	0.108	0.432	406.235	289.161	48.270	405	288	47	4	3	3
0.289	3.456	12	12	2831	235.917	36.195	221.000	200	321	320.833	363.167	48.333	0.346	0.117	0.335	320.826	363.158	48.367	320	362	47	3	3	3
0.675	5.555	28	25	7823	279.393	78.539	245.000	204	465	393.393	377.500	48.250	0.440	0.086	0.470	393.397	377.527	48.356	392	376	47	4	4	3
0.554	5.414	23	22	6069	263.870	57.020	242.000	203	405	386.783	378.609	48.565	0.430	0.168	0.396	386.873	378.677	48.603	384	376	47	6	5	3
0.603	5.097	25	23	6751	270.040	58.627	252.000	201	405	380.920	381.360	48.440	0.414	0.097	0.403	380.973	381.377	48.499	379	380	47	4	4	3
0.410	3.650	17	17	3822	224.824	20.178	219.000	200	267	228.941	382.529	48.059	0.373	0.122	0.429	228.932	382.520	48.095	228	382	47	3	2	3
0.578	5.204	24	24	5619	234.125	32.634	219.000	200	308	268.000	92.000	48.708	0.402	0.120	0.372	268.024	91.993	48.722	266	90	48	5	5	2
0.241	2.928	10	10	2307	230.700	30.594	218.500	201	286	414.500	234.000	48.800	0.288	0.083	0.289	414.503	233.982	48.819	413	233	48	4	3	2
0.265	2.998	11	11	2787	253.364	43.290	247.000	204	335	396.273	336.000	48.636	0.298	0.062	0.307	396.292	335.968	48.669	395	335	48	3	3	2
0.241	2.804	10	10	2185	218.500	16.662	217.000	201	248	300.100	339.700	48.700	0.289	0.068	0.307	300.112	339.691	48.704	299	339	48	3	3	2
0.530	4.762	22	22	5899	268.136	50.821	259.000	202	367	398.182	349.682	48.682	0.403	0.132	0.390	398.214	349.709	48.691	397	347	48	3	6	2
