Volume (micron^3)	Surface (micron^2)	Nb of obj. voxels	Nb of surf. voxels	IntDen	Mean	StdDev	Median	Min	Max	X	Y	Z	Mean dist. to surf. (micron)	SD dist. to surf. (micron)	Median dist. to surf. (micron)	XM	YM	ZM	BX	BY	BZ	B-width	B-height	B-depth
1961.530	3368.481	81387	21855	32276900	396.585	228.278	334.000	200	2937	82.679	229.725	17.445	11.785	5.474	11.399	85.489	231.268	16.812	0	172	1	156	120	30
0.699	5.943	29	26	8308	286.483	82.914	260.000	203	474	30.517	258.448	1.862	0.470	0.136	0.474	30.475	258.424	1.797	29	257	1	4	4	4
0.362	3.580	15	15	3652	243.467	45.459	235.000	201	339	40.400	264.000	1.667	0.347	0.105	0.318	40.413	263.996	1.609	39	263	1	3	3	3
4.362	22.764	181	125	79923	441.564	280.359	320.000	200	1414	95.331	265.823	5.459	1.114	0.411	1.074	95.454	265.779	4.864	92	263	1	7	7	10
4.194	24.933	174	121	53021	304.718	102.319	273.500	200	646	58.023	272.264	4.971	1.058	0.347	1.057	57.848	272.380	4.891	54	268	1	10	8	9
0.458	4.091	19	18	5485	288.684	70.375	284.000	202	413	107.842	281.737	1.789	0.392	0.100	0.396	107.791	281.692	1.764	107	281	1	3	3	3
0.241	2.627	10	10	2413	241.300	28.269	233.500	209	285	65.500	282.600	1.800	0.320	0.121	0.350	65.501	282.634	1.759	65	282	1	2	2	3
1672.074	3042.671	69377	20487	31895812	459.746	365.018	345.000	200	3808	244.274	286.861	19.449	12.744	6.199	11.951	237.556	283.146	20.317	152	239	1	196	93	30
0.554	5.061	23	21	5815	252.826	43.815	246.000	200	365	62.913	288.217	2.130	0.440	0.142	0.445	62.910	288.205	2.073	62	287	1	3	3	4
6.941	41.155	288	213	86216	299.361	119.413	256.000	200	826	59.816	293.274	3.875	1.227	0.463	1.236	60.149	293.491	3.618	54	288	1	11	10	11
19.522	89.997	810	475	208658	257.602	77.994	237.000	200	814	131.404	293.431	7.532	1.833	0.614	1.885	130.899	293.223	7.313	123	288	1	19	12	15
1.952	12.184	81	60	36874	455.235	254.796	359.000	203	1195	23.235	303.136	3.012	0.729	0.208	0.679	23.162	303.144	2.718	21	301	1	5	5	6
1.615	11.479	67	54	18895	282.015	59.677	271.000	201	426	66.030	312.269	3.881	0.699	0.256	0.659	66.053	312.268	3.894	64	311	1	5	4	7
3.302	18.214	137	95	54796	399.971	210.535	312.000	200	1089	121.679	347.066	5.161	0.940	0.318	0.905	121.681	346.914	4.940	120	345	1	5	7	8
0.362	3.580	15	15	3765	251.000	45.676	235.000	204	344	275.600	368.000	1.667	0.347	0.105	0.318	275.596	368.045	1.597	275	367	1	3	3	3
0.434	4.355	18	17	5071	281.722	59.146	267.000	208	412	207.833	390.722	1.944	0.416	0.140	0.428	207.813	390.715	1.889	207	390	1	3	3	4
0.916	7.317	38	34	11337	298.342	76.778	279.000	208	526	219.053	390.947	3.895	0.563	0.224	0.500	219.062	390.931	3.868	218	390	1	3	3	6
0.410	4.091	17	16	4890	287.647	74.455	251.000	206	453	235.000	393.588	1.647	0.367	0.094	0.369	235.001	393.561	1.564	234	392	1	3	4	3
0.458	4.620	19	18	5489	288.895	52.064	296.000	200	364	194.368	394.368	2.684	0.475	0.199	0.451	194.395	394.419	2.667	193	393	1	3	3	5
201.920	519.976	8378	3052	4298720	513.096	406.804	362.000	200	3198	398.584	394.965	16.571	3.921	1.160	3.879	398.591	396.008	16.046	376	374	1	46	38	29
0.434	4.038	18	18	4312	239.556	30.853	244.000	200	294	48.500	262.889	3.889	0.414	0.172	0.429	48.507	262.850	3.889	48	262	2	2	3	4
0.458	4.426	19	19	4806	252.947	42.175	245.000	207	342	53.895	287.474	4.211	0.428	0.188	0.402	53.867	287.455	4.192	53	287	2	3	2	5
1.687	10.844	70	52	23484	335.486	121.255	292.500	203	663	102.371	288.500	5.086	0.723	0.261	0.609	102.327	288.500	4.993	101	287	2	4	4	7
3.133	18.003	130	92	42971	330.546	123.787	282.500	200	729	73.246	297.069	5.854	0.892	0.282	0.873	73.190	297.122	5.747	71	293	2	5	8	8
1.711	11.355	71	55	26465	372.746	156.134	332.000	201	835	53.028	310.352	5.648	0.719	0.244	0.697	52.999	310.306	5.631	51	309	2	5	4	7
0.988	7.635	41	37	11432	278.829	61.474	269.000	200	451	282.024	372.902	4.805	0.564	0.213	0.532	282.015	372.942	4.730	281	371	2	3	4	6
3.471	21.406	144	102	48142	334.319	136.926	284.000	200	827	214.833	402.986	6.014	1.045	0.466	0.909	214.673	403.102	5.742	212	399	2	8	8	10
0.795	6.736	33	28	9392	284.606	67.345	274.000	200	458	52.061	261.333	5.545	0.534	0.183	0.529	52.071	261.332	5.531	51	260	3	3	4	6
2.434	19.661	101	87	22266	220.455	19.791	214.000	200	283	75.317	287.683	7.574	0.894	0.305	0.903	75.323	287.741	7.529	73	284	3	6	8	9
9.351	54.153	388	273	97159	250.410	51.480	234.000	200	505	109.137	293.134	10.247	1.751	0.640	1.753	109.225	293.083	10.170	105	286	3	14	16	15
41.551	190.450	1724	1058	738629	428.439	257.698	330.000	200	1680	269.554	396.411	15.448	3.171	1.353	3.195	268.912	396.062	15.134	256	386	3	32	22	28
26.029	115.736	1080	645	384924	356.411	183.152	291.500	200	1172	187.609	397.802	16.381	2.525	1.127	2.369	187.531	397.677	16.840	181	392	3	17	14	28
0.940	7.247	39	35	11220	287.692	64.834	270.000	202	476	24.974	289.077	6.154	0.563	0.204	0.518	24.957	289.056	6.132	24	288	4	3	4	5
0.844	7.317	35	31	8956	255.886	53.307	248.000	200	408	36.914	291.914	6.886	0.571	0.232	0.512	36.890	291.902	6.811	36	291	4	3	3	6
0.362	3.968	15	14	3643	242.867	38.759	231.000	200	319	170.667	339.933	5.667	0.374	0.122	0.348	170.656	339.921	5.679	170	339	4	3	3	4
0.289	3.403	12	12	2831	235.917	30.551	229.500	201	280	31.417	267.667	7.167	0.399	0.215	0.372	31.429	267.699	7.167	31	267	5	2	2	5
1.952	13.825	81	61	19571	241.617	37.922	231.000	200	350	37.272	275.049	7.395	0.707	0.190	0.693	37.367	275.029	7.422	34	273	5	7	5	6
1.542	11.125	64	56	16595	259.297	42.321	251.000	200	363	32.031	291.078	9.125	0.836	0.413	0.812	32.027	291.090	9.087	31	290	5	4	3	9
24.728	121.001	1026	644	275739	268.751	71.308	248.000	200	715	132.004	312.557	15.782	2.946	1.196	3.010	131.827	312.454	15.504	121	301	5	19	32	22
0.337	4.108	14	12	3380	241.429	39.533	233.000	200	325	205.143	385.000	6.500	0.413	0.143	0.331	205.148	384.991	6.503	204	384	5	3	3	4
1.205	8.604	50	43	15754	315.080	93.570	289.500	202	604	296.820	387.000	7.580	0.649	0.246	0.649	296.816	386.982	7.470	295	386	5	4	3	6
2.964	18.268	123	88	41564	337.919	147.865	271.000	200	876	166.675	394.106	8.431	0.916	0.316	0.863	166.527	394.109	8.478	164	392	5	7	6	8
2.723	18.813	113	87	32723	289.584	75.944	265.000	200	484	77.637	258.602	11.221	1.112	0.535	1.092	77.587	258.638	11.195	76	256	6	4	6	12
18.389	80.089	763	435	215072	281.877	100.745	245.000	200	858	41.509	254.583	13.925	1.945	0.764	1.823	41.558	254.384	14.046	36	243	6	14	21	16
25.451	107.984	1056	573	249839	236.590	36.951	225.000	200	505	64.782	272.178	16.672	2.085	0.766	1.992	64.820	272.348	16.440	58	262	6	14	19	21
0.795	6.929	33	28	9162	277.636	59.693	274.000	202	408	29.424	296.030	8.364	0.552	0.200	0.572	29.441	296.052	8.357	28	295	6	4	3	6
0.795	6.912	33	28	7650	231.818	24.937	226.000	200	290	13.242	297.182	7.697	0.514	0.160	0.525	13.239	297.182	7.700	12	296	6	4	4	5
0.313	3.914	13	13	3140	241.538	35.295	226.000	201	304	8.462	303.769	8.000	0.400	0.207	0.411	8.459	303.789	7.989	8	303	6	2	3	5
247.713	458.936	10278	2778	3613208	351.548	128.962	332.000	200	1909	375.916	309.831	17.567	4.134	1.220	3.897	376.169	309.570	17.259	343	293	6	52	35	25
2.579	15.587	107	78	42353	395.822	202.356	334.000	200	1046	352.243	321.262	9.804	0.834	0.281	0.830	352.068	321.306	9.666	350	319	6	6	5	8
9.014	46.514	374	237	127063	339.741	153.083	287.000	200	976	69.147	337.952	11.345	1.593	0.695	1.491	69.009	337.676	11.094	66	333	6	7	15	16
4.314	21.494	179	112	72834	406.894	226.387	329.000	200	1213	128.631	345.419	10.737	1.037	0.345	0.964	128.644	345.483	10.629	126	343	6	6	6	10
0.241	3.015	10	10	2331	233.100	32.119	225.000	200	297	96.800	358.300	7.000	0.334	0.129	0.400	96.803	358.277	7.000	96	358	6	3	2	3
0.241	3.085	10	10	2436	243.600	41.844	224.500	200	301	153.400	361.800	7.500	0.394	0.179	0.296	153.406	361.832	7.523	153	361	6	2	2	4
146.560	395.825	6081	2367	3255193	535.306	424.511	383.000	200	3098	88.823	366.141	20.814	3.981	1.348	3.878	88.432	366.764	21.406	67	346	6	44	37	25
1.615	11.161	67	57	19838	296.090	85.949	267.000	200	563	224.507	393.672	8.403	0.718	0.268	0.684	224.543	393.707	8.344	223	391	6	4	5	7
0.241	3.015	10	10	2485	248.500	36.192	244.500	204	303	320.400	391.300	7.700	0.355	0.166	0.310	320.406	391.260	7.726	320	391	6	2	2	4
1.109	9.186	46	36	12664	275.304	66.467	257.000	200	439	203.870	395.522	9.174	0.661	0.273	0.583	203.873	395.533	9.227	202	394	6	4	4	7
0.819	6.983	34	29	9400	276.471	68.329	248.000	201	420	147.706	396.647	7.853	0.537	0.167	0.490	147.697	396.621	7.835	146	395	6	4	4	5
1.422	9.821	59	48	19675	333.475	111.847	299.000	201	649	200.831	402.153	8.661	0.691	0.245	0.688	200.850	402.169	8.575	199	401	6	4	4	6
6.965	31.138	289	165	155976	539.709	395.059	372.000	200	1983	15.284	240.692	12.869	1.287	0.463	1.237	15.176	240.665	12.370	11	238	7	9	6	12
0.386	4.232	16	16	3408	213.000	7.330	212.000	203	226	78.125	249.812	8.438	0.429	0.178	0.356	78.132	249.802	8.440	77	249	7	3	3	4
0.410	4.549	17	17	4011	235.941	24.621	236.000	200	285	153.235	276.882	8.882	0.416	0.164	0.412	153.228	276.868	8.895	152	276	7	4	3	4
0.723	6.154	30	27	8385	279.500	66.356	273.000	200	448	87.900	295.900	8.600	0.493	0.172	0.424	87.863	295.900	8.602	87	295	7	3	3	5
2.025	12.131	84	65	34989	416.536	197.276	348.500	200	988	154.690	301.560	10.500	0.780	0.287	0.722	154.721	301.582	10.462	153	300	7	4	4	8
0.362	4.232	15	13	3802	253.467	50.349	251.000	202	357	32.200	307.933	8.533	0.409	0.137	0.350	32.211	307.932	8.527	31	307	7	3	3	4
50.203	233.162	2083	1262	483617	232.173	29.594	225.000	200	412	222.440	319.220	19.733	3.076	1.194	2.947	222.430	319.078	19.675	206	307	7	27	35	24
0.362	3.456	15	15	3398	226.533	17.724	230.000	203	253	182.533	334.067	7.933	0.359	0.123	0.388	182.537	334.045	7.910	182	333	7	2	3	3
1.398	9.751	58	46	21404	369.034	148.294	321.500	202	822	112.690	367.828	10.086	0.667	0.237	0.585	112.725	367.852	10.057	111	366	7	4	4	7
7.688	47.202	319	238	88366	277.009	83.807	253.000	200	646	153.696	396.285	14.828	2.101	1.108	1.876	153.581	395.987	14.413	151	389	7	7	14	20
1.301	9.169	54	43	17222	318.926	105.143	287.500	205	615	325.778	391.704	9.407	0.654	0.220	0.639	325.809	391.703	9.337	324	390	7	4	4	6
4.627	27.488	192	137	56248	292.958	84.160	268.500	200	637	299.479	398.396	11.755	1.118	0.439	1.066	299.460	398.457	11.647	297	395	7	6	8	11
3.133	17.897	130	92	42599	327.685	121.498	295.000	200	704	72.785	276.462	12.192	0.951	0.359	0.913	72.735	276.555	12.152	71	274	8	5	6	9
1.133	9.099	47	38	11770	250.426	45.599	235.000	200	355	146.234	296.383	10.426	0.618	0.203	0.613	146.255	296.385	10.347	143	295	8	6	4	6
0.530	5.519	22	20	5158	234.455	24.999	230.500	201	293	104.364	300.818	9.818	0.476	0.184	0.466	104.365	300.805	9.810	103	300	8	4	3	5
5.134	25.284	213	139	114552	537.803	370.972	388.000	200	1802	40.221	313.887	13.404	1.189	0.480	1.127	40.155	313.691	12.915	38	311	8	6	8	12
0.554	5.519	23	20	6232	270.957	59.161	250.000	201	416	93.130	339.783	9.826	0.473	0.180	0.439	93.155	339.773	9.794	92	339	8	3	3	5
2.025	12.308	84	61	22766	271.024	55.219	249.500	200	414	294.536	343.179	10.679	0.747	0.242	0.696	294.552	343.173	10.622	293	341	8	4	5	7
0.337	3.720	14	14	3093	220.929	18.015	216.000	200	259	197.857	361.571	9.500	0.380	0.151	0.322	197.856	361.581	9.496	197	361	8	3	2	4
1.735	12.538	72	57	16962	235.583	28.673	229.000	200	307	194.111	367.069	10.042	0.721	0.243	0.692	194.128	367.031	10.026	192	364	8	5	9	5
1.326	9.169	55	43	17080	310.545	102.358	274.000	200	570	278.582	391.727	10.564	0.656	0.218	0.652	278.569	391.755	10.511	277	390	8	4	4	6
0.603	5.519	25	22	6924	276.960	58.464	266.000	212	430	233.280	409.960	10.280	0.484	0.181	0.423	233.281	409.989	10.271	232	409	8	3	3	5
3.422	22.446	142	104	45991	323.880	116.184	293.500	200	659	34.408	239.993	12.775	0.949	0.297	0.974	34.469	240.005	12.778	30	238	9	10	5	8
1.326	9.627	55	44	18434	335.164	117.697	300.000	201	673	19.164	246.182	11.927	0.665	0.244	0.586	19.159	246.191	11.889	18	245	9	4	4	7
6.628	29.077	275	162	100760	366.400	195.749	292.000	200	1258	155.644	292.433	12.833	1.183	0.377	1.177	155.975	292.567	12.952	150	290	9	11	6	9
0.723	6.224	30	26	8208	273.600	54.588	264.000	202	407	3.000	296.500	11.333	0.533	0.180	0.535	3.002	296.515	11.285	2	295	9	3	4	5
3.687	20.136	153	99	49483	323.418	119.738	292.000	200	710	8.575	310.052	12.797	0.968	0.321	0.929	8.619	310.137	12.856	5	307	9	7	7	9
0.337	4.338	14	14	2878	205.571	4.620	204.500	200	213	233.643	309.429	10.571	0.453	0.200	0.440	233.626	309.427	10.564	232	308	9	5	3	4
0.868	6.859	36	32	11158	309.944	91.155	297.500	200	560	22.222	319.889	11.000	0.551	0.194	0.492	22.248	319.894	10.992	21	319	9	4	3	5
0.313	3.139	13	13	3148	242.154	28.809	243.000	204	297	61.615	330.462	10.000	0.346	0.120	0.418	61.619	330.431	10.002	61	330	9	3	2	3
0.988	7.758	41	38	11196	273.073	65.600	258.000	200	461	224.854	331.707	11.098	0.574	0.213	0.521	224.883	331.732	11.011	223	330	9	4	4	5
1.446	9.680	60	47	21312	355.200	133.553	310.000	201	702	295.417	335.733	11.683	0.664	0.215	0.649	295.382	335.750	11.649	294	334	9	4	4	6
1.470	10.262	61	47	20087	329.295	117.724	295.000	204	671	228.230	354.246	11.852	0.691	0.244	0.624	228.224	354.241	11.715	226	353	9	5	4	7
0.844	6.806	35	31	10203	291.514	74.178	288.000	200	486	308.800	360.086	11.543	0.558	0.223	0.614	308.793	360.115	11.523	308	359	9	3	3	6
0.771	7.194	32	30	9159	286.219	70.942	273.500	202	456	368.719	364.594	11.969	0.597	0.266	0.518	368.712	364.612	11.903	367	364	9	4	3	7
0.868	7.053	36	31	10213	283.694	58.840	268.500	204	427	175.944	396.083	11.667	0.537	0.199	0.494	175.941	396.097	11.647	175	395	9	3	4	6
1.663	10.967	69	51	24932	361.333	137.794	317.000	201	743	378.304	399.435	11.768	0.710	0.236	0.648	378.283	399.422	11.765	376	398	9	5	4	7
3.904	19.589	162	103	87602	540.753	324.733	418.500	204	1661	248.981	412.895	14.056	1.030	0.385	0.956	248.967	412.898	13.939	247	411	9	5	5	10
325.030	902.791	13486	5766	5664570	420.033	302.901	318.000	200	3184	387.005	274.642	23.337	7.472	3.754	7.102	386.212	274.056	23.901	322	239	10	118	60	21
1.398	11.215	58	49	14059	242.397	35.039	226.500	203	326	159.017	274.707	13.569	0.772	0.333	0.682	159.014	274.681	13.610	157	273	10	5	5	8
1.085	8.216	45	40	15279	339.533	130.435	295.000	205	699	0.644	301.511	12.667	0.628	0.244	0.638	0.528	301.562	12.598	0	300	10	3	4	6
0.554	5.325	23	21	5951	258.739	49.777	249.000	201	369	98.000	350.304	12.261	0.468	0.175	0.418	98.001	350.320	12.289	97	349	10	3	3	5
0.434	4.743	18	16	4352	241.778	32.929	235.000	201	319	299.722	349.889	11.944	0.429	0.171	0.427	299.746	349.895	11.903	299	349	10	3	3	5
0.747	6.224	31	28	7862	253.613	47.559	245.000	200	372	133.871	350.903	12.290	0.519	0.190	0.501	133.843	350.940	12.282	133	350	10	3	3	5
8.917	42.815	370	217	94818	256.265	57.233	236.000	200	521	206.427	355.554	15.946	1.320	0.395	1.294	206.261	355.453	15.811	203	351	10	12	11	12
0.723	6.401	30	26	8313	277.100	69.867	278.500	200	392	302.533	366.233	12.567	0.503	0.163	0.463	302.519	366.282	12.540	301	365	10	4	4	5
0.554	5.325	23	21	5865	255.000	46.086	241.000	205	368	375.304	375.913	12.391	0.474	0.181	0.399	375.304	375.896	12.363	374	375	10	3	3	5
0.313	3.914	13	12	3271	251.615	44.215	237.000	204	345	372.154	385.923	11.769	0.396	0.138	0.373	372.181	385.937	11.796	371	385	10	3	3	4
1.928	13.789	80	65	22958	286.975	72.468	275.000	201	535	356.987	388.875	13.887	0.798	0.312	0.777	356.984	388.834	13.943	355	387	10	5	6	8
2.964	16.329	123	84	40054	325.642	120.767	284.000	200	740	365.000	388.382	13.610	0.852	0.237	0.812	364.940	388.313	13.469	363	386	10	5	7	7
0.916	8.464	38	34	9142	240.579	32.556	235.500	201	327	381.395	394.026	12.395	0.648	0.327	0.606	381.366	394.003	12.391	380	393	10	5	4	7
1.350	11.144	56	49	13426	239.750	30.323	237.000	200	324	219.179	404.464	12.393	0.677	0.238	0.704	219.148	404.474	12.376	217	402	10	6	6	6
1.494	11.178	62	54	18021	290.661	75.958	274.500	202	532	54.871	254.129	15.887	0.760	0.361	0.720	54.861	254.110	15.946	53	253	11	5	3	9
0.554	5.325	23	21	5856	254.609	38.553	250.000	207	343	45.000	264.304	13.261	0.468	0.175	0.418	44.980	264.316	13.265	44	263	11	3	3	5
0.313	3.720	13	13	3208	246.769	39.179	241.000	201	332	26.154	322.308	12.231	0.372	0.155	0.348	26.148	322.309	12.198	25	322	11	3	2	4
1.157	9.891	48	41	11567	240.979	33.515	231.000	200	332	135.729	386.146	14.458	0.748	0.334	0.680	135.732	386.161	14.467	134	385	11	4	4	8
0.482	4.549	20	19	5152	257.600	46.270	246.500	201	354	130.150	388.400	12.450	0.428	0.153	0.371	130.168	388.425	12.395	129	387	11	3	3	4
0.747	6.348	31	27	9147	295.065	78.614	271.000	203	449	336.710	397.226	13.290	0.523	0.178	0.510	336.694	397.271	13.339	335	396	11	4	3	5
0.747	7.053	31	30	7365	237.581	30.861	227.000	200	310	235.710	398.516	13.065	0.525	0.200	0.468	235.701	398.517	13.060	234	398	11	5	3	5
0.844	6.736	35	31	9447	269.914	54.456	258.000	204	413	230.914	399.114	13.629	0.538	0.207	0.579	230.914	399.138	13.626	230	398	11	3	3	6
4.748	24.632	197	128	75563	383.569	203.883	309.000	200	1143	288.954	402.822	16.096	1.108	0.409	1.042	289.087	402.689	15.922	285	400	11	8	7	11
0.530	6.030	22	20	4640	210.909	11.485	207.000	200	242	59.682	257.955	15.136	0.600	0.310	0.472	59.696	257.953	15.158	58	257	12	4	3	6
0.988	7.688	41	34	10609	258.756	50.899	249.000	201	387	80.780	272.756	14.098	0.574	0.184	0.518	80.771	272.777	14.026	79	271	12	4	4	5
1.398	9.751	58	47	14019	241.707	31.606	232.000	200	332	236.966	316.862	14.655	0.651	0.223	0.622	236.976	316.882	14.618	235	316	12	5	3	6
0.603	5.519	25	22	6074	242.960	35.285	233.000	201	335	98.680	319.000	14.000	0.477	0.179	0.469	98.686	318.997	14.023	98	318	12	3	3	5
0.819	7.952	34	31	8385	246.618	38.008	236.500	203	351	211.559	318.882	14.324	0.579	0.253	0.571	211.544	318.834	14.382	210	317	12	4	5	6
1.880	11.355	78	60	24993	320.423	110.194	285.500	202	662	165.500	332.282	15.218	0.745	0.266	0.683	165.456	332.276	15.200	164	331	12	4	4	7
0.386	4.355	16	16	3351	209.438	8.438	207.000	200	226	199.188	333.625	13.125	0.414	0.179	0.429	199.185	333.630	13.120	198	333	12	4	3	4
0.506	4.620	21	21	5332	253.905	42.533	240.000	204	354	56.524	345.000	13.905	0.437	0.183	0.448	56.546	344.988	13.890	56	344	12	2	3	5
0.313	3.209	13	13	3460	266.154	41.956	267.000	209	337	363.462	345.462	13.846	0.378	0.164	0.374	363.420	345.465	13.839	363	345	12	2	2	4
2.000	13.224	83	61	35608	429.012	208.779	358.000	201	1093	461.892	349.916	16.048	0.824	0.294	0.825	461.930	349.931	15.979	460	348	12	5	5	8
0.386	3.597	16	16	4900	306.250	48.835	300.500	235	378	360.500	355.500	13.500	0.437	0.180	0.437	360.481	355.520	13.524	360	355	12	2	2	4
0.506	5.519	21	18	5983	284.905	66.503	275.000	201	457	383.905	365.000	13.810	0.472	0.188	0.410	383.912	364.999	13.820	383	364	12	3	3	5
3.446	18.532	143	96	49860	348.671	132.382	309.000	200	757	389.399	369.944	15.972	0.904	0.284	0.885	389.358	369.949	15.898	388	366	12	4	8	8
0.265	3.015	11	11	2473	224.818	18.691	215.000	204	260	380.636	380.455	13.364	0.354	0.157	0.297	380.653	380.450	13.362	380	380	12	2	2	4
0.265	3.333	11	10	2588	235.273	25.231	233.000	210	290	251.909	394.909	12.818	0.354	0.096	0.356	251.927	394.915	12.815	251	394	12	3	3	3
0.434	4.620	18	16	4696	260.889	44.816	251.500	201	356	312.222	414.222	13.500	0.432	0.146	0.365	312.219	414.240	13.523	311	413	12	3	3	4
158.972	359.620	6596	2692	3068784	465.249	322.487	356.000	200	2848	5.211	104.400	25.115	4.505	1.994	4.153	4.992	106.512	24.960	0	67	13	16	76	18
0.337	3.456	14	14	3042	217.286	10.943	217.500	200	240	50.000	255.429	14.143	0.348	0.119	0.357	49.992	255.429	14.138	49	255	13	3	2	3
0.844	7.300	35	29	7617	217.629	14.082	213.000	200	245	133.657	288.400	15.057	0.521	0.152	0.513	133.654	288.401	15.064	132	287	13	4	4	5
0.289	3.209	12	12	2808	234.000	20.181	230.000	206	268	27.500	317.333	14.500	0.378	0.168	0.284	27.493	317.327	14.499	27	317	13	2	2	4
1.446	11.144	60	51	16447	274.117	57.946	249.500	202	424	16.883	323.583	14.917	0.649	0.217	0.647	16.844	323.578	14.918	14	322	13	7	4	5
0.362	4.743	15	15	3145	209.667	6.172	209.000	200	221	201.400	339.933	15.133	0.537	0.287	0.509	201.412	339.919	15.147	200	339	13	3	4	6
1.253	10.245	52	44	12394	238.346	34.232	229.500	201	329	133.250	340.596	15.154	0.612	0.192	0.601	133.217	340.668	15.107	131	338	13	5	6	5
1.832	11.479	76	60	24947	328.250	111.850	287.000	200	651	315.618	343.961	16.487	0.736	0.260	0.710	315.611	344.000	16.352	314	342	13	4	5	7
0.627	5.642	26	24	7333	282.038	71.235	247.500	202	438	332.231	350.769	15.154	0.496	0.200	0.455	332.265	350.742	15.143	331	350	13	3	3	5
1.012	7.899	42	35	12691	302.167	85.134	288.000	200	546	316.690	366.071	15.929	0.608	0.221	0.539	316.712	366.103	15.918	315	365	13	4	3	6
0.771	6.806	32	28	8795	274.844	58.123	269.500	204	405	113.000	387.406	15.562	0.565	0.223	0.620	113.001	387.414	15.581	112	386	13	3	4	6
1.663	12.889	69	59	19469	282.159	85.104	253.000	201	539	204.043	403.536	16.406	0.871	0.424	0.742	204.213	403.552	16.233	201	402	13	6	4	9
0.699	6.030	29	26	7606	262.276	47.559	245.000	207	380	239.793	405.138	14.966	0.503	0.189	0.479	239.768	405.141	14.995	239	404	13	3	3	5
0.241	2.627	10	10	2174	217.400	12.501	215.500	202	240	72.500	252.400	14.800	0.320	0.121	0.350	72.494	252.380	14.801	72	252	14	2	2	3
0.241	3.209	10	10	2170	217.000	20.875	208.500	201	257	267.000	277.200	15.700	0.365	0.166	0.308	267.001	277.193	15.704	266	277	14	3	2	4
1.735	12.465	72	64	16418	228.028	20.827	223.500	200	292	57.069	290.278	18.028	0.920	0.466	0.848	57.078	290.256	18.056	55	289	14	4	4	10
0.988	7.829	41	35	10644	259.610	54.001	230.000	201	377	254.244	290.463	16.659	0.616	0.245	0.619	254.267	290.466	16.687	253	289	14	3	4	6
2.748	15.093	114	85	45703	400.904	176.792	341.500	202	905	1.333	308.667	17.561	0.917	0.353	0.808	1.190	308.676	17.473	0	307	14	4	5	9
33.115	138.613	1374	775	473845	344.865	157.467	294.000	200	1402	471.420	365.857	23.103	2.122	0.808	2.063	470.941	365.458	22.722	459	360	14	24	16	17
0.603	5.519	25	22	6692	267.680	54.054	254.000	201	387	352.280	370.120	15.720	0.484	0.180	0.430	352.310	370.140	15.693	351	369	14	3	3	5
8.797	52.757	365	258	118528	324.734	170.939	268.000	200	1217	433.668	376.460	19.699	1.626	0.757	1.494	433.413	376.572	19.200	430	371	14	10	13	16
4.290	21.176	178	115	77774	436.933	240.826	349.500	200	1340	123.753	381.354	18.416	1.037	0.345	1.002	123.896	381.472	18.347	121	379	14	6	6	9
0.844	7.317	35	31	9281	265.171	53.617	248.000	202	351	244.800	392.543	16.571	0.613	0.261	0.607	244.752	392.528	16.525	244	391	14	3	4	6
0.265	3.527	11	10	2656	241.455	36.445	234.000	204	315	353.182	398.909	15.727	0.381	0.144	0.332	353.184	398.911	15.727	352	398	14	3	3	4
1.591	10.720	66	49	21177	320.864	111.359	279.500	201	617	49.379	302.485	18.076	0.724	0.265	0.596	49.336	302.502	18.044	48	301	15	4	4	7
3.181	21.123	132	99	39876	302.091	104.305	266.000	200	673	6.470	319.061	19.470	0.997	0.411	0.996	6.464	319.027	19.216	3	315	15	7	8	11
0.265	3.209	11	11	2352	213.818	10.157	211.000	202	231	351.364	318.545	16.818	0.368	0.173	0.358	351.352	318.550	16.815	351	318	15	2	2	4
2.362	16.874	98	72	26410	269.490	65.826	248.000	200	458	111.378	370.255	18.245	0.857	0.320	0.816	111.339	370.161	18.309	109	368	15	6	7	8
0.578	6.488	24	21	5262	219.250	16.198	218.000	200	260	99.958	295.792	18.333	0.584	0.307	0.574	99.963	295.792	18.298	99	295	16	3	3	7
0.603	5.713	25	22	6718	268.720	56.528	254.000	206	424	80.720	323.920	17.960	0.492	0.192	0.472	80.749	323.926	17.963	80	323	16	3	3	5
3.784	20.648	157	104	63657	405.459	212.602	337.000	200	1208	486.541	344.070	19.803	0.955	0.301	0.953	486.713	344.105	19.653	482	342	16	9	5	9
0.723	6.224	30	27	8354	278.467	64.851	262.500	203	445	402.733	367.100	18.233	0.532	0.207	0.515	402.719	367.110	18.230	402	366	16	3	3	5
8.484	39.427	352	216	141778	402.778	193.997	351.000	200	1355	450.824	370.707	23.480	1.684	0.759	1.718	450.772	370.832	23.793	448	366	16	7	11	15
0.506	4.743	21	19	5105	243.095	30.529	240.000	201	310	441.952	373.143	17.571	0.447	0.142	0.389	441.935	373.174	17.576	441	372	16	3	3	4
1.832	14.230	76	66	19718	259.447	38.890	257.000	204	351	374.211	395.763	18.947	0.808	0.291	0.824	374.190	395.780	18.932	371	393	16	8	6	7
0.241	2.627	10	10	2397	239.700	21.675	229.500	212	273	252.400	405.500	17.200	0.320	0.121	0.350	252.372	405.506	17.207	252	405	16	2	2	3
0.627	5.642	26	25	7355	282.885	66.484	265.500	200	397	281.692	419.577	17.923	0.518	0.215	0.450	281.662	419.559	17.904	280	419	16	4	3	5
0.313	3.209	13	13	3107	239.000	24.685	234.000	205	283	48.538	195.462	18.154	0.378	0.164	0.374	48.571	195.463	18.134	48	195	17	2	2	4
0.723	5.907	30	28	7263	242.100	32.353	229.000	203	302	153.067	258.400	19.167	0.546	0.215	0.500	153.105	258.404	19.108	152	257	17	3	3	5
14.798	63.179	614	348	237050	386.075	262.989	271.000	200	1732	472.235	264.375	24.593	1.720	0.591	1.725	471.942	265.279	23.766	467	254	17	10	18	14
20.414	88.911	847	503	277647	327.800	124.846	287.000	200	850	449.123	265.128	25.712	1.991	0.767	1.912	449.298	264.966	25.705	441	257	17	17	19	14
7.279	33.961	302	177	120530	399.106	264.947	292.500	200	1542	467.791	285.748	23.301	1.257	0.446	1.208	467.389	285.821	22.692	464	282	17	9	9	12
11.713	42.793	486	238	264544	544.329	327.156	433.000	202	1674	501.272	349.251	23.584	1.472	0.497	1.378	501.314	349.123	23.282	496	346	17	10	8	14
0.603	5.255	25	25	5465	218.600	10.878	218.000	200	241	228.480	367.240	18.360	0.456	0.161	0.475	228.474	367.241	18.351	228	366	17	2	4	4
1.253	9.169	52	41	16337	314.173	104.770	292.000	200	592	375.346	372.692	19.904	0.662	0.238	0.598	375.345	372.701	19.970	374	371	17	4	4	6
0.506	5.325	21	18	5495	261.667	49.542	255.000	203	389	324.095	397.048	18.857	0.457	0.173	0.428	324.086	397.046	18.831	323	396	17	3	3	5
108.311	324.338	4494	2170	1966855	437.662	242.093	368.000	200	1794	486.650	237.402	26.732	3.737	1.648	3.476	488.886	236.475	26.836	460	221	18	52	33	13
1.109	8.340	46	39	12867	279.717	69.380	258.000	203	447	156.826	247.457	20.913	0.622	0.220	0.559	156.832	247.443	20.851	155	246	18	4	4	6
0.265	3.209	11	11	2297	208.818	6.983	207.000	201	219	59.545	285.636	19.182	0.368	0.174	0.358	59.544	285.645	19.185	59	285	18	2	2	4
1.639	11.673	68	57	17967	264.221	58.838	248.000	202	432	95.162	301.882	21.603	0.746	0.296	0.689	95.179	301.975	21.509	94	299	18	3	6	8
0.603	5.519	25	22	5996	239.840	29.984	231.000	200	308	310.040	303.720	19.840	0.476	0.174	0.455	310.062	303.700	19.844	309	303	18	3	3	5
2.748	19.959	114	92	24127	211.640	8.489	211.000	200	233	177.070	307.114	24.140	0.959	0.440	0.892	177.066	307.104	24.143	174	305	18	7	6	11
1.615	12.344	67	59	15605	232.910	23.327	230.000	200	287	184.164	318.149	20.940	0.736	0.300	0.707	184.164	318.129	20.938	182	314	18	5	10	6
1.639	10.720	68	53	25717	378.191	157.640	349.500	203	859	465.794	341.779	21.397	0.740	0.269	0.697	465.855	341.831	21.320	464	340	18	4	4	7
1.350	10.332	56	47	14113	252.018	47.045	240.500	200	375	223.304	346.179	20.946	0.677	0.247	0.658	223.332	346.148	20.905	221	345	18	5	4	7
0.627	5.642	26	24	6847	263.346	45.599	260.000	201	371	490.077	351.231	20.192	0.484	0.184	0.448	490.030	351.251	20.197	489	350	18	3	3	5
0.241	2.627	10	10	2115	211.500	9.846	207.000	202	226	212.400	363.500	18.800	0.320	0.121	0.350	212.384	363.504	18.792	212	363	18	2	2	3
2.940	16.716	122	85	39154	320.934	126.344	276.500	202	714	132.139	381.926	21.770	0.844	0.247	0.858	132.407	381.840	21.713	129	380	18	7	6	7
0.265	3.333	11	11	2575	234.091	30.174	236.000	203	278	249.182	402.364	19.727	0.354	0.158	0.325	249.158	402.376	19.744	248	402	18	3	2	4
2.169	14.494	90	71	23907	265.633	61.895	244.500	200	442	1.644	202.000	22.167	0.798	0.289	0.788	1.566	201.931	22.187	0	200	19	5	6	7
1.301	10.563	54	46	11630	215.370	13.776	210.500	200	247	1.519	224.593	22.241	0.707	0.296	0.629	1.516	224.554	22.263	0	222	19	4	6	7
0.241	2.821	10	10	2359	235.900	18.027	239.000	208	261	154.400	251.500	20.500	0.332	0.145	0.275	154.394	251.490	20.498	154	251	19	2	2	4
8.363	44.911	347	229	94554	272.490	109.040	234.000	200	907	409.585	307.542	25.654	1.381	0.486	1.372	409.517	307.340	25.185	405	302	19	12	14	12
0.868	6.929	36	32	9470	263.056	49.499	257.500	201	401	114.944	329.944	21.556	0.555	0.222	0.610	114.918	329.946	21.603	114	329	19	3	3	6
2.266	14.988	94	72	22529	239.670	31.316	233.000	200	333	276.096	333.202	22.064	0.797	0.255	0.812	276.056	333.282	22.098	274	330	19	5	7	7
3.760	23.558	156	125	56672	363.282	226.411	281.500	200	1394	350.237	338.628	26.410	1.257	0.565	1.247	350.805	338.569	27.251	347	336	19	9	6	12
0.988	7.635	41	34	11039	269.244	55.700	247.000	204	392	355.561	374.220	21.171	0.574	0.205	0.530	355.550	374.230	21.124	354	373	19	4	3	6
0.313	3.209	13	13	3374	259.538	28.895	258.000	220	318	362.462	378.462	20.846	0.378	0.164	0.374	362.443	378.439	20.854	362	378	19	2	2	4
0.458	4.426	19	18	4836	254.526	38.483	254.000	203	329	213.684	392.368	20.474	0.445	0.162	0.396	213.678	392.364	20.459	213	391	19	3	3	4
1.856	17.138	77	70	18982	246.519	44.549	232.000	200	422	300.130	396.584	24.260	1.354	0.522	1.288	300.285	396.782	24.099	297	393	19	7	8	12
0.410	4.620	17	17	3764	221.412	16.662	221.000	200	253	49.529	219.412	22.059	0.485	0.284	0.416	49.543	219.424	22.036	49	218	20	2	4	6
0.530	5.007	22	22	4924	223.818	19.815	215.500	202	258	233.455	292.091	22.045	0.470	0.210	0.453	233.454	292.089	22.050	233	291	20	2	3	5
0.265	3.015	11	11	2675	243.182	32.130	251.000	206	296	66.545	297.636	22.000	0.369	0.187	0.416	66.548	297.680	21.996	66	297	20	2	2	4
0.868	6.859	36	31	9986	277.389	49.140	268.000	208	385	101.278	309.333	22.139	0.552	0.195	0.505	101.292	309.286	22.124	100	308	20	3	4	5
0.434	4.426	18	18	3746	208.111	6.154	207.000	200	220	312.111	328.500	22.167	0.431	0.198	0.428	312.111	328.502	22.159	311	328	20	3	2	5
0.410	4.038	17	17	4192	246.588	38.617	233.000	202	319	337.471	351.176	21.706	0.402	0.158	0.362	337.464	351.166	21.688	337	350	20	2	3	4
8.267	48.402	343	250	99637	290.487	95.322	258.000	200	708	363.694	353.017	25.510	1.519	0.546	1.495	363.449	352.648	25.523	357	348	20	17	12	11
0.482	5.007	20	20	4484	224.200	20.431	220.500	200	262	103.650	356.050	22.350	0.460	0.202	0.378	103.674	356.031	22.357	103	355	20	2	3	5
6.748	34.349	280	188	86399	308.568	95.446	281.500	200	668	353.032	355.896	25.889	1.252	0.461	1.231	352.902	356.069	26.015	350	351	20	8	10	11
4.338	22.657	180	111	85668	475.933	302.430	350.000	200	1529	417.428	370.233	25.611	1.079	0.404	1.035	417.426	370.244	25.370	415	368	20	6	6	11
0.506	4.937	21	19	5398	257.048	48.173	241.000	206	372	507.048	370.714	21.429	0.438	0.143	0.370	507.052	370.725	21.435	506	370	20	3	3	4
5.543	27.844	230	157	78213	340.057	116.460	310.000	200	751	427.926	385.374	26.600	1.242	0.488	1.267	427.944	385.423	26.620	425	382	20	8	9	11
0.795	6.929	33	29	8509	257.848	42.421	245.000	200	373	290.939	390.909	22.273	0.546	0.225	0.546	290.951	390.918	22.260	290	390	20	3	3	6
0.506	4.814	21	21	5488	261.333	42.650	250.000	203	339	162.524	408.143	22.000	0.468	0.216	0.460	162.529	408.172	22.013	162	407	20	2	3	5
37.405	168.225	1552	1037	656790	423.189	311.285	316.000	200	2423	52.999	166.206	27.878	3.938	2.021	4.005	54.885	166.856	28.075	26	138	21	47	47	10
1.494	12.431	62	54	16282	262.613	50.487	250.500	200	436	54.065	183.065	24.194	0.769	0.312	0.719	53.975	182.973	24.276	52	181	21	6	6	7
0.241	3.015	10	10	2286	228.600	26.073	222.500	204	275	93.400	267.700	22.400	0.364	0.161	0.298	93.388	267.728	22.381	93	267	21	2	2	4
0.241	2.821	10	10	2152	215.200	13.028	208.500	206	239	51.400	280.600	22.500	0.332	0.143	0.265	51.386	280.607	22.500	51	280	21	2	2	4
0.289	3.209	12	12	2896	241.333	29.546	241.000	206	300	432.417	285.583	22.750	0.369	0.162	0.343	432.394	285.615	22.750	432	285	21	2	2	4
1.012	7.494	42	37	12797	304.690	87.313	289.500	203	554	468.095	325.786	23.095	0.570	0.186	0.516	468.083	325.779	23.105	467	324	21	4	4	5
0.241	2.627	10	10	2112	211.200	4.185	211.500	206	218	310.400	333.500	22.200	0.320	0.121	0.350	310.402	333.502	22.206	310	333	21	2	2	3
0.410	4.620	17	17	3763	221.353	15.668	219.000	203	261	485.529	359.471	22.941	0.422	0.188	0.407	485.535	359.486	22.916	485	358	21	2	4	5
20.221	73.622	839	476	362132	431.623	230.605	358.000	200	1508	492.352	363.670	26.919	1.678	0.439	1.624	492.481	363.501	27.140	484	358	21	19	12	10
15.208	61.751	631	358	324823	514.775	357.708	409.000	200	2339	461.044	383.139	26.765	1.622	0.521	1.668	460.687	382.084	26.812	456	375	21	12	18	10
0.892	7.247	37	32	10797	291.811	77.483	276.000	200	463	447.216	379.757	23.324	0.566	0.180	0.554	447.252	379.754	23.328	446	378	21	4	4	5
0.651	5.502	27	26	6274	232.370	24.911	224.000	200	278	453.407	267.111	23.667	0.467	0.150	0.481	453.413	267.065	23.653	452	266	22	3	4	4
0.795	7.635	33	30	6890	208.788	7.206	207.000	200	229	139.667	290.242	24.758	0.566	0.226	0.514	139.665	290.237	24.760	138	289	22	4	4	6
3.856	25.357	160	116	40000	250.000	43.657	236.500	200	392	396.575	307.538	27.194	1.104	0.408	1.070	396.557	307.518	27.130	390	305	22	12	6	9
2.338	13.224	97	74	45750	471.649	251.979	424.000	204	1168	477.474	322.402	25.691	0.816	0.318	0.756	477.467	322.391	25.642	476	321	22	4	4	8
0.892	7.441	37	32	8018	216.703	12.688	215.000	200	246	213.892	360.919	24.811	0.569	0.216	0.527	213.893	360.922	24.808	212	360	22	5	3	6
0.265	3.403	11	11	2526	229.636	25.252	225.000	200	280	271.273	376.182	23.545	0.392	0.174	0.302	271.257	376.178	23.557	271	375	22	2	3	4
0.868	7.511	36	33	10179	282.750	69.081	257.500	205	455	440.361	380.333	24.444	0.648	0.323	0.619	440.348	380.330	24.288	439	379	22	4	3	7
2.169	17.051	90	77	23414	260.156	51.026	240.500	200	424	451.000	383.533	26.533	1.023	0.422	1.064	451.053	383.541	26.395	447	382	22	8	6	9
1.181	9.310	49	38	13691	279.408	66.305	267.000	205	454	207.714	399.694	25.224	0.639	0.239	0.581	207.729	399.696	25.204	206	398	22	4	4	7
0.603	5.642	25	22	6566	262.640	50.287	254.000	201	373	279.880	400.800	24.040	0.473	0.181	0.466	279.845	400.779	24.029	279	400	22	3	3	5
15.835	66.387	657	433	191871	292.041	79.779	273.000	200	788	505.294	214.942	28.180	1.860	0.925	1.608	505.575	214.487	28.287	495	196	23	17	26	8
1.567	10.914	65	49	19128	294.277	89.810	270.000	200	539	451.662	277.569	26.415	0.719	0.263	0.696	451.691	277.547	26.326	450	276	23	4	4	7
0.241	2.627	10	10	2218	221.800	15.411	217.000	203	255	315.400	287.500	23.800	0.320	0.121	0.350	315.388	287.481	23.801	315	287	23	2	2	3
1.277	9.310	53	44	15283	288.358	75.515	275.000	200	490	506.868	292.887	25.830	0.678	0.271	0.591	506.856	292.843	25.740	505	291	23	4	4	7
3.784	22.165	157	112	40164	255.822	61.921	227.000	200	510	221.223	353.968	26.420	0.973	0.302	0.978	221.194	353.939	26.596	219	350	23	6	10	8
2.627	15.129	109	82	36951	339.000	125.479	299.000	200	685	78.899	356.339	27.606	0.879	0.309	0.813	78.862	356.344	27.833	76	354	23	6	5	8
0.386	3.985	16	16	4076	254.750	35.696	262.500	200	311	376.438	401.438	25.250	0.453	0.216	0.432	376.434	401.437	25.223	376	401	23	2	2	5
0.988	8.798	41	38	10459	255.098	43.738	238.000	203	366	284.829	402.293	26.341	0.616	0.256	0.596	284.810	402.306	26.319	283	401	23	5	3	7
0.410	4.108	17	17	3844	226.118	17.367	225.000	202	255	49.412	223.294	25.412	0.422	0.167	0.374	49.414	223.305	25.394	49	222	24	2	3	4
0.434	4.743	18	16	4480	248.889	45.269	227.500	205	355	496.111	223.222	26.056	0.428	0.167	0.425	496.117	223.235	26.042	495	222	24	3	3	5
0.265	2.821	11	11	2404	218.545	11.040	219.000	201	239	136.455	276.545	24.909	0.334	0.126	0.396	136.441	276.553	24.920	136	276	24	2	2	3
0.362	4.232	15	13	3216	214.400	15.151	208.000	200	251	404.067	279.933	25.467	0.412	0.141	0.337	404.057	279.929	25.451	403	279	24	3	3	4
1.952	11.602	81	65	28725	354.630	153.098	303.000	203	894	50.358	285.519	27.815	0.759	0.267	0.793	50.302	285.562	28.193	48	284	24	5	4	7
0.964	7.899	40	34	11877	296.925	73.698	284.000	200	482	79.625	286.050	26.325	0.633	0.248	0.594	79.622	286.042	26.310	78	285	24	4	3	6
0.362	4.038	15	15	3637	242.467	40.851	220.000	200	309	105.533	310.133	26.000	0.421	0.219	0.408	105.528	310.118	25.970	105	309	24	2	3	5
1.663	13.207	69	59	17458	253.014	46.837	243.000	200	383	395.565	316.696	27.188	0.715	0.271	0.724	395.607	316.793	27.146	393	313	24	5	7	7
6.074	26.469	252	164	107459	426.425	189.597	390.000	200	1131	375.571	337.853	27.782	1.069	0.257	1.077	375.354	337.886	27.837	371	335	24	11	7	7
1.591	14.336	66	63	14661	222.136	22.064	216.500	200	318	220.652	341.348	26.742	1.016	0.392	1.001	220.703	341.257	26.829	219	337	24	5	11	7
1.711	10.844	71	56	28064	395.268	172.207	356.000	201	893	381.394	343.225	27.592	0.737	0.265	0.707	381.365	343.174	27.715	380	342	24	4	4	7
1.615	10.984	67	53	20807	310.552	85.638	294.000	200	550	509.209	373.925	27.030	0.738	0.291	0.681	509.187	373.940	26.960	507	373	24	5	3	7
0.289	3.209	12	12	2809	234.083	27.547	228.000	201	279	294.333	400.500	25.500	0.378	0.168	0.284	294.319	400.513	25.481	294	400	24	2	2	4
3.929	25.871	163	137	45235	277.515	66.614	253.000	201	495	19.675	151.552	28.313	1.187	0.377	1.166	19.715	151.701	28.314	16	144	25	8	15	6
0.578	5.325	24	22	6343	264.292	47.083	259.000	201	379	52.375	174.000	27.042	0.472	0.181	0.467	52.364	174.020	27.043	51	173	25	3	3	5
1.928	11.973	80	61	24722	309.025	93.266	285.500	201	549	415.388	250.962	28.125	0.709	0.191	0.688	415.485	251.016	28.171	413	249	25	5	5	6
1.181	9.045	49	44	12840	262.041	52.370	254.000	200	408	484.449	278.204	27.388	0.654	0.251	0.637	484.422	278.197	27.302	483	277	25	4	4	6
0.747	7.371	31	30	6749	217.710	13.577	216.000	200	249	362.516	302.194	28.000	0.616	0.288	0.540	362.519	302.202	28.038	361	301	25	4	4	6
1.687	10.967	70	56	20371	291.014	80.701	263.500	201	533	308.729	323.386	27.600	0.727	0.242	0.704	308.639	323.328	27.797	307	322	25	5	4	6
1.277	8.975	53	47	15972	301.358	79.569	280.000	201	502	403.585	324.623	28.189	0.645	0.235	0.602	403.591	324.632	28.294	402	323	25	4	4	6
0.289	2.821	12	12	3225	268.750	23.837	268.000	234	312	389.500	338.500	26.000	0.344	0.124	0.428	389.509	338.528	25.987	389	338	25	2	2	3
0.482	4.743	20	18	4481	224.050	24.258	217.000	200	280	224.800	360.800	26.400	0.443	0.149	0.382	224.786	360.815	26.373	224	360	25	3	3	4
0.410	4.937	17	16	3951	232.412	28.076	224.000	201	291	355.529	370.118	26.941	0.452	0.219	0.437	355.515	370.113	26.976	354	369	25	4	3	5
0.868	7.741	36	34	9178	254.944	49.203	246.500	200	417	153.278	376.861	28.861	0.583	0.263	0.546	153.308	376.852	28.975	151	375	25	5	4	6
0.940	7.317	39	36	11408	292.513	72.681	270.000	201	478	313.821	386.077	27.974	0.599	0.247	0.515	313.784	386.102	27.990	313	385	25	3	3	6
1.928	13.561	80	68	22552	281.900	80.305	254.000	200	514	414.600	391.400	28.513	0.779	0.285	0.717	414.409	391.412	28.654	412	390	25	9	4	6
1.711	10.703	71	58	22912	322.704	98.362	303.000	200	581	250.197	403.000	27.972	0.690	0.225	0.671	250.080	402.984	28.167	248	402	25	6	3	6
1.398	8.834	58	48	21671	373.638	145.477	331.500	202	740	161.431	235.259	28.431	0.622	0.166	0.640	161.427	235.193	28.628	159	234	26	5	4	5
1.591	9.717	66	52	28652	434.121	211.556	380.500	205	947	420.712	239.545	28.545	0.646	0.166	0.663	420.641	239.541	28.794	419	238	26	5	4	5
1.085	7.741	45	39	17610	391.333	156.416	350.000	214	777	424.133	247.622	28.711	0.556	0.157	0.527	424.129	247.636	28.842	423	246	26	4	4	5
0.747	6.542	31	29	7364	237.548	32.182	225.000	202	316	437.968	260.677	28.355	0.552	0.210	0.586	437.946	260.672	28.306	437	259	26	3	4	5
1.085	9.329	45	42	10429	231.756	22.638	227.000	200	288	148.178	273.844	29.089	0.616	0.269	0.527	148.169	273.866	29.139	143	273	26	9	3	5
10.412	44.667	432	315	205543	475.794	304.765	359.000	200	1796	307.229	274.769	29.000	1.477	0.688	1.323	308.428	274.912	29.199	294	269	26	22	13	5
0.265	3.139	11	11	2509	228.091	20.676	220.000	201	254	293.727	281.364	26.909	0.352	0.150	0.394	293.717	281.396	26.878	293	280	26	3	3	3
0.916	6.789	38	34	9056	238.316	32.804	230.000	201	327	57.026	288.237	28.658	0.527	0.168	0.522	57.023	288.227	28.719	56	287	26	3	4	5
0.265	3.209	11	11	2481	225.545	21.695	215.000	201	263	20.364	320.545	27.818	0.368	0.173	0.358	20.338	320.551	27.792	20	320	26	2	2	4
0.675	6.294	28	25	6739	240.679	33.818	236.000	201	326	143.786	336.071	28.179	0.529	0.208	0.500	143.798	336.069	28.235	143	335	26	3	3	5
1.157	8.199	48	41	14757	307.438	82.793	276.500	202	479	396.042	348.167	28.500	0.602	0.193	0.621	396.002	348.217	28.540	394	347	26	5	3	5
0.337	4.108	14	12	3401	242.929	36.375	238.000	200	320	350.000	363.857	27.500	0.413	0.143	0.331	349.999	363.857	27.500	349	363	26	3	3	4
0.410	4.620	17	15	4161	244.765	39.209	228.000	204	336	40.824	230.176	28.471	0.438	0.149	0.361	40.833	230.172	28.447	40	229	27	3	3	4
0.506	4.549	21	20	5796	276.000	59.994	267.000	200	407	508.000	250.619	28.952	0.420	0.131	0.447	508.002	250.608	29.042	507	250	27	3	3	4
0.819	6.084	34	32	10948	322.000	93.459	302.000	202	596	438.971	278.971	28.676	0.501	0.152	0.482	438.968	278.977	28.858	437	278	27	4	3	4
0.771	6.084	32	28	9193	287.281	68.305	269.500	201	461	428.062	297.562	28.844	0.492	0.133	0.480	428.085	297.619	28.898	427	296	27	3	4	4
0.482	4.937	20	20	4413	220.650	16.778	219.000	200	256	174.650	302.700	28.300	0.440	0.170	0.456	174.637	302.698	28.277	174	301	27	3	4	4
0.554	4.990	23	21	7090	308.261	93.838	290.000	204	560	390.870	345.957	29.043	0.434	0.130	0.461	390.828	345.955	29.165	390	345	27	3	3	4
1.109	7.795	46	40	21627	470.152	246.663	387.000	204	1189	404.304	354.761	28.870	0.552	0.133	0.534	404.283	354.769	29.088	402	353	27	5	4	4
0.723	6.066	30	28	9149	304.967	92.478	278.000	200	534	378.133	360.200	29.167	0.462	0.128	0.465	378.145	360.225	29.254	376	359	27	5	4	4
1.229	9.171	51	47	12411	243.353	35.004	237.000	200	334	18.647	201.412	29.333	0.609	0.212	0.580	18.597	201.386	29.390	15	200	28	8	4	3
3.639	20.887	151	134	50770	336.225	118.285	296.000	200	767	486.636	214.934	29.377	0.897	0.332	0.869	486.393	214.766	29.480	483	210	28	11	10	3
1.350	11.023	56	50	14277	254.946	61.020	226.500	201	450	439.321	256.411	29.321	0.660	0.260	0.647	439.117	256.236	29.384	436	254	28	9	6	3
0.241	2.627	10	10	2194	219.400	16.015	214.000	202	244	410.500	282.400	29.200	0.320	0.121	0.350	410.499	282.381	29.228	410	282	28	2	2	3
0.434	3.968	18	18	3997	222.056	19.486	218.000	200	269	191.056	287.611	29.111	0.380	0.122	0.437	191.052	287.612	29.139	190	287	28	3	3	3
0.313	3.386	13	13	3188	245.231	42.627	238.000	200	348	471.846	297.615	29.385	0.349	0.116	0.333	471.844	297.636	29.447	471	297	28	3	3	3
0.289	2.821	12	12	2811	234.250	22.198	237.500	204	265	508.500	301.500	29.000	0.344	0.124	0.428	508.496	301.502	29.072	508	301	28	2	2	3
0.362	3.580	15	15	3994	266.267	46.739	260.000	210	368	118.000	322.600	29.333	0.347	0.105	0.318	118.009	322.586	29.383	117	322	28	3	3	3
0.458	4.338	19	18	6533	343.842	107.264	302.000	217	621	479.737	331.000	29.421	0.379	0.097	0.352	479.748	330.997	29.522	478	330	28	4	3	3
0.265	3.192	11	11	2549	231.727	31.068	219.000	201	290	324.455	333.091	29.545	0.328	0.113	0.318	324.467	333.090	29.562	323	332	28	3	3	3
0.458	4.355	19	18	4578	240.947	36.465	237.000	201	335	363.000	343.000	29.105	0.399	0.095	0.428	363.011	342.994	29.147	362	342	28	3	3	3
0.506	4.726	21	20	7182	342.000	115.978	316.000	201	604	403.238	347.762	29.333	0.394	0.101	0.384	403.186	347.707	29.449	402	346	28	4	4	3
0.578	5.291	24	24	6046	251.917	37.707	240.500	200	343	509.125	364.833	29.375	0.432	0.136	0.431	509.147	364.849	29.419	507	364	28	5	3	3
0.458	4.338	19	18	5302	279.053	70.785	265.000	201	440	450.789	394.211	29.474	0.371	0.090	0.362	450.778	394.223	29.541	449	393	28	4	4	3
0.265	2.857	11	11	2861	260.091	53.988	249.000	200	381	21.000	142.091	29.818	0.296	0.091	0.320	20.999	142.109	29.842	20	141	29	3	3	2
0.265	2.998	11	11	2640	240.000	27.745	231.000	203	293	34.000	221.273	29.636	0.298	0.062	0.307	33.975	221.287	29.662	33	220	29	3	3	2
