Volume (micron^3)	Surface (micron^2)	Nb of obj. voxels	Nb of surf. voxels	IntDen	Mean	StdDev	Median	Min	Max	X	Y	Z	Mean dist. to surf. (micron)	SD dist. to surf. (micron)	Median dist. to surf. (micron)	XM	YM	ZM	BX	BY	BZ	B-width	B-height	B-depth
0.627	5.395	26	26	6821	262.346	40.668	254.000	204	336	127.923	16.538	2.731	0.517	0.226	0.511	127.919	16.541	2.632	127	16	1	3	2	5
0.892	6.120	37	33	13916	376.108	149.608	327.000	207	755	412.378	19.297	1.811	0.481	0.084	0.479	412.388	19.249	1.668	411	18	1	4	4	3
4715.172	7706.718	195640	50115	86380656	441.529	338.158	329.000	200	3967	168.259	176.011	20.113	22.561	12.095	19.938	171.041	174.958	20.639	69	0	1	198	319	35
0.362	3.774	15	14	4173	278.200	57.114	270.000	210	408	18.867	49.800	1.667	0.364	0.095	0.335	18.848	49.770	1.621	18	49	1	3	3	3
0.434	4.372	18	18	4129	229.389	20.197	228.500	200	272	29.444	114.556	3.167	0.512	0.251	0.485	29.424	114.576	3.164	29	114	1	2	2	5
0.362	3.439	15	15	4271	284.733	72.079	286.000	205	454	477.067	117.067	1.400	0.325	0.068	0.330	477.126	117.062	1.355	476	116	1	3	3	2
1.205	9.062	50	45	13269	265.380	52.516	258.500	201	416	140.920	201.100	4.440	0.693	0.324	0.650	140.905	201.106	4.399	140	200	1	3	3	8
1.012	9.327	42	38	11387	271.119	48.811	265.000	200	380	187.071	206.952	5.857	0.806	0.446	0.766	187.107	206.908	5.939	186	206	1	3	3	10
0.675	6.030	28	26	6480	231.429	28.169	224.500	200	302	165.536	220.964	2.393	0.512	0.184	0.557	165.530	220.981	2.325	164	220	1	4	3	5
3438.022	5597.143	142649	37398	70003752	490.741	359.256	366.000	200	3381	394.120	279.345	19.440	15.724	7.733	15.133	388.843	278.595	19.597	279	219	1	233	109	35
3.109	16.132	129	102	54488	422.388	190.943	378.000	210	973	88.442	230.605	4.814	1.012	0.449	0.934	88.418	230.560	4.643	87	229	1	4	4	10
0.482	4.392	20	20	5537	276.850	61.311	268.000	206	414	360.500	247.700	1.400	0.363	0.087	0.395	360.482	247.704	1.359	359	246	1	4	4	2
13.232	57.519	549	329	150138	273.475	64.495	255.000	200	547	199.760	258.257	5.381	1.670	0.590	1.685	199.663	258.156	5.403	193	253	1	15	14	14
2.940	19.469	122	99	36947	302.844	100.557	262.000	200	626	357.074	255.738	2.475	0.938	0.359	0.847	356.926	255.740	2.527	352	253	1	13	6	6
0.289	3.122	12	12	2659	221.583	21.296	216.500	200	267	364.167	259.083	1.333	0.307	0.070	0.326	364.166	259.097	1.325	363	258	1	3	3	2
0.386	3.897	16	16	4601	287.562	61.738	274.000	202	408	371.000	259.500	1.625	0.354	0.105	0.342	370.976	259.494	1.585	370	258	1	3	4	3
4.820	25.715	200	156	54866	274.330	57.570	266.000	200	472	275.135	271.415	2.105	0.939	0.285	0.959	275.066	271.326	2.011	270	267	1	11	10	5
1.301	9.891	54	45	15028	278.296	64.145	257.000	201	423	419.407	299.241	3.500	0.723	0.296	0.684	419.387	299.261	3.464	418	298	1	4	4	7
469.661	1197.848	19487	7525	8732941	448.142	276.618	355.000	200	2584	469.966	360.850	24.340	7.793	3.395	7.743	472.111	360.839	25.055	411	345	1	101	33	35
0.603	6.101	25	23	6291	251.640	42.703	241.000	202	355	407.200	364.920	2.920	0.555	0.223	0.482	407.194	364.935	2.894	406	364	1	3	3	5
13.473	52.471	559	297	207884	371.885	157.649	329.000	200	1166	28.875	123.496	11.088	1.802	0.827	1.614	28.852	123.517	11.514	26	119	2	7	11	19
0.289	3.791	12	12	2659	221.583	18.812	214.500	200	254	169.500	221.917	4.250	0.435	0.227	0.355	169.511	221.926	4.258	169	221	2	2	3	5
0.313	3.403	13	13	3026	232.769	22.249	228.000	209	272	356.538	331.615	3.615	0.394	0.174	0.307	356.551	331.636	3.605	356	331	2	2	2	4
1.229	9.186	51	44	15835	310.490	92.546	292.000	200	567	109.255	130.980	5.451	0.688	0.293	0.651	109.270	130.970	5.399	108	130	3	4	3	7
0.868	6.929	36	32	9094	252.611	43.837	241.500	200	375	380.028	288.139	5.306	0.550	0.216	0.559	380.035	288.147	5.308	379	287	3	3	3	6
0.337	4.566	14	14	3026	216.143	11.864	211.500	201	236	326.643	308.143	6.143	0.613	0.355	0.616	326.657	308.158	6.104	326	307	3	2	3	7
102.696	312.961	4261	1866	1769055	415.174	268.442	326.000	200	2480	386.637	371.332	22.794	3.746	1.642	3.614	387.967	370.887	23.271	368	363	3	39	17	33
700.311	2128.807	29057	12663	11994507	412.792	237.510	331.000	200	2240	55.829	191.968	23.925	11.710	6.355	10.792	55.844	192.726	24.400	7	110	4	107	178	32
0.362	3.914	15	15	3215	214.333	14.908	209.000	200	250	465.133	254.667	5.800	0.387	0.153	0.388	465.127	254.681	5.800	464	254	4	3	2	4
3.422	17.931	142	99	50226	353.704	130.835	316.500	200	752	487.986	284.486	8.521	1.003	0.409	1.037	487.988	284.451	8.580	486	283	4	5	4	10
13.424	53.300	557	301	204296	366.779	160.338	320.000	200	956	342.855	370.285	11.815	1.673	0.632	1.562	342.531	370.183	12.007	338	366	4	12	10	17
0.289	3.403	12	12	2622	218.500	12.251	216.500	202	236	377.333	372.500	6.167	0.399	0.216	0.372	377.315	372.500	6.175	377	372	4	2	2	5
2.820	19.552	117	90	33201	283.769	74.595	258.000	200	495	414.308	380.470	9.632	1.222	0.649	1.106	414.337	380.519	9.499	412	379	4	6	4	14
80.643	246.423	3346	1497	1574473	470.554	337.006	356.500	200	2757	9.212	103.559	23.748	3.611	1.598	3.595	8.548	104.113	25.066	0	91	5	21	26	31
4.893	23.646	203	124	48333	238.094	28.991	231.000	200	319	127.049	213.158	9.059	1.027	0.297	0.978	127.085	213.146	9.011	122	211	5	9	6	9
0.844	7.388	35	32	9157	261.629	49.927	255.000	201	366	455.257	251.829	7.886	0.616	0.292	0.512	455.285	251.790	7.892	454	251	5	3	3	7
1.181	8.410	49	43	12094	246.816	35.446	240.000	200	341	442.061	275.082	7.408	0.644	0.252	0.654	442.080	275.093	7.387	441	274	5	3	4	6
3.302	21.319	137	103	34349	250.723	42.356	242.000	200	421	276.781	311.547	9.314	0.930	0.340	0.896	276.627	311.542	9.381	272	309	5	9	7	9
1.856	12.465	77	60	20749	269.468	60.421	246.000	200	409	294.481	366.286	8.403	0.850	0.370	0.730	294.474	366.306	8.446	293	365	5	4	4	9
1.253	9.751	52	50	12504	240.462	31.092	236.500	200	318	423.692	383.269	7.673	0.639	0.234	0.647	423.792	383.291	7.687	421	382	5	6	3	6
0.337	4.355	14	14	2881	205.786	6.117	203.500	200	221	142.143	149.857	8.214	0.547	0.273	0.537	142.138	149.858	8.201	141	149	6	5	3	5
1.109	8.798	46	38	11748	255.391	42.738	243.000	201	365	505.565	277.957	8.826	0.656	0.267	0.574	505.580	277.969	8.856	504	277	6	4	3	7
0.699	6.294	29	27	7311	252.103	41.756	241.000	201	341	473.069	313.379	8.379	0.551	0.231	0.560	473.108	313.378	8.388	472	312	6	3	3	6
41.334	123.430	1715	699	655238	382.063	198.541	310.000	200	1229	310.735	363.251	19.027	2.409	0.851	2.242	311.029	363.557	19.685	301	356	6	20	16	24
1.181	8.975	49	38	13450	274.490	55.028	256.000	201	397	356.898	359.592	8.694	0.618	0.206	0.597	356.882	359.594	8.703	355	358	6	5	4	6
0.603	6.294	25	22	6004	240.160	36.251	228.000	201	329	79.200	185.960	9.520	0.560	0.251	0.603	79.209	185.964	9.498	78	185	7	3	3	6
0.386	4.690	16	15	3778	236.125	33.779	225.500	201	313	110.000	270.812	9.125	0.458	0.188	0.425	109.992	270.811	9.134	109	270	7	3	3	5
10.580	43.164	439	239	122826	279.786	65.104	264.000	200	516	122.674	11.417	13.405	1.492	0.576	1.390	122.662	11.423	13.585	119	7	8	8	10	15
0.940	9.751	39	37	9105	233.462	25.709	223.000	200	298	119.051	143.949	12.462	0.869	0.456	0.788	119.064	143.947	12.452	118	141	8	3	6	9
11.786	54.056	489	296	147271	301.168	83.868	277.000	200	543	142.229	217.577	22.405	2.233	1.230	2.036	142.304	217.571	22.608	139	213	8	8	10	26
1.301	9.768	54	47	15222	281.889	66.164	272.000	201	464	467.167	279.944	10.815	0.715	0.331	0.605	467.183	279.924	10.763	466	279	8	4	3	8
0.313	3.720	13	13	3066	235.846	28.830	230.000	203	286	471.462	287.077	9.538	0.384	0.156	0.339	471.451	287.063	9.550	471	286	8	2	3	4
0.795	6.595	33	30	7422	224.909	19.290	223.000	200	277	240.848	311.091	9.576	0.536	0.185	0.558	240.855	311.091	9.587	239	310	8	4	3	5
1.783	11.619	74	58	24930	336.892	115.288	308.500	201	631	337.514	349.784	10.959	0.760	0.288	0.714	337.491	349.780	10.925	336	348	8	4	4	7
3.302	20.912	137	105	35453	258.781	49.670	243.000	200	443	353.912	370.168	12.139	0.972	0.349	0.944	353.975	370.080	12.084	351	368	8	7	6	9
1.085	8.146	45	40	11077	246.156	40.242	236.000	201	350	29.778	111.178	11.400	0.630	0.261	0.638	29.828	111.191	11.411	28	110	9	4	3	6
0.603	5.907	25	23	5884	235.360	32.674	225.000	201	310	125.920	267.320	11.200	0.511	0.230	0.445	125.917	267.331	11.168	125	266	9	3	3	6
0.603	5.255	25	23	5796	231.840	31.423	219.000	200	310	215.880	295.800	10.840	0.458	0.158	0.444	215.870	295.793	10.843	215	295	9	3	3	5
0.868	7.230	36	31	8355	232.083	29.634	220.000	201	318	239.056	317.583	10.917	0.533	0.172	0.502	239.066	317.626	10.899	238	315	9	3	5	5
19.980	80.860	829	439	301486	363.674	156.143	308.000	200	954	285.603	369.396	17.174	1.985	0.756	1.959	285.428	369.275	17.200	278	364	9	17	11	18
0.241	3.209	10	10	2233	223.300	24.436	212.500	200	268	395.000	376.200	10.500	0.341	0.137	0.320	395.011	376.187	10.487	394	376	9	3	2	4
0.482	4.620	20	20	5181	259.050	50.422	242.500	201	368	13.150	125.550	11.700	0.443	0.193	0.391	13.157	125.563	11.710	12	125	10	3	2	5
0.482	4.884	20	20	4787	239.350	20.231	242.500	203	272	472.500	320.450	12.650	0.517	0.257	0.552	472.495	320.448	12.639	472	319	10	2	3	6
0.241	3.279	10	10	2368	236.800	24.926	233.000	204	278	329.700	357.800	11.900	0.414	0.230	0.403	329.698	357.820	11.879	329	357	10	2	2	5
0.337	3.597	14	14	3456	246.857	32.484	248.000	203	301	360.429	370.571	11.500	0.412	0.178	0.280	360.432	370.605	11.535	360	370	10	2	2	4
6.266	31.332	260	172	98043	377.088	180.260	321.500	200	1050	443.542	378.450	16.808	1.339	0.597	1.240	443.522	378.195	17.361	441	375	10	7	8	14
0.844	7.511	35	29	8620	246.286	37.072	237.000	200	332	469.429	265.943	13.143	0.576	0.219	0.523	469.442	265.926	13.133	468	265	11	4	3	6
1.085	11.285	45	43	9920	220.444	15.214	220.000	200	264	342.644	335.022	15.867	0.932	0.502	0.885	342.631	334.994	15.891	341	332	11	5	7	10
0.482	4.426	20	20	4590	229.500	22.008	224.500	201	273	51.550	200.000	13.350	0.428	0.164	0.376	51.557	200.009	13.342	51	199	12	2	3	4
23.234	109.693	964	573	298178	309.313	109.269	274.500	200	798	134.178	316.186	21.832	2.055	0.778	1.995	134.188	316.354	21.765	128	307	12	14	21	20
0.386	3.597	16	16	3992	249.500	29.414	252.000	208	298	30.500	54.500	14.500	0.437	0.180	0.437	30.511	54.518	14.456	30	54	13	2	2	4
0.506	5.201	21	19	5067	241.286	32.752	229.000	200	313	29.238	115.190	14.476	0.484	0.192	0.372	29.249	115.198	14.477	28	114	13	3	3	5
0.675	6.418	28	25	6618	236.357	31.727	225.000	200	315	113.036	114.964	15.786	0.550	0.238	0.531	113.046	114.948	15.784	112	114	13	3	3	6
2.627	15.427	109	85	37568	344.661	126.183	306.000	200	725	120.578	297.110	17.147	0.987	0.444	0.909	120.558	297.088	17.049	119	296	13	5	4	10
19.594	95.359	813	540	227231	279.497	74.010	257.000	200	594	462.488	308.353	27.462	2.447	1.148	2.394	462.496	308.366	27.420	454	303	13	17	14	23
2.073	17.034	86	74	19948	231.953	28.414	224.000	200	303	505.081	303.488	16.930	0.908	0.431	0.817	505.046	303.399	16.949	503	299	13	5	12	9
4.868	29.569	202	145	55779	276.134	83.912	250.000	200	632	295.332	363.639	18.525	1.202	0.530	1.104	295.654	363.798	18.769	290	360	13	11	8	12
10.797	59.403	448	306	138643	309.471	96.351	282.500	200	708	335.998	375.797	26.114	2.133	1.171	1.925	336.052	376.000	26.402	332	369	13	8	17	23
1.808	11.232	75	55	28831	384.413	167.296	312.000	201	888	306.453	376.640	15.920	0.736	0.265	0.625	306.417	376.688	15.961	305	375	13	4	4	7
5.881	30.098	244	160	102697	420.889	255.663	324.000	200	1458	433.020	380.488	18.709	1.265	0.538	1.136	432.651	380.584	19.134	429	378	13	9	6	13
1.109	9.099	46	40	10076	219.043	18.954	213.500	200	280	116.674	17.261	16.957	0.639	0.247	0.597	116.693	17.302	16.907	115	15	14	4	5	6
2.097	17.560	87	78	19740	226.897	18.656	225.000	200	281	88.586	59.483	20.506	1.430	0.767	1.419	88.609	59.503	20.582	87	57	14	4	5	16
0.530	6.348	22	22	4778	217.182	19.168	207.500	200	265	184.455	306.000	17.045	0.642	0.279	0.594	184.405	305.999	16.986	183	305	14	5	4	6
0.603	5.960	25	25	5818	232.720	21.120	236.000	201	267	244.200	324.480	16.000	0.518	0.239	0.456	244.194	324.477	16.001	242	324	14	5	2	5
1.735	12.077	72	58	24874	345.472	130.177	312.500	200	757	207.667	367.125	17.167	0.802	0.343	0.769	207.733	367.117	17.160	206	366	14	4	4	8
0.337	3.403	14	14	3219	229.929	17.149	228.000	203	257	364.571	372.500	15.286	0.404	0.176	0.336	364.590	372.500	15.284	364	372	14	2	2	4
0.844	7.123	35	31	10013	286.086	64.821	268.000	207	438	310.086	373.629	16.314	0.587	0.240	0.582	310.097	373.628	16.367	309	372	14	3	4	6
8.869	38.646	368	223	183914	499.766	332.320	383.000	200	1856	262.997	374.976	21.179	1.730	0.839	1.646	262.822	375.037	20.633	260	373	14	7	6	18
1.326	9.627	55	46	17223	313.145	102.376	295.000	200	568	41.527	110.036	18.236	0.662	0.265	0.584	41.525	110.040	18.272	40	109	15	4	3	7
0.651	6.084	27	25	5838	216.222	12.665	212.000	200	247	107.333	238.148	17.222	0.476	0.170	0.451	107.333	238.149	17.225	106	237	15	4	3	5
0.265	2.821	11	11	2338	212.545	8.178	212.000	200	227	245.455	316.455	16.091	0.334	0.126	0.396	245.450	316.456	16.073	245	316	15	2	2	3
0.313	3.209	13	13	2970	228.462	17.362	227.000	201	262	126.538	5.538	17.154	0.378	0.164	0.374	126.542	5.556	17.142	126	5	16	2	2	4
1.808	12.184	75	57	20542	273.893	70.446	250.000	200	479	46.307	20.747	18.933	0.739	0.268	0.669	46.289	20.683	18.985	45	19	16	4	5	7
0.434	4.479	18	18	3881	215.611	9.714	214.500	202	234	76.278	158.611	17.722	0.405	0.156	0.368	76.272	158.611	17.717	75	158	16	5	2	4
0.386	4.355	16	15	3382	211.375	10.059	208.500	200	233	81.688	190.688	17.062	0.413	0.151	0.411	81.689	190.684	17.066	80	190	16	4	3	4
0.386	3.597	16	16	4016	251.000	32.904	251.000	203	301	464.500	335.500	17.500	0.437	0.180	0.437	464.496	335.481	17.471	464	335	16	2	2	4
0.603	5.449	25	25	5794	231.760	22.484	228.000	202	278	170.400	356.480	17.480	0.462	0.164	0.440	170.379	356.487	17.477	170	355	16	2	4	4
0.241	3.085	10	10	2123	212.300	8.680	211.500	202	225	125.400	189.800	18.300	0.418	0.196	0.417	125.406	189.808	18.310	125	189	17	2	2	4
17.642	67.605	732	391	254560	347.760	130.348	309.000	200	988	122.910	299.807	28.738	1.999	0.829	1.982	122.950	299.706	29.084	116	294	17	14	13	19
0.506	4.743	21	20	4687	223.190	18.277	220.000	200	258	361.000	307.571	18.619	0.437	0.159	0.375	361.004	307.568	18.620	360	307	17	3	3	4
4.194	24.296	174	125	51942	298.517	94.636	263.500	200	635	478.408	322.080	23.276	1.316	0.670	1.169	478.440	322.157	23.335	477	319	17	4	7	15
28.150	90.718	1168	531	639419	547.448	443.775	378.000	200	2633	249.647	327.625	27.003	2.162	0.761	2.077	249.804	328.254	27.068	245	318	17	11	18	19
0.313	3.209	13	13	3304	254.154	31.575	254.000	209	308	460.462	328.462	18.154	0.378	0.164	0.374	460.466	328.426	18.125	460	328	17	2	2	4
0.554	5.131	23	22	6006	261.130	43.942	248.000	214	367	257.565	357.000	19.000	0.466	0.182	0.475	257.570	357.018	19.011	257	356	17	3	3	5
22.535	92.806	935	535	326100	348.770	173.021	282.000	200	1261	169.180	363.604	29.589	2.087	0.821	2.069	169.009	363.450	30.233	163	357	17	15	16	19
1.157	8.922	48	42	11241	234.188	30.298	221.000	200	315	367.729	376.146	19.917	0.637	0.260	0.558	367.739	376.159	19.914	366	375	17	4	3	7
0.940	8.040	39	35	8845	226.795	21.830	220.000	201	283	85.923	98.308	21.128	0.678	0.320	0.547	85.921	98.306	21.167	85	97	18	3	3	7
0.530	5.325	22	20	5879	267.227	52.198	258.000	206	384	315.682	348.818	20.182	0.484	0.201	0.450	315.671	348.803	20.193	315	348	18	3	3	5
0.265	3.333	11	11	2380	216.364	13.269	212.000	200	240	408.545	373.909	19.000	0.361	0.140	0.407	408.543	373.916	19.008	407	373	18	4	2	3
3.519	17.281	146	90	40365	276.473	57.534	259.500	200	426	88.548	24.212	21.623	0.877	0.183	0.851	88.535	24.185	21.658	86	22	19	6	6	7
9.496	43.057	394	237	123885	314.429	100.460	284.000	200	605	119.074	157.206	26.216	1.725	0.864	1.495	119.129	157.116	26.072	115	153	19	8	10	17
0.362	4.302	15	15	3473	231.533	28.329	221.000	202	296	111.667	242.867	20.800	0.428	0.209	0.388	111.674	242.873	20.816	111	242	19	2	3	5
0.434	4.620	18	17	3963	220.167	17.443	214.000	203	259	134.278	244.278	21.056	0.450	0.186	0.423	134.282	244.273	21.041	133	243	19	3	3	5
17.714	69.192	735	385	240737	327.533	107.573	294.000	200	643	164.853	302.585	27.471	2.095	0.918	1.988	164.922	302.564	27.578	157	297	19	20	12	17
0.337	3.403	14	14	3300	235.714	23.136	233.500	204	273	153.500	312.571	20.286	0.404	0.176	0.336	153.501	312.595	20.272	153	312	19	2	2	4
1.808	13.224	75	67	20654	275.387	57.095	266.000	202	438	130.093	340.387	22.640	0.764	0.294	0.718	130.202	340.410	22.647	127	339	19	6	4	8
0.241	2.821	10	10	2232	223.200	13.685	224.500	200	242	416.500	374.500	19.800	0.320	0.123	0.358	416.503	374.509	19.772	416	374	19	2	2	3
1.157	8.851	48	39	12731	265.229	57.286	245.500	200	396	30.583	8.708	22.062	0.630	0.220	0.570	30.589	8.693	22.089	29	7	20	4	4	6
1.928	14.317	80	71	20252	253.150	46.462	243.500	200	413	113.863	265.200	24.188	1.000	0.464	0.947	113.939	265.168	24.119	111	264	20	6	4	10
0.265	3.403	11	11	2571	233.727	21.152	226.000	207	272	490.000	284.273	21.636	0.363	0.152	0.307	489.991	284.277	21.652	489	284	20	3	2	4
12.798	54.342	531	303	187118	352.388	160.649	302.000	200	1156	144.686	335.919	25.938	1.564	0.510	1.569	144.634	336.013	26.055	140	329	20	8	15	14
7.134	41.913	296	213	80986	273.601	72.952	251.000	200	579	319.774	330.416	24.226	1.489	0.619	1.488	319.514	330.646	24.162	312	324	20	18	12	9
0.241	2.751	10	10	2123	212.300	6.378	212.500	201	222	158.700	354.400	21.300	0.306	0.100	0.310	158.702	354.403	21.301	158	354	20	3	2	3
4.001	22.322	166	117	62373	375.741	182.183	320.500	201	1054	321.211	375.946	23.018	0.982	0.315	0.947	321.119	376.186	23.070	319	372	20	5	8	8
1.687	11.532	70	58	18353	262.186	45.641	252.500	200	386	344.614	376.529	21.971	0.685	0.196	0.731	344.628	376.563	21.966	343	374	20	4	6	5
3.760	21.440	156	112	43807	280.814	58.878	266.500	200	442	362.186	377.269	24.994	1.159	0.537	1.085	362.180	377.321	24.986	360	375	20	6	6	12
2.314	17.456	96	74	29277	304.969	108.536	264.000	200	629	290.510	391.417	23.719	0.917	0.368	0.914	290.624	391.227	23.880	288	389	20	6	8	9
1.711	11.425	71	53	18523	260.887	56.609	240.000	200	409	59.535	21.535	23.859	0.746	0.272	0.699	59.558	21.536	23.804	58	20	21	4	4	7
0.627	5.589	26	26	6338	243.769	29.609	238.000	206	300	99.115	84.462	23.615	0.531	0.252	0.555	99.133	84.460	23.618	98	84	21	3	2	6
3.230	19.254	134	100	38923	290.470	86.950	264.500	200	633	86.619	156.881	25.194	1.035	0.443	0.978	86.559	156.796	25.382	84	155	21	7	5	10
0.844	7.123	35	32	8094	231.257	26.498	227.000	200	297	472.914	305.829	23.800	0.589	0.256	0.532	472.954	305.830	23.826	471	305	21	4	3	6
0.410	4.426	17	15	3732	219.529	14.050	217.000	202	251	328.176	367.824	22.412	0.423	0.147	0.369	328.165	367.823	22.409	327	367	21	3	3	4
4.627	27.788	192	131	53915	280.807	67.682	265.000	201	498	295.828	379.422	24.938	1.118	0.447	1.057	295.846	379.393	24.865	292	376	21	8	8	12
35.477	114.053	1472	698	454161	308.533	99.282	277.000	200	718	194.050	385.442	28.101	2.172	0.680	2.142	193.713	385.533	27.950	187	376	21	18	20	15
0.289	3.985	12	12	2513	209.417	6.201	207.500	202	220	78.667	105.250	24.667	0.673	0.310	0.666	78.668	105.253	24.670	78	105	22	2	2	6
0.723	6.101	30	27	7487	249.567	36.062	242.500	206	348	38.333	131.100	24.067	0.541	0.211	0.493	38.326	131.101	24.098	37	130	22	3	3	5
2.434	17.492	101	87	22576	223.525	18.457	219.000	200	285	72.020	166.119	25.000	0.791	0.262	0.810	71.979	166.082	24.994	70	163	22	7	6	8
0.289	3.527	12	12	2751	229.250	20.356	227.500	206	265	78.583	190.917	23.833	0.371	0.167	0.349	78.586	190.927	23.829	78	190	22	2	3	4
0.313	3.456	13	13	2666	205.077	5.090	203.000	200	216	125.538	218.769	23.692	0.358	0.147	0.348	125.535	218.774	23.693	125	218	22	2	3	4
0.627	5.907	26	23	6778	260.692	48.673	246.500	200	380	320.000	349.038	23.962	0.515	0.202	0.475	319.953	349.084	24.012	319	348	22	3	3	5
0.506	4.814	21	21	4786	227.905	22.614	224.000	201	277	469.429	357.000	23.762	0.482	0.225	0.413	469.417	356.995	23.758	469	356	22	2	3	5
3.013	16.838	125	92	47022	376.176	154.607	332.000	200	775	264.560	383.184	26.472	0.992	0.425	1.037	264.538	383.242	26.515	263	381	22	4	5	10
4.218	25.093	175	125	42478	242.731	32.095	236.000	200	364	283.629	401.240	25.874	1.090	0.399	1.074	283.629	401.295	25.903	281	396	22	6	12	8
0.482	5.131	20	18	4808	240.400	38.669	232.000	201	329	4.950	94.250	25.200	0.449	0.175	0.422	4.949	94.252	25.226	4	93	23	3	3	5
2.386	16.186	99	78	35422	357.798	164.308	299.000	200	889	32.040	118.687	28.424	0.981	0.488	0.808	31.996	118.558	28.702	30	117	23	5	5	11
1.832	12.465	76	60	24870	327.237	112.478	311.500	200	685	63.158	179.092	26.263	0.817	0.328	0.752	63.115	179.080	26.148	61	178	23	5	4	8
3.519	19.819	146	98	40636	278.329	67.267	260.000	200	474	504.089	293.116	28.096	1.021	0.399	0.944	504.090	293.087	28.145	502	290	23	5	7	11
2.699	15.129	112	81	30110	268.839	59.661	255.000	200	439	473.232	300.571	26.000	0.848	0.264	0.850	473.171	300.555	26.031	471	298	23	6	5	7
0.289	3.209	12	12	2619	218.250	15.938	217.500	200	244	128.333	303.500	24.500	0.378	0.168	0.285	128.315	303.499	24.533	128	303	23	2	2	4
0.506	5.007	21	19	5172	246.286	35.780	241.000	203	326	507.714	307.714	25.190	0.488	0.198	0.502	507.701	307.694	25.186	507	307	23	3	3	5
6.893	38.140	286	199	84375	295.017	98.166	262.500	200	681	504.958	330.752	29.332	1.417	0.624	1.321	505.177	330.858	29.288	499	326	23	12	10	13
14.702	55.862	610	331	255358	418.620	255.321	335.000	200	1660	246.490	380.384	30.605	1.616	0.556	1.535	246.170	380.516	30.951	242	374	23	12	13	13
20.727	96.870	860	584	281678	327.533	152.701	279.500	200	1241	226.029	383.329	32.245	2.129	0.834	1.992	226.608	383.600	32.599	211	375	23	26	21	13
4.290	22.977	178	120	51651	290.174	79.690	269.000	200	628	274.972	400.427	26.416	1.139	0.660	0.943	274.835	400.462	26.201	272	397	23	7	8	13
0.482	4.690	20	20	5276	263.800	44.553	263.000	202	353	59.550	124.300	26.150	0.490	0.225	0.471	59.561	124.304	26.140	59	123	24	2	3	5
6.098	30.643	253	180	152362	602.221	477.579	414.000	200	2566	1.407	134.470	30.016	1.287	0.509	1.231	1.023	134.059	30.124	0	130	24	5	10	12
0.627	5.519	26	24	7265	279.423	61.063	262.000	201	410	28.923	168.615	26.115	0.498	0.196	0.462	28.897	168.593	26.085	28	168	24	3	3	5
0.241	2.627	10	10	2112	211.200	10.163	206.000	201	226	159.600	238.500	24.800	0.320	0.121	0.350	159.615	238.503	24.789	159	238	24	2	2	3
3.109	17.208	129	94	37894	293.752	78.093	272.000	200	490	509.899	280.318	28.155	0.947	0.365	0.877	509.985	280.331	28.210	508	278	24	4	6	10
0.940	8.922	39	33	9470	242.821	38.413	232.000	201	345	80.641	307.077	27.795	0.674	0.336	0.548	80.581	307.069	27.834	79	306	24	5	3	8
0.627	5.713	26	26	6214	239.000	28.427	238.000	200	294	330.154	361.462	26.385	0.507	0.215	0.542	330.151	361.460	26.412	329	361	24	4	2	5
0.410	4.620	17	17	3871	227.706	20.143	219.000	206	266	225.000	370.706	25.471	0.452	0.216	0.355	224.997	370.699	25.483	224	370	24	3	3	5
6.483	31.649	269	189	74494	276.929	54.443	270.000	200	438	183.896	374.970	30.409	1.314	0.516	1.271	183.891	375.028	30.422	180	371	24	8	8	12
1.301	10.138	54	44	13221	244.833	33.662	236.000	200	332	279.870	392.648	26.704	0.710	0.292	0.697	279.895	392.643	26.745	278	391	24	5	4	7
1.928	15.163	80	64	24326	304.075	102.334	266.000	200	618	2.787	15.525	28.450	0.847	0.358	0.767	2.932	15.483	28.393	0	14	25	6	4	9
0.265	3.015	11	11	2382	216.545	9.933	215.000	202	233	90.636	41.545	26.364	0.354	0.157	0.297	90.645	41.551	26.358	90	41	25	2	2	4
0.386	4.038	16	16	3601	225.062	20.495	219.500	200	263	93.562	71.125	26.562	0.395	0.152	0.342	93.565	71.127	26.559	93	70	25	2	3	4
6.049	34.349	251	174	86636	345.163	151.787	289.000	201	878	119.462	73.793	29.131	1.247	0.470	1.230	119.868	73.479	29.389	112	70	25	14	9	10
0.362	3.597	15	15	3576	238.400	23.724	234.000	202	280	60.467	153.533	26.400	0.423	0.179	0.300	60.441	153.522	26.385	60	153	25	2	2	4
1.036	8.216	43	37	11633	270.535	53.723	259.000	205	396	97.209	273.814	27.209	0.621	0.230	0.590	97.200	273.794	27.221	95	273	25	5	3	6
0.916	7.300	38	29	10647	280.184	79.600	250.000	200	432	114.447	286.447	26.842	0.563	0.162	0.506	114.444	286.461	26.865	113	285	25	4	4	5
2.097	15.463	87	75	20762	238.644	32.265	229.000	200	310	197.966	289.437	31.379	1.075	0.552	1.034	197.993	289.430	31.508	196	286	25	5	6	11
0.337	3.403	14	14	3580	255.714	25.098	258.000	209	296	135.500	292.429	26.286	0.404	0.176	0.336	135.509	292.427	26.261	135	292	25	2	2	4
3.832	19.148	159	109	78808	495.648	305.722	378.000	200	1505	106.333	294.635	29.044	1.061	0.414	0.971	106.355	294.638	28.958	104	293	25	5	5	10
2.699	18.285	112	93	33053	295.116	97.173	262.000	200	647	110.527	302.027	29.062	0.925	0.444	0.854	110.307	302.005	28.938	108	301	25	7	4	11
0.241	3.209	10	10	2177	217.700	14.997	212.500	201	247	225.700	308.900	26.700	0.361	0.163	0.316	225.707	308.898	26.713	225	308	25	2	3	4
0.337	3.403	14	14	3240	231.429	21.799	223.500	207	269	146.500	316.429	26.714	0.404	0.176	0.336	146.503	316.401	26.736	146	316	25	2	2	4
2.844	16.573	118	83	40665	344.619	153.277	281.500	200	857	278.441	328.237	29.263	0.944	0.392	0.839	278.414	328.224	29.546	276	326	25	5	5	10
0.289	3.597	12	12	2628	219.000	17.462	217.500	200	253	152.333	358.333	27.000	0.465	0.266	0.420	152.320	358.322	27.006	152	358	25	2	2	5
0.386	3.597	16	16	4090	255.625	29.412	253.500	207	297	342.500	359.500	26.500	0.437	0.180	0.437	342.486	359.483	26.519	342	359	25	2	2	4
9.183	42.459	381	234	135592	355.885	162.741	294.000	200	956	154.430	363.577	30.194	1.375	0.432	1.355	154.394	363.655	30.624	147	361	25	14	7	11
1.398	10.155	58	49	16293	280.914	62.643	267.500	202	459	104.724	71.948	29.638	0.739	0.325	0.684	104.717	71.941	29.685	103	71	26	4	3	8
0.627	6.559	26	26	8003	307.808	95.543	276.500	204	524	0.231	89.346	28.538	0.560	0.265	0.587	0.183	89.293	28.561	0	88	26	2	4	6
0.506	5.131	21	21	4939	235.190	21.945	235.000	201	279	117.048	110.381	28.048	0.461	0.207	0.451	117.078	110.380	28.019	115	110	26	4	2	5
0.241	2.627	10	10	2240	224.000	17.429	222.500	205	260	118.400	149.500	26.800	0.320	0.121	0.350	118.376	149.517	26.807	118	149	26	2	2	3
1.518	12.148	63	58	15656	248.508	40.642	239.000	200	384	85.683	166.952	30.270	0.884	0.426	0.862	85.620	166.969	30.394	84	166	26	6	3	10
0.554	5.589	23	20	5371	233.522	32.277	219.000	202	313	112.217	182.826	28.087	0.498	0.198	0.469	112.214	182.821	28.086	111	182	26	3	3	5
0.458	4.620	19	19	4313	227.000	19.376	224.000	204	269	145.842	187.632	28.105	0.434	0.193	0.436	145.827	187.641	28.107	145	187	26	3	2	5
0.651	5.836	27	24	7417	274.704	52.046	271.000	205	402	43.037	207.148	28.111	0.506	0.195	0.477	43.064	207.167	28.154	42	206	26	3	3	5
1.446	12.060	60	54	14031	233.850	31.248	226.500	200	334	284.733	336.983	29.200	0.812	0.416	0.715	284.757	336.910	29.085	283	335	26	4	6	9
1.109	9.768	46	45	11975	260.326	50.240	243.500	200	387	260.391	379.087	31.087	1.078	0.529	1.146	260.431	379.131	31.322	259	378	26	4	3	10
2.482	17.843	103	80	34749	337.369	122.905	295.000	201	707	266.553	390.262	30.748	0.973	0.422	0.893	266.478	390.405	30.903	264	387	26	7	7	10
4.627	23.592	192	130	73546	383.052	158.846	340.000	203	885	211.708	428.557	30.031	1.073	0.384	0.991	211.735	428.524	30.127	208	426	26	8	6	10
5.109	28.973	212	161	46201	217.929	12.848	215.000	200	256	123.929	188.759	32.288	1.091	0.401	1.033	123.950	188.781	32.284	120	184	27	8	10	9
3.784	20.859	157	105	76483	487.153	289.352	377.000	203	1471	52.739	204.325	31.357	0.983	0.317	0.986	52.761	204.258	31.512	50	202	27	6	7	9
2.989	17.085	124	87	50062	403.726	206.668	330.500	200	1068	141.097	320.629	30.419	0.974	0.386	1.004	141.057	320.604	30.546	139	319	27	5	5	9
1.687	10.914	70	53	21694	309.914	94.834	276.000	202	568	455.614	325.586	30.114	0.744	0.272	0.657	455.652	325.615	30.111	454	324	27	4	4	7
0.723	6.224	30	27	8749	291.633	67.071	277.000	203	446	427.167	338.267	28.967	0.538	0.213	0.488	427.204	338.293	29.029	426	337	27	3	3	5
2.290	14.634	95	70	37006	389.537	182.686	345.000	204	979	277.916	342.263	30.242	0.848	0.322	0.773	277.935	342.228	30.257	276	340	27	5	5	8
0.916	7.935	38	33	8491	223.447	17.568	222.000	201	265	403.211	357.974	28.789	0.568	0.179	0.539	403.205	357.958	28.786	402	356	27	4	5	5
1.205	8.287	50	45	16295	325.900	96.335	298.500	205	622	317.000	369.980	29.940	0.658	0.278	0.545	316.998	370.007	29.947	316	369	27	3	3	7
0.241	3.139	10	10	2330	233.000	28.410	224.000	200	269	351.100	375.600	28.700	0.363	0.164	0.303	351.092	375.588	28.701	350	375	27	3	2	4
0.313	3.403	13	13	3195	245.769	28.238	261.000	201	278	385.462	380.462	28.385	0.394	0.175	0.298	385.458	380.462	28.391	385	380	27	2	2	4
0.362	3.914	15	15	3468	231.200	21.082	230.000	200	265	279.333	396.533	28.467	0.412	0.171	0.297	279.326	396.533	28.472	278	396	27	3	2	4
0.844	6.806	35	32	8658	247.371	38.805	232.000	202	334	84.114	80.714	30.257	0.583	0.241	0.567	84.138	80.688	30.211	83	80	28	3	3	6
0.410	4.355	17	16	4094	240.824	34.151	229.000	201	318	17.000	117.235	29.353	0.412	0.141	0.359	17.000	117.245	29.342	16	116	28	3	3	4
0.844	7.123	35	30	9495	271.286	60.510	249.000	203	401	105.400	154.914	30.771	0.578	0.217	0.545	105.425	154.875	30.754	104	154	28	4	3	6
0.386	4.232	16	15	3456	216.000	14.841	211.500	200	244	98.688	228.250	29.250	0.422	0.160	0.355	98.675	228.243	29.244	98	227	28	3	3	4
0.241	2.627	10	10	2213	221.300	14.119	218.000	202	248	134.400	301.500	29.200	0.320	0.121	0.350	134.380	301.508	29.185	134	301	28	2	2	3
0.337	3.597	14	14	3221	230.071	19.491	224.000	202	262	146.571	326.429	29.500	0.412	0.178	0.280	146.571	326.403	29.484	146	326	28	2	2	4
1.639	11.619	68	57	18724	275.353	49.524	263.000	204	393	134.221	332.588	31.794	0.839	0.369	0.805	134.258	332.620	31.877	132	331	28	5	4	8
0.265	3.527	11	10	2632	239.273	40.033	222.000	202	321	241.000	369.091	29.545	0.357	0.125	0.317	240.986	369.079	29.576	240	368	28	3	3	4
1.012	7.899	42	36	12536	298.476	75.119	274.000	203	484	358.310	374.857	30.310	0.637	0.255	0.598	358.319	374.823	30.329	357	374	28	4	3	6
3.181	18.268	132	100	51952	393.576	154.019	362.000	207	842	476.159	378.227	32.144	0.942	0.351	0.904	476.101	378.254	32.195	473	376	28	8	6	8
1.976	12.395	82	62	32114	391.634	175.957	330.000	204	908	305.244	383.585	31.488	0.795	0.315	0.730	305.225	383.642	31.498	304	382	28	4	4	8
1.109	8.658	46	40	12486	271.435	56.262	261.000	200	430	17.370	36.957	31.696	0.610	0.236	0.581	17.325	36.987	31.684	16	36	29	5	3	6
0.747	6.806	31	27	7716	248.903	41.666	235.000	202	343	51.097	48.581	31.452	0.574	0.244	0.613	51.124	48.560	31.496	50	47	29	3	4	6
7.520	26.770	312	174	103785	332.644	98.436	313.000	200	553	120.689	96.587	32.494	1.131	0.177	1.101	120.707	96.545	32.642	117	93	29	8	9	7
0.506	4.937	21	19	5066	241.238	37.901	229.000	200	329	86.143	126.286	30.333	0.448	0.149	0.392	86.137	126.286	30.338	85	125	29	3	3	4
0.940	7.300	39	31	12068	309.436	102.080	270.000	202	522	22.385	166.410	30.923	0.559	0.158	0.525	22.381	166.425	30.925	21	165	29	4	4	5
0.771	7.564	32	32	7245	226.406	20.558	223.000	202	279	503.969	312.781	32.469	0.689	0.335	0.639	503.981	312.781	32.446	501	312	29	5	3	7
0.530	5.255	22	20	5763	261.955	45.886	249.500	206	376	153.136	314.864	30.318	0.446	0.145	0.389	153.144	314.871	30.316	152	314	29	3	3	4
0.554	5.907	23	23	5467	237.696	25.442	240.000	200	282	163.870	314.391	31.913	0.649	0.367	0.499	163.809	314.401	31.843	163	314	29	5	2	7
1.446	10.403	60	51	18396	306.600	84.784	287.000	202	555	382.033	323.067	32.500	0.718	0.290	0.680	382.092	323.080	32.454	380	322	29	5	3	7
0.410	4.549	17	16	4137	243.353	38.912	223.000	200	330	408.706	354.882	31.000	0.420	0.168	0.413	408.708	354.872	31.007	408	354	29	3	3	5
0.819	7.194	34	28	8990	264.412	51.813	248.000	201	386	243.500	409.000	31.412	0.576	0.218	0.617	243.506	409.012	31.368	242	408	29	4	3	6
1.229	9.310	51	44	12319	241.549	28.469	236.000	200	322	275.157	420.902	32.706	0.693	0.279	0.670	275.153	420.900	32.681	274	419	29	4	4	7
0.627	5.836	26	23	6706	257.923	50.921	249.500	201	388	228.923	427.038	31.269	0.484	0.175	0.448	228.912	427.026	31.262	228	426	29	3	3	5
1.398	9.239	58	50	15061	259.672	41.396	253.500	200	358	44.931	18.500	32.776	0.692	0.258	0.655	44.932	18.508	32.856	44	17	30	3	4	6
1.133	8.604	47	43	11714	249.234	42.946	239.000	201	367	38.085	42.915	32.574	0.647	0.268	0.655	38.108	42.904	32.586	37	41	30	4	4	6
1.205	9.416	50	45	11434	228.680	21.165	224.000	201	282	79.060	44.000	33.360	0.662	0.255	0.640	79.101	43.992	33.367	76	43	30	6	3	6
0.265	3.015	11	11	2257	205.182	3.970	204.000	200	212	98.545	43.545	31.636	0.355	0.159	0.305	98.552	43.547	31.640	98	43	30	2	2	4
1.567	11.391	65	54	14712	226.338	26.058	221.000	200	341	130.338	195.123	33.215	0.702	0.256	0.698	130.402	195.177	33.287	128	193	30	6	5	6
3.326	16.716	138	92	78702	570.304	405.607	428.500	200	1958	55.775	229.297	32.746	0.866	0.190	0.866	55.829	229.321	33.238	53	227	30	6	6	6
0.313	3.720	13	13	2941	226.231	21.190	219.000	201	271	118.692	259.154	31.231	0.372	0.155	0.348	118.697	259.163	31.209	118	258	30	2	3	4
0.410	4.108	17	17	3728	219.294	14.356	213.000	203	247	200.529	281.706	31.588	0.422	0.168	0.378	200.525	281.703	31.594	200	281	30	2	3	4
0.241	3.209	10	10	2263	226.300	32.208	212.000	202	293	136.000	287.200	31.500	0.341	0.137	0.320	136.005	287.186	31.537	135	287	30	3	2	4
5.230	26.098	217	149	73246	337.539	169.288	278.000	200	1204	79.899	299.456	33.083	0.975	0.224	0.981	79.963	299.060	33.308	75	295	30	10	10	6
0.819	7.317	34	31	8853	260.382	49.403	250.000	200	372	146.265	318.324	32.412	0.608	0.267	0.604	146.288	318.333	32.448	145	317	30	3	4	6
0.916	7.705	38	32	9494	249.842	38.054	237.500	203	346	302.553	333.000	32.711	0.608	0.236	0.575	302.537	332.983	32.678	301	332	30	4	3	6
2.627	17.775	109	89	31447	288.505	81.228	266.000	200	561	153.147	339.624	33.376	0.909	0.358	0.892	153.370	339.845	33.388	149	334	30	8	10	6
0.844	8.340	35	33	7907	225.914	17.836	221.000	204	267	234.343	399.000	32.486	0.626	0.266	0.586	234.333	399.028	32.500	233	396	30	3	6	6
1.518	9.945	63	53	23068	366.159	142.208	329.000	202	761	211.937	417.365	32.556	0.690	0.243	0.668	211.934	417.364	32.663	210	416	30	4	4	6
1.639	10.439	68	55	16934	249.029	42.107	237.500	200	369	51.221	27.853	33.221	0.674	0.178	0.651	51.252	27.866	33.311	50	26	31	4	5	5
0.554	5.007	23	23	5006	217.652	11.495	216.000	202	239	96.696	40.522	32.913	0.518	0.234	0.473	96.694	40.515	32.911	96	40	31	3	2	5
0.916	7.424	38	33	9740	256.316	51.330	237.000	200	383	102.289	232.632	33.579	0.563	0.183	0.580	102.239	232.612	33.685	101	231	31	4	4	5
0.844	6.859	35	33	9421	269.171	41.672	269.000	201	358	127.371	289.600	33.257	0.555	0.213	0.516	127.389	289.597	33.312	126	288	31	3	4	5
0.627	5.713	26	24	7351	282.731	62.569	285.500	203	396	96.923	290.731	33.462	0.498	0.181	0.480	96.846	290.701	33.532	96	290	31	3	3	5
0.651	5.836	27	25	5987	221.741	18.401	213.000	200	256	470.926	296.556	33.333	0.519	0.196	0.532	470.917	296.548	33.358	470	295	31	3	4	5
3.061	19.751	127	104	28098	221.244	18.665	217.000	200	283	195.433	302.646	33.551	0.910	0.308	0.918	195.461	302.615	33.565	193	298	31	6	11	5
0.313	4.038	13	13	2702	207.846	9.371	204.000	200	226	367.385	321.385	33.308	0.565	0.225	0.541	367.383	321.385	33.351	367	321	31	2	2	5
0.434	4.302	18	18	4174	231.889	18.097	232.000	201	264	167.500	344.611	33.333	0.464	0.210	0.466	167.494	344.617	33.357	167	344	31	2	3	5
0.482	5.007	20	18	5400	270.000	51.791	255.500	209	376	298.750	369.250	32.550	0.474	0.191	0.383	298.732	369.254	32.553	298	368	31	3	3	5
2.025	12.468	84	65	22177	264.012	51.875	250.500	200	385	254.548	372.440	33.452	0.722	0.191	0.700	254.573	372.519	33.494	253	369	31	4	8	5
3.302	17.918	137	105	42109	307.365	93.470	273.000	200	564	219.109	400.635	33.569	0.845	0.219	0.840	219.252	400.733	33.677	215	397	31	8	8	5
0.988	7.758	41	35	10484	255.707	44.864	244.000	202	361	234.854	407.366	33.122	0.581	0.195	0.533	234.842	407.388	33.089	234	405	31	3	5	5
1.301	9.964	54	48	12989	240.537	34.310	229.500	201	331	261.963	412.556	33.333	0.647	0.228	0.655	261.971	412.557	33.344	259	410	31	6	5	5
0.771	6.471	32	30	7824	244.500	38.237	228.500	200	329	235.250	413.781	33.500	0.542	0.199	0.604	235.267	413.779	33.505	234	412	31	3	4	5
0.964	7.230	40	34	10235	255.875	45.392	243.000	201	351	56.575	99.450	33.800	0.530	0.120	0.510	56.565	99.439	33.857	55	98	32	4	4	4
2.338	12.046	97	74	32971	339.907	112.008	312.000	202	632	2.021	123.454	33.784	0.706	0.122	0.703	1.898	123.605	33.956	0	120	32	5	7	4
0.458	4.549	19	19	4640	244.211	38.234	246.000	200	315	108.368	132.105	33.842	0.418	0.165	0.427	108.376	132.144	33.911	107	131	32	3	3	4
1.687	10.388	70	57	17603	251.471	44.440	237.000	200	381	105.871	164.914	33.929	0.634	0.134	0.633	105.878	164.936	33.994	104	162	32	5	6	4
0.530	4.937	22	20	5133	233.318	28.538	225.500	202	299	55.909	186.045	33.864	0.449	0.144	0.438	55.921	186.016	33.895	55	185	32	3	3	4
1.205	9.576	50	47	10657	213.140	9.729	213.000	200	235	143.940	194.460	33.880	0.617	0.214	0.614	143.926	194.436	33.887	142	191	32	5	7	4
1.687	11.146	70	60	17511	250.157	42.226	243.000	200	359	420.243	310.214	34.129	0.639	0.174	0.629	420.217	310.225	34.201	417	308	32	8	5	4
0.675	5.819	28	25	7409	264.607	55.607	248.500	204	375	355.107	327.643	34.071	0.460	0.123	0.463	355.126	327.620	34.132	354	326	32	4	4	4
0.723	5.572	30	28	9366	312.200	87.597	290.500	202	555	430.033	349.067	33.767	0.477	0.146	0.462	430.031	349.099	33.887	429	348	32	3	3	4
0.723	6.578	30	28	7061	235.367	36.006	224.500	202	335	191.967	367.033	34.200	0.504	0.197	0.470	191.987	367.053	34.256	190	366	32	6	3	4
1.060	7.477	44	37	16127	366.523	157.644	315.500	202	863	284.727	383.636	33.909	0.538	0.121	0.523	284.764	383.684	34.122	283	382	32	4	4	4
0.578	5.485	24	23	5601	233.375	31.463	221.000	201	313	97.625	21.083	34.500	0.425	0.149	0.394	97.599	21.126	34.526	96	19	33	5	5	3
0.747	6.013	31	29	6813	219.774	14.829	217.000	200	260	87.452	61.613	34.065	0.479	0.124	0.514	87.453	61.611	34.094	86	60	33	4	4	3
0.410	3.897	17	17	4142	243.647	36.388	230.000	207	325	101.882	78.294	34.294	0.369	0.114	0.360	101.878	78.310	34.324	101	77	33	3	3	3
0.675	5.238	28	26	9023	322.250	105.088	294.500	202	599	9.179	119.321	34.143	0.443	0.097	0.461	9.204	119.277	34.228	8	118	33	3	4	3
0.337	3.580	14	14	2893	206.643	7.772	203.000	200	224	153.429	237.214	34.286	0.366	0.125	0.363	153.427	237.213	34.300	152	236	33	3	3	3
0.241	2.627	10	10	2167	216.700	11.954	216.000	200	239	142.500	239.600	34.200	0.320	0.121	0.350	142.488	239.617	34.212	142	239	33	2	2	3
0.651	5.608	27	26	6173	228.630	23.172	221.000	201	286	190.370	263.185	34.333	0.443	0.130	0.427	190.377	263.173	34.363	189	262	33	5	4	3
1.181	8.783	49	46	15008	306.286	84.536	291.000	200	534	112.816	292.755	34.408	0.589	0.213	0.610	112.848	292.796	34.494	110	290	33	7	6	3
0.603	5.114	25	23	7873	314.920	100.891	304.000	206	571	96.760	297.080	34.160	0.429	0.092	0.442	96.720	297.082	34.273	95	296	33	4	3	3
0.554	4.779	23	23	5239	227.783	24.168	220.000	200	281	233.565	307.130	34.478	0.396	0.119	0.374	233.564	307.123	34.506	232	306	33	4	4	3
0.530	4.726	22	20	5228	237.636	29.699	230.500	201	310	493.182	316.409	34.318	0.407	0.091	0.413	493.175	316.424	34.351	492	315	33	3	4	3
0.265	3.068	11	11	2592	235.636	28.022	230.000	203	289	502.000	320.636	34.455	0.323	0.101	0.318	502.026	320.634	34.492	501	320	33	3	2	3
0.241	2.874	10	10	2133	213.300	8.486	211.500	203	226	309.600	347.700	34.500	0.329	0.117	0.290	309.609	347.688	34.502	309	347	33	2	3	3
0.771	6.120	32	30	8841	276.281	66.261	247.000	201	468	324.375	356.906	34.281	0.467	0.120	0.463	324.318	356.906	34.358	322	355	33	5	5	3
0.386	3.897	16	15	4262	266.375	56.125	249.500	203	403	261.875	417.188	34.375	0.368	0.095	0.331	261.851	417.172	34.423	261	416	33	3	3	3
0.578	5.010	24	24	5427	226.125	20.975	219.500	200	272	87.083	26.500	34.708	0.397	0.114	0.398	87.079	26.489	34.723	85	25	34	5	4	2
0.482	4.004	20	20	5072	253.600	39.744	250.500	205	335	72.050	114.350	34.600	0.364	0.090	0.365	72.057	114.353	34.642	71	113	34	3	4	2
0.337	3.439	14	14	3262	233.000	34.955	220.000	201	321	129.286	285.286	34.643	0.327	0.081	0.335	129.331	285.272	34.659	128	284	34	4	3	2
0.410	4.004	17	17	4087	240.412	34.722	235.000	200	316	74.059	292.059	34.706	0.359	0.110	0.362	74.048	292.080	34.728	72	291	34	5	3	2
0.699	8.185	29	29	6076	209.517	9.542	206.000	200	235	491.172	309.586	34.931	0.676	0.255	0.676	491.210	309.604	34.934	487	306	34	9	8	2
0.289	3.245	12	12	3070	255.833	39.094	247.500	206	337	132.167	325.333	34.750	0.310	0.084	0.328	132.160	325.315	34.782	131	324	34	3	4	2
0.410	4.074	17	17	3655	215.000	15.672	209.000	200	249	183.647	359.235	34.647	0.359	0.107	0.355	183.639	359.233	34.650	182	358	34	5	3	2
0.530	4.833	22	22	6192	281.455	66.426	270.500	201	425	141.591	363.864	34.636	0.379	0.099	0.384	141.612	363.854	34.671	140	362	34	4	5	2
0.241	2.593	10	10	2201	220.100	15.602	215.000	202	250	158.500	357.200	35.000	0.298	0.109	0.323	158.479	357.197	35.000	157	356	35	4	3	1
