Volume (micron^3)	Surface (micron^2)	Nb of obj. voxels	Nb of surf. voxels	IntDen	Mean	StdDev	Median	Min	Max	X	Y	Z	Mean dist. to surf. (micron)	SD dist. to surf. (micron)	Median dist. to surf. (micron)	XM	YM	ZM	BX	BY	BZ	B-width	B-height	B-depth
22352.299	13295.314	927432	123666	232335856	250.515	363.495	122.000	1	3985	288.062	233.130	13.392	42.791	23.583	41.156	264.720	215.704	15.746	0	0	1	512	484	27
0.217	2.276	9	9	9	1.000	0.000	1.000	1	1	112.000	11.000	1.000	0.267	0.112	0.249	112.000	11.000	1.000	111	10	1	3	3	1
0.024	0.511	1	1	1	1.000	0.000	1.000	1	1	486.000	10.000	1.000	0.000	0.000	0.000	486.000	10.000	1.000	486	10	1	1	1	1
0.145	1.905	6	6	6	1.000	0.000	1.000	1	1	389.833	15.833	1.000	0.227	0.092	0.252	389.833	15.833	1.000	389	15	1	3	3	1
0.024	0.511	1	1	1	1.000	0.000	1.000	1	1	117.000	24.000	1.000	0.000	0.000	0.000	117.000	24.000	1.000	117	24	1	1	1	1
0.024	0.511	1	1	1	1.000	0.000	1.000	1	1	391.000	33.000	1.000	0.000	0.000	0.000	391.000	33.000	1.000	391	33	1	1	1	1
0.241	2.664	10	10	10	1.000	0.000	1.000	1	1	305.000	36.000	1.100	0.281	0.099	0.301	305.000	36.000	1.100	304	35	1	3	3	2
0.121	1.781	5	5	5	1.000	0.000	1.000	1	1	268.000	40.000	1.000	0.199	0.111	0.249	268.000	40.000	1.000	267	39	1	3	3	1
0.024	0.511	1	1	1	1.000	0.000	1.000	1	1	354.000	40.000	1.000	0.000	0.000	0.000	354.000	40.000	1.000	354	40	1	1	1	1
0.024	0.511	1	1	1	1.000	0.000	1.000	1	1	121.000	42.000	1.000	0.000	0.000	0.000	121.000	42.000	1.000	121	42	1	1	1	1
0.024	0.511	1	1	1	1.000	0.000	1.000	1	1	295.000	49.000	1.000	0.000	0.000	0.000	295.000	49.000	1.000	295	49	1	1	1	1
0.024	0.511	1	1	1	1.000	0.000	1.000	1	1	298.000	50.000	1.000	0.000	0.000	0.000	298.000	50.000	1.000	298	50	1	1	1	1
0.024	0.511	1	1	1	1.000	0.000	1.000	1	1	431.000	59.000	1.000	0.000	0.000	0.000	431.000	59.000	1.000	431	59	1	1	1	1
0.386	3.633	16	16	16	1.000	0.000	1.000	1	1	425.000	62.250	1.500	0.348	0.099	0.344	425.000	62.250	1.500	424	61	1	3	3	3
2.675	19.193	111	109	125	1.126	0.333	1.000	1	2	431.694	66.000	1.432	0.810	0.325	0.782	431.704	65.920	1.384	426	61	1	11	12	3
0.121	1.781	5	5	5	1.000	0.000	1.000	1	1	353.000	73.000	1.000	0.199	0.111	0.249	353.000	73.000	1.000	352	72	1	3	3	1
0.145	1.905	6	6	6	1.000	0.000	1.000	1	1	180.833	93.167	1.000	0.227	0.092	0.252	180.833	93.167	1.000	180	92	1	3	3	1
0.169	2.557	7	6	7	1.000	0.000	1.000	1	1	256.000	93.000	2.000	0.296	0.073	0.249	256.000	93.000	2.000	255	92	1	3	3	3
0.121	1.781	5	5	5	1.000	0.000	1.000	1	1	188.000	99.000	1.000	0.199	0.111	0.249	188.000	99.000	1.000	187	98	1	3	3	1
0.217	2.610	9	9	9	1.000	0.000	1.000	1	1	326.111	104.000	1.222	0.283	0.089	0.289	326.111	104.000	1.222	325	103	1	3	3	2
4.218	21.360	175	135	308	1.760	1.222	1.000	1	7	326.800	113.063	2.097	0.887	0.257	0.870	326.743	113.188	1.799	322	110	1	11	10	5
0.241	2.664	10	10	10	1.000	0.000	1.000	1	1	319.000	113.000	1.100	0.281	0.099	0.301	319.000	113.000	1.100	318	112	1	3	3	2
0.241	2.664	10	10	10	1.000	0.000	1.000	1	1	244.000	135.000	1.100	0.281	0.099	0.301	244.000	135.000	1.100	243	134	1	3	3	2
0.121	1.781	5	5	5	1.000	0.000	1.000	1	1	267.000	135.000	1.000	0.199	0.111	0.249	267.000	135.000	1.000	266	134	1	3	3	1
0.265	2.857	11	11	11	1.000	0.000	1.000	1	1	237.909	140.000	1.182	0.296	0.091	0.320	237.909	140.000	1.182	237	139	1	3	3	2
0.241	2.664	10	10	10	1.000	0.000	1.000	1	1	289.000	146.000	1.100	0.281	0.099	0.301	289.000	146.000	1.100	288	145	1	3	3	2
0.121	1.781	5	5	5	1.000	0.000	1.000	1	1	392.000	148.000	1.000	0.199	0.111	0.249	392.000	148.000	1.000	391	147	1	3	3	1
0.169	2.099	7	7	7	1.000	0.000	1.000	1	1	0.429	156.000	1.143	0.251	0.083	0.276	0.429	156.000	1.143	0	155	1	2	3	2
0.121	1.781	5	5	5	1.000	0.000	1.000	1	1	260.000	156.000	1.000	0.199	0.111	0.249	260.000	156.000	1.000	259	155	1	3	3	1
0.241	2.664	10	10	10	1.000	0.000	1.000	1	1	333.100	161.100	1.100	0.296	0.114	0.298	333.100	161.100	1.100	332	160	1	3	3	2
0.482	4.445	20	20	24	1.200	0.410	1.000	1	2	242.600	163.600	1.300	0.372	0.103	0.388	242.583	163.583	1.250	241	162	1	4	4	2
0.024	0.511	1	1	1	1.000	0.000	1.000	1	1	510.000	169.000	1.000	0.000	0.000	0.000	510.000	169.000	1.000	510	169	1	1	1	1
0.121	1.781	5	5	5	1.000	0.000	1.000	1	1	262.000	171.000	1.000	0.199	0.111	0.249	262.000	171.000	1.000	261	170	1	3	3	1
0.024	0.511	1	1	1	1.000	0.000	1.000	1	1	396.000	187.000	1.000	0.000	0.000	0.000	396.000	187.000	1.000	396	187	1	1	1	1
4.411	25.717	183	152	271	1.481	0.851	1.000	1	6	398.770	194.869	2.016	0.948	0.309	0.938	399.100	194.624	1.779	393	189	1	12	11	6
0.193	2.346	8	8	8	1.000	0.000	1.000	1	1	394.500	191.000	1.000	0.263	0.095	0.278	394.500	191.000	1.000	393	190	1	4	3	1
0.024	0.511	1	1	1	1.000	0.000	1.000	1	1	273.000	194.000	1.000	0.000	0.000	0.000	273.000	194.000	1.000	273	194	1	1	1	1
0.121	1.781	5	5	5	1.000	0.000	1.000	1	1	496.000	197.000	1.000	0.199	0.111	0.249	496.000	197.000	1.000	495	196	1	3	3	1
0.121	1.781	5	5	5	1.000	0.000	1.000	1	1	287.000	201.000	1.000	0.199	0.111	0.249	287.000	201.000	1.000	286	200	1	3	3	1
0.121	1.781	5	5	5	1.000	0.000	1.000	1	1	421.000	204.000	1.000	0.199	0.111	0.249	421.000	204.000	1.000	420	203	1	3	3	1
0.024	0.511	1	1	1	1.000	0.000	1.000	1	1	303.000	204.000	1.000	0.000	0.000	0.000	303.000	204.000	1.000	303	204	1	1	1	1
0.024	0.511	1	1	1	1.000	0.000	1.000	1	1	293.000	206.000	1.000	0.000	0.000	0.000	293.000	206.000	1.000	293	206	1	1	1	1
0.024	0.511	1	1	1	1.000	0.000	1.000	1	1	376.000	229.000	1.000	0.000	0.000	0.000	376.000	229.000	1.000	376	229	1	1	1	1
0.241	2.664	10	10	10	1.000	0.000	1.000	1	1	326.000	239.000	1.100	0.281	0.099	0.301	326.000	239.000	1.100	325	238	1	3	3	2
0.337	3.439	14	14	15	1.071	0.267	1.000	1	2	349.000	257.000	1.357	0.318	0.068	0.353	349.000	257.000	1.333	348	256	1	3	3	2
0.241	2.664	10	10	10	1.000	0.000	1.000	1	1	407.000	259.000	1.100	0.281	0.099	0.301	407.000	259.000	1.100	406	258	1	3	3	2
0.193	2.487	8	8	8	1.000	0.000	1.000	1	1	351.000	268.875	1.250	0.275	0.084	0.281	351.000	268.875	1.250	350	268	1	3	3	2
0.024	0.511	1	1	1	1.000	0.000	1.000	1	1	427.000	274.000	1.000	0.000	0.000	0.000	427.000	274.000	1.000	427	274	1	1	1	1
0.121	1.781	5	5	5	1.000	0.000	1.000	1	1	505.000	305.000	1.000	0.199	0.111	0.249	505.000	305.000	1.000	504	304	1	3	3	1
0.121	1.781	5	5	5	1.000	0.000	1.000	1	1	509.000	307.000	1.000	0.199	0.111	0.249	509.000	307.000	1.000	508	306	1	3	3	1
0.241	2.664	10	10	10	1.000	0.000	1.000	1	1	495.000	312.000	1.100	0.281	0.099	0.301	495.000	312.000	1.100	494	311	1	3	3	2
0.145	1.905	6	6	6	1.000	0.000	1.000	1	1	497.833	322.167	1.000	0.227	0.092	0.252	497.833	322.167	1.000	497	321	1	3	3	1
0.217	2.276	9	9	9	1.000	0.000	1.000	1	1	492.000	323.000	1.000	0.267	0.112	0.249	492.000	323.000	1.000	491	322	1	3	3	1
0.024	0.511	1	1	1	1.000	0.000	1.000	1	1	450.000	329.000	1.000	0.000	0.000	0.000	450.000	329.000	1.000	450	329	1	1	1	1
0.289	3.051	12	12	13	1.083	0.289	1.000	1	2	475.083	333.083	1.250	0.306	0.082	0.315	475.077	333.077	1.231	474	332	1	3	3	2
0.024	0.511	1	1	1	1.000	0.000	1.000	1	1	0.000	459.000	1.000	0.000	0.000	0.000	0.000	459.000	1.000	0	459	1	1	1	1
0.024	0.511	1	1	1	1.000	0.000	1.000	1	1	116.000	33.000	2.000	0.000	0.000	0.000	116.000	33.000	2.000	116	33	2	1	1	1
0.024	0.511	1	1	1	1.000	0.000	1.000	1	1	170.000	69.000	2.000	0.000	0.000	0.000	170.000	69.000	2.000	170	69	2	1	1	1
0.024	0.511	1	1	1	1.000	0.000	1.000	1	1	461.000	97.000	2.000	0.000	0.000	0.000	461.000	97.000	2.000	461	97	2	1	1	1
0.024	0.511	1	1	1	1.000	0.000	1.000	1	1	237.000	148.000	2.000	0.000	0.000	0.000	237.000	148.000	2.000	237	148	2	1	1	1
0.024	0.511	1	1	1	1.000	0.000	1.000	1	1	403.000	207.000	2.000	0.000	0.000	0.000	403.000	207.000	2.000	403	207	2	1	1	1
0.024	0.511	1	1	1	1.000	0.000	1.000	1	1	466.000	248.000	2.000	0.000	0.000	0.000	466.000	248.000	2.000	466	248	2	1	1	1
0.169	2.557	7	6	7	1.000	0.000	1.000	1	1	429.000	265.000	3.000	0.296	0.073	0.249	429.000	265.000	3.000	428	264	2	3	3	3
0.024	0.511	1	1	1	1.000	0.000	1.000	1	1	428.000	270.000	2.000	0.000	0.000	0.000	428.000	270.000	2.000	428	270	2	1	1	1
0.048	0.899	2	2	2	1.000	0.000	1.000	1	1	419.000	274.000	2.500	0.195	0.000	0.195	419.000	274.000	2.500	419	274	2	1	1	2
0.024	0.511	1	1	1	1.000	0.000	1.000	1	1	472.000	274.000	2.000	0.000	0.000	0.000	472.000	274.000	2.000	472	274	2	1	1	1
0.024	0.511	1	1	1	1.000	0.000	1.000	1	1	498.000	297.000	3.000	0.000	0.000	0.000	498.000	297.000	3.000	498	297	3	1	1	1
0.121	1.922	5	5	5	1.000	0.000	1.000	1	1	511.000	490.000	4.000	0.255	0.159	0.249	511.000	490.000	4.000	511	489	3	1	3	3
0.024	0.511	1	1	1	1.000	0.000	1.000	1	1	403.000	57.000	4.000	0.000	0.000	0.000	403.000	57.000	4.000	403	57	4	1	1	1
0.024	0.511	1	1	1	1.000	0.000	1.000	1	1	341.000	104.000	4.000	0.000	0.000	0.000	341.000	104.000	4.000	341	104	4	1	1	1
0.024	0.511	1	1	1	1.000	0.000	1.000	1	1	249.000	179.000	4.000	0.000	0.000	0.000	249.000	179.000	4.000	249	179	4	1	1	1
0.145	2.116	6	6	6	1.000	0.000	1.000	1	1	511.000	317.167	4.833	0.294	0.133	0.312	511.000	317.167	4.833	511	316	4	1	3	3
0.024	0.511	1	1	1	1.000	0.000	1.000	1	1	419.000	262.000	5.000	0.000	0.000	0.000	419.000	262.000	5.000	419	262	5	1	1	1
0.024	0.511	1	1	1	1.000	0.000	1.000	1	1	356.000	282.000	5.000	0.000	0.000	0.000	356.000	282.000	5.000	356	282	5	1	1	1
0.024	0.511	1	1	1	1.000	0.000	1.000	1	1	489.000	322.000	5.000	0.000	0.000	0.000	489.000	322.000	5.000	489	322	5	1	1	1
0.024	0.511	1	1	1	1.000	0.000	1.000	1	1	428.000	63.000	6.000	0.000	0.000	0.000	428.000	63.000	6.000	428	63	6	1	1	1
0.072	1.287	3	3	3	1.000	0.000	1.000	1	1	312.000	220.000	7.000	0.260	0.225	0.390	312.000	220.000	7.000	312	220	6	1	1	3
0.024	0.511	1	1	1	1.000	0.000	1.000	1	1	380.000	246.000	6.000	0.000	0.000	0.000	380.000	246.000	6.000	380	246	6	1	1	1
0.024	0.511	1	1	1	1.000	0.000	1.000	1	1	484.000	331.000	6.000	0.000	0.000	0.000	484.000	331.000	6.000	484	331	6	1	1	1
0.024	0.511	1	1	1	1.000	0.000	1.000	1	1	326.000	108.000	7.000	0.000	0.000	0.000	326.000	108.000	7.000	326	108	7	1	1	1
0.024	0.511	1	1	1	1.000	0.000	1.000	1	1	253.000	178.000	7.000	0.000	0.000	0.000	253.000	178.000	7.000	253	178	7	1	1	1
0.024	0.511	1	1	1	1.000	0.000	1.000	1	1	326.000	226.000	7.000	0.000	0.000	0.000	326.000	226.000	7.000	326	226	7	1	1	1
0.024	0.511	1	1	1	1.000	0.000	1.000	1	1	355.000	273.000	7.000	0.000	0.000	0.000	355.000	273.000	7.000	355	273	7	1	1	1
0.024	0.511	1	1	1	1.000	0.000	1.000	1	1	229.000	134.000	8.000	0.000	0.000	0.000	229.000	134.000	8.000	229	134	8	1	1	1
0.024	0.511	1	1	1	1.000	0.000	1.000	1	1	494.000	299.000	8.000	0.000	0.000	0.000	494.000	299.000	8.000	494	299	8	1	1	1
0.024	0.511	1	1	1	1.000	0.000	1.000	1	1	435.000	314.000	9.000	0.000	0.000	0.000	435.000	314.000	9.000	435	314	9	1	1	1
0.024	0.511	1	1	1	1.000	0.000	1.000	1	1	435.000	328.000	9.000	0.000	0.000	0.000	435.000	328.000	9.000	435	328	9	1	1	1
0.024	0.511	1	1	1	1.000	0.000	1.000	1	1	386.000	43.000	11.000	0.000	0.000	0.000	386.000	43.000	11.000	386	43	11	1	1	1
0.024	0.511	1	1	1	1.000	0.000	1.000	1	1	287.000	241.000	11.000	0.000	0.000	0.000	287.000	241.000	11.000	287	241	11	1	1	1
0.024	0.511	1	1	1	1.000	0.000	1.000	1	1	110.000	10.000	12.000	0.000	0.000	0.000	110.000	10.000	12.000	110	10	12	1	1	1
0.024	0.511	1	1	1	1.000	0.000	1.000	1	1	390.000	194.000	12.000	0.000	0.000	0.000	390.000	194.000	12.000	390	194	12	1	1	1
0.024	0.511	1	1	1	1.000	0.000	1.000	1	1	366.000	251.000	12.000	0.000	0.000	0.000	366.000	251.000	12.000	366	251	12	1	1	1
0.024	0.511	1	1	1	1.000	0.000	1.000	1	1	116.000	39.000	13.000	0.000	0.000	0.000	116.000	39.000	13.000	116	39	13	1	1	1
0.024	0.511	1	1	1	1.000	0.000	1.000	1	1	311.000	79.000	13.000	0.000	0.000	0.000	311.000	79.000	13.000	311	79	13	1	1	1
0.096	1.798	4	4	4	1.000	0.000	1.000	1	1	271.500	199.500	13.500	0.263	0.000	0.263	271.500	199.500	13.500	271	199	13	2	2	2
0.048	0.829	2	2	2	1.000	0.000	1.000	1	1	395.500	273.000	13.000	0.124	0.000	0.124	395.500	273.000	13.000	395	273	13	2	1	1
0.458	4.603	19	18	20	1.053	0.229	1.000	1	2	240.000	148.000	15.000	0.382	0.086	0.390	240.000	148.000	15.000	239	147	14	3	3	3
0.048	0.829	2	2	2	1.000	0.000	1.000	1	1	253.000	187.500	14.000	0.124	0.000	0.124	253.000	187.500	14.000	253	187	14	1	2	1
0.024	0.511	1	1	1	1.000	0.000	1.000	1	1	353.000	270.000	14.000	0.000	0.000	0.000	353.000	270.000	14.000	353	270	14	1	1	1
0.024	0.511	1	1	1	1.000	0.000	1.000	1	1	496.000	332.000	14.000	0.000	0.000	0.000	496.000	332.000	14.000	496	332	14	1	1	1
0.024	0.511	1	1	1	1.000	0.000	1.000	1	1	110.000	31.000	15.000	0.000	0.000	0.000	110.000	31.000	15.000	110	31	15	1	1	1
0.072	1.411	3	3	3	1.000	0.000	1.000	1	1	293.667	206.333	16.333	0.243	0.059	0.268	293.667	206.333	16.333	293	206	16	2	2	2
0.193	2.751	8	7	8	1.000	0.000	1.000	1	1	429.000	287.125	16.875	0.315	0.083	0.284	429.000	287.125	16.875	428	286	16	3	3	3
0.096	1.270	4	4	4	1.000	0.000	1.000	1	1	432.500	320.500	16.000	0.176	0.000	0.176	432.500	320.500	16.000	432	320	16	2	2	1
0.024	0.511	1	1	1	1.000	0.000	1.000	1	1	433.000	324.000	16.000	0.000	0.000	0.000	433.000	324.000	16.000	433	324	16	1	1	1
0.024	0.511	1	1	1	1.000	0.000	1.000	1	1	218.000	133.000	17.000	0.000	0.000	0.000	218.000	133.000	17.000	218	133	17	1	1	1
0.024	0.511	1	1	1	1.000	0.000	1.000	1	1	292.000	202.000	17.000	0.000	0.000	0.000	292.000	202.000	17.000	292	202	17	1	1	1
0.024	0.511	1	1	1	1.000	0.000	1.000	1	1	361.000	242.000	17.000	0.000	0.000	0.000	361.000	242.000	17.000	361	242	17	1	1	1
0.241	3.580	10	9	10	1.000	0.000	1.000	1	1	392.400	275.400	17.800	0.356	0.146	0.370	392.400	275.400	17.800	391	274	17	4	4	3
0.024	0.511	1	1	1	1.000	0.000	1.000	1	1	411.000	278.000	17.000	0.000	0.000	0.000	411.000	278.000	17.000	411	278	17	1	1	1
0.048	0.829	2	2	2	1.000	0.000	1.000	1	1	370.000	279.500	17.000	0.124	0.000	0.124	370.000	279.500	17.000	370	279	17	1	2	1
0.048	0.899	2	2	2	1.000	0.000	1.000	1	1	417.000	283.000	17.500	0.195	0.000	0.195	417.000	283.000	17.500	417	283	17	1	1	2
0.024	0.511	1	1	1	1.000	0.000	1.000	1	1	510.000	320.000	17.000	0.000	0.000	0.000	510.000	320.000	17.000	510	320	17	1	1	1
0.048	0.899	2	2	2	1.000	0.000	1.000	1	1	106.000	25.000	18.500	0.195	0.000	0.195	106.000	25.000	18.500	106	25	18	1	1	2
0.048	0.829	2	2	2	1.000	0.000	1.000	1	1	376.000	261.500	18.000	0.124	0.000	0.124	376.000	261.500	18.000	376	261	18	1	2	1
0.048	0.899	2	2	2	1.000	0.000	1.000	1	1	404.000	278.000	18.500	0.195	0.000	0.195	404.000	278.000	18.500	404	278	18	1	1	2
0.024	0.511	1	1	1	1.000	0.000	1.000	1	1	379.000	279.000	18.000	0.000	0.000	0.000	379.000	279.000	18.000	379	279	18	1	1	1
0.024	0.511	1	1	1	1.000	0.000	1.000	1	1	140.000	36.000	19.000	0.000	0.000	0.000	140.000	36.000	19.000	140	36	19	1	1	1
0.024	0.511	1	1	1	1.000	0.000	1.000	1	1	170.000	77.000	19.000	0.000	0.000	0.000	170.000	77.000	19.000	170	77	19	1	1	1
0.024	0.511	1	1	1	1.000	0.000	1.000	1	1	362.000	266.000	19.000	0.000	0.000	0.000	362.000	266.000	19.000	362	266	19	1	1	1
0.024	0.511	1	1	1	1.000	0.000	1.000	1	1	420.000	282.000	19.000	0.000	0.000	0.000	420.000	282.000	19.000	420	282	19	1	1	1
0.024	0.511	1	1	1	1.000	0.000	1.000	1	1	417.000	285.000	19.000	0.000	0.000	0.000	417.000	285.000	19.000	417	285	19	1	1	1
0.024	0.511	1	1	1	1.000	0.000	1.000	1	1	487.000	334.000	19.000	0.000	0.000	0.000	487.000	334.000	19.000	487	334	19	1	1	1
9.954	33.561	413	214	20573	49.814	113.465	6.000	1	724	495.441	66.366	24.322	1.225	0.137	1.208	495.427	66.413	25.794	491	62	20	10	10	8
0.193	2.681	8	7	9	1.125	0.354	1.000	1	2	211.875	128.125	21.000	0.299	0.072	0.281	211.889	128.111	21.000	211	127	20	3	3	3
12.340	43.316	512	279	24069	47.010	121.363	4.000	1	950	394.545	176.438	24.643	1.350	0.276	1.342	393.982	177.303	25.809	389	171	20	14	12	8
9.568	34.726	397	223	16475	41.499	99.827	5.000	1	687	453.395	216.373	24.705	1.220	0.210	1.181	453.562	216.533	26.014	448	210	20	11	12	8
15.136	67.722	628	403	7325	11.664	25.559	2.000	1	197	192.142	14.322	25.078	1.620	0.594	1.522	193.440	15.075	25.640	179	7	21	22	15	7
7.230	28.677	300	184	5430	18.100	36.334	3.000	1	221	401.467	19.617	25.173	1.101	0.217	1.101	402.315	19.661	25.993	396	16	21	11	8	7
15.473	74.375	642	432	8884	13.838	39.141	1.000	1	314	301.425	23.710	25.293	1.605	0.562	1.616	305.527	23.344	25.754	291	16	21	20	18	7
0.145	1.975	6	6	6	1.000	0.000	1.000	1	1	118.000	49.333	21.833	0.258	0.107	0.270	118.000	49.333	21.833	117	49	21	3	2	2
0.072	1.411	3	3	3	1.000	0.000	1.000	1	1	490.667	62.333	21.667	0.243	0.059	0.268	490.667	62.333	21.667	490	62	21	2	2	2
8.315	29.239	345	193	9894	28.678	57.147	5.000	1	357	211.154	76.339	24.545	1.151	0.149	1.139	211.098	76.219	25.631	207	72	21	9	9	7
7.712	28.023	320	173	12662	39.569	83.716	6.500	1	587	458.156	120.697	24.681	1.122	0.139	1.102	458.112	120.758	25.900	454	117	21	9	9	7
29.645	106.149	1230	752	18686	15.192	45.905	2.000	1	563	438.522	234.257	25.363	2.116	0.840	2.115	439.536	237.650	25.913	425	221	21	26	26	7
2.844	15.553	118	92	2879	24.398	48.221	4.500	1	291	476.186	1.110	25.153	0.817	0.211	0.829	476.099	0.446	26.119	472	0	22	9	4	6
0.024	0.511	1	1	1	1.000	0.000	1.000	1	1	105.000	16.000	22.000	0.000	0.000	0.000	105.000	16.000	22.000	105	16	22	1	1	1
0.024	0.511	1	1	1	1.000	0.000	1.000	1	1	120.000	42.000	22.000	0.000	0.000	0.000	120.000	42.000	22.000	120	42	22	1	1	1
8.363	29.646	347	195	14141	40.752	91.414	5.000	1	629	243.412	50.343	24.671	1.143	0.141	1.125	243.308	50.513	25.987	239	46	22	10	10	6
0.048	0.829	2	2	2	1.000	0.000	1.000	1	1	112.500	48.000	22.000	0.124	0.000	0.124	112.500	48.000	22.000	112	48	22	2	1	1
5.447	27.462	226	170	624	2.761	3.933	1.000	1	29	369.544	104.535	25.801	1.040	0.317	1.004	369.654	104.742	26.147	364	100	22	13	12	6
5.134	22.293	213	139	3399	15.958	27.822	4.000	1	153	506.549	176.742	25.366	0.955	0.151	0.940	506.542	176.756	26.059	503	173	22	9	9	6
4.917	23.667	204	132	1198	5.873	7.675	2.000	1	41	500.637	264.789	25.196	0.967	0.203	0.942	501.146	265.065	25.549	496	260	22	9	9	6
0.169	2.557	7	6	7	1.000	0.000	1.000	1	1	347.000	269.000	23.000	0.296	0.073	0.249	347.000	269.000	23.000	346	268	22	3	3	3
0.024	0.511	1	1	1	1.000	0.000	1.000	1	1	388.000	272.000	22.000	0.000	0.000	0.000	388.000	272.000	22.000	388	272	22	1	1	1
8.122	30.759	337	200	8097	24.027	54.709	4.000	1	422	382.932	275.006	25.101	1.127	0.176	1.105	382.963	275.737	26.052	379	269	22	11	12	6
8.122	31.571	337	207	8860	26.291	60.447	3.000	1	420	446.145	281.359	25.154	1.149	0.226	1.122	446.481	280.819	26.074	440	277	22	11	12	6
0.024	0.511	1	1	1	1.000	0.000	1.000	1	1	388.000	280.000	22.000	0.000	0.000	0.000	388.000	280.000	22.000	388	280	22	1	1	1
0.024	0.511	1	1	1	1.000	0.000	1.000	1	1	356.000	281.000	22.000	0.000	0.000	0.000	356.000	281.000	22.000	356	281	22	1	1	1
0.024	0.511	1	1	1	1.000	0.000	1.000	1	1	396.000	283.000	22.000	0.000	0.000	0.000	396.000	283.000	22.000	396	283	22	1	1	1
0.024	0.511	1	1	1	1.000	0.000	1.000	1	1	392.000	287.000	22.000	0.000	0.000	0.000	392.000	287.000	22.000	392	287	22	1	1	1
0.024	0.511	1	1	1	1.000	0.000	1.000	1	1	428.000	308.000	22.000	0.000	0.000	0.000	428.000	308.000	22.000	428	308	22	1	1	1
0.024	0.511	1	1	1	1.000	0.000	1.000	1	1	511.000	332.000	22.000	0.000	0.000	0.000	511.000	332.000	22.000	511	332	22	1	1	1
0.024	0.511	1	1	1	1.000	0.000	1.000	1	1	455.000	341.000	22.000	0.000	0.000	0.000	455.000	341.000	22.000	455	341	22	1	1	1
0.024	0.511	1	1	1	1.000	0.000	1.000	1	1	106.000	2.000	23.000	0.000	0.000	0.000	106.000	2.000	23.000	106	2	23	1	1	1
11.665	58.924	484	346	2308	4.769	7.460	2.000	1	53	267.079	8.242	25.519	1.406	0.504	1.409	268.405	7.420	25.990	256	2	23	20	13	5
7.616	40.213	316	234	914	2.892	4.032	1.000	1	28	323.674	25.978	25.772	1.366	0.496	1.380	321.197	25.647	26.059	315	21	23	18	12	5
2.796	16.013	116	83	522	4.500	4.935	2.000	1	23	241.431	34.483	25.586	0.779	0.159	0.738	241.201	34.504	25.872	239	31	23	8	8	5
2.964	13.703	123	89	1130	9.187	11.767	4.000	1	53	415.333	35.358	25.618	0.761	0.102	0.756	415.390	35.342	26.163	412	33	23	7	6	5
6.821	32.504	283	196	2142	7.569	14.471	2.000	1	104	226.191	39.177	25.562	1.217	0.443	1.198	228.240	38.196	26.103	218	35	23	15	10	5
0.024	0.511	1	1	1	1.000	0.000	1.000	1	1	109.000	40.000	23.000	0.000	0.000	0.000	109.000	40.000	23.000	109	40	23	1	1	1
0.048	0.899	2	2	2	1.000	0.000	1.000	1	1	115.000	50.000	23.500	0.195	0.000	0.195	115.000	50.000	23.500	115	50	23	1	1	2
3.760	17.283	156	106	2003	12.840	20.273	4.000	1	113	227.237	59.500	25.449	0.846	0.128	0.842	227.234	59.599	26.172	224	56	23	7	8	5
6.315	26.527	262	170	2670	10.191	18.906	3.000	1	124	213.340	63.004	25.504	1.051	0.237	1.015	213.713	63.195	26.050	207	59	23	13	10	5
1.133	11.956	47	47	48	1.021	0.146	1.000	1	2	417.872	81.468	25.894	0.677	0.235	0.667	417.875	81.417	25.917	416	78	23	5	8	5
5.350	25.592	222	159	889	4.005	4.702	2.000	1	29	254.090	102.320	25.680	1.014	0.300	1.051	254.002	101.618	26.043	251	97	23	9	11	5
2.555	19.118	106	92	143	1.349	0.781	1.000	1	5	337.934	122.774	25.896	0.874	0.342	0.846	338.175	122.818	26.042	331	120	23	12	7	5
2.555	13.350	106	75	291	2.745	2.582	1.000	1	11	292.585	133.736	25.415	0.754	0.123	0.715	292.612	133.632	25.838	290	131	23	6	6	5
5.061	20.087	210	132	5422	25.819	48.346	5.000	1	297	479.690	138.814	25.186	0.944	0.113	0.936	479.686	138.977	26.104	476	135	23	8	8	5
4.700	19.894	195	126	2620	13.436	21.188	4.000	1	108	440.272	141.169	25.251	0.925	0.127	0.914	440.273	141.379	25.950	436	138	23	9	8	5
2.314	13.068	96	73	452	4.708	6.017	2.000	1	32	419.854	144.188	25.781	0.716	0.153	0.713	419.885	144.263	26.338	417	142	23	7	6	5
13.810	54.437	573	380	1807	3.154	4.822	1.000	1	39	314.981	151.761	25.702	1.427	0.425	1.448	314.155	153.685	25.981	306	144	23	18	16	5
4.049	21.147	168	116	415	2.470	2.208	2.000	1	12	273.952	167.649	25.601	0.911	0.238	0.874	274.530	167.684	25.752	267	164	23	11	8	5
8.676	39.103	360	247	1301	3.614	4.927	2.000	1	37	352.517	186.786	25.644	1.272	0.444	1.270	350.844	186.707	25.804	345	182	23	17	10	5
7.471	35.133	310	213	4681	15.100	33.466	2.000	1	233	394.735	197.410	25.594	1.403	0.569	1.378	392.903	199.447	26.131	389	189	23	15	15	5
3.205	15.732	133	94	1446	10.872	16.537	4.000	1	90	502.263	210.128	25.759	0.787	0.118	0.787	502.349	210.178	26.321	499	207	23	8	7	5
0.024	0.511	1	1	1	1.000	0.000	1.000	1	1	469.000	230.000	23.000	0.000	0.000	0.000	469.000	230.000	23.000	469	230	23	1	1	1
0.024	0.511	1	1	1	1.000	0.000	1.000	1	1	350.000	267.000	23.000	0.000	0.000	0.000	350.000	267.000	23.000	350	267	23	1	1	1
5.712	26.951	237	167	670	2.827	3.133	2.000	1	20	409.135	282.494	25.734	1.006	0.283	1.010	409.697	282.015	26.021	404	278	23	13	9	5
0.362	4.743	15	14	15	1.000	0.000	1.000	1	1	359.333	293.067	24.533	0.447	0.171	0.411	359.333	293.067	24.533	358	292	23	4	3	4
0.024	0.511	1	1	1	1.000	0.000	1.000	1	1	421.000	297.000	23.000	0.000	0.000	0.000	421.000	297.000	23.000	421	297	23	1	1	1
1.880	11.585	78	66	796	10.205	14.641	4.000	1	66	369.821	510.205	25.410	0.706	0.211	0.714	369.780	510.612	25.966	366	509	23	8	3	5
0.072	1.217	3	3	3	1.000	0.000	1.000	1	1	116.667	45.000	24.333	0.213	0.059	0.211	116.667	45.000	24.333	116	45	24	2	1	2
1.470	10.759	61	55	74	1.213	0.520	1.000	1	3	269.246	52.016	26.164	0.602	0.164	0.594	269.176	52.108	26.243	267	49	24	6	7	4
2.386	12.223	99	76	494	4.990	5.870	2.000	1	30	404.485	67.727	25.798	0.708	0.118	0.715	404.320	67.879	26.204	402	65	24	6	6	4
4.772	28.485	198	158	271	1.369	0.661	1.000	1	4	180.995	70.646	26.025	1.029	0.341	1.072	181.317	70.646	26.129	176	65	24	12	11	4
1.181	8.730	49	43	81	1.653	1.011	1.000	1	5	318.837	69.265	26.102	0.547	0.127	0.552	318.840	69.185	26.284	317	67	24	5	6	4
0.723	7.637	30	29	30	1.000	0.000	1.000	1	1	424.833	81.867	26.333	0.528	0.203	0.534	424.833	81.867	26.333	422	79	24	6	6	4
1.928	13.580	80	67	100	1.250	0.540	1.000	1	3	261.638	100.662	26.000	0.711	0.245	0.699	261.460	100.610	26.060	259	98	24	9	6	4
1.205	8.817	50	48	89	1.780	0.996	1.000	1	5	0.600	122.900	25.960	0.607	0.213	0.616	0.427	122.787	26.112	0	119	24	3	8	4
5.037	29.208	209	166	476	2.278	2.388	1.000	1	14	251.077	138.732	25.928	1.057	0.401	1.002	250.216	138.553	26.170	244	134	24	17	10	4
0.024	0.511	1	1	1	1.000	0.000	1.000	1	1	285.000	203.000	24.000	0.000	0.000	0.000	285.000	203.000	24.000	285	203	24	1	1	1
0.024	0.511	1	1	1	1.000	0.000	1.000	1	1	460.000	227.000	24.000	0.000	0.000	0.000	460.000	227.000	24.000	460	227	24	1	1	1
5.037	31.362	209	187	272	1.301	0.597	1.000	1	4	482.794	239.077	26.268	1.189	0.533	1.095	482.820	239.114	26.353	475	234	24	18	13	4
0.699	5.766	29	29	59	2.034	1.375	2.000	1	6	0.448	259.414	25.621	0.480	0.163	0.476	0.339	259.271	25.746	0	257	24	2	5	4
0.024	0.511	1	1	1	1.000	0.000	1.000	1	1	337.000	273.000	24.000	0.000	0.000	0.000	337.000	273.000	24.000	337	273	24	1	1	1
0.048	0.899	2	2	2	1.000	0.000	1.000	1	1	430.000	277.000	24.500	0.195	0.000	0.195	430.000	277.000	24.500	430	277	24	1	1	2
0.024	0.511	1	1	1	1.000	0.000	1.000	1	1	345.000	278.000	24.000	0.000	0.000	0.000	345.000	278.000	24.000	345	278	24	1	1	1
3.109	21.835	129	110	154	1.194	0.434	1.000	1	3	472.977	289.822	26.101	0.912	0.327	0.870	473.058	289.805	26.084	468	286	24	13	8	4
2.097	12.470	87	70	240	2.759	2.953	1.000	1	15	489.241	306.253	26.080	0.673	0.150	0.656	488.908	306.071	26.371	486	303	24	8	7	4
1.470	10.194	61	52	85	1.393	0.640	1.000	1	3	504.885	327.426	26.049	0.625	0.170	0.607	504.859	327.671	26.118	503	324	24	5	7	4
0.868	10.264	36	36	36	1.000	0.000	1.000	1	1	444.306	333.667	26.389	0.660	0.204	0.685	444.306	333.667	26.389	441	331	24	8	6	4
0.048	0.899	2	2	2	1.000	0.000	1.000	1	1	465.000	351.000	24.500	0.195	0.000	0.195	465.000	351.000	24.500	465	351	24	1	1	2
0.169	2.557	7	6	7	1.000	0.000	1.000	1	1	229.000	1.000	26.000	0.296	0.073	0.249	229.000	1.000	26.000	228	0	25	3	3	3
0.651	4.603	27	26	39	1.444	0.641	1.000	1	3	393.000	15.000	26.000	0.426	0.098	0.462	393.000	15.000	26.154	392	14	25	3	3	3
0.771	6.420	32	30	56	1.750	1.078	1.000	1	5	428.812	27.125	26.500	0.454	0.120	0.451	428.875	27.089	26.607	427	25	25	5	5	3
0.217	2.945	9	8	9	1.000	0.000	1.000	1	1	223.000	35.778	26.000	0.333	0.093	0.349	223.000	35.778	26.000	222	35	25	3	3	3
0.024	0.511	1	1	1	1.000	0.000	1.000	1	1	389.000	39.000	25.000	0.000	0.000	0.000	389.000	39.000	25.000	389	39	25	1	1	1
0.193	3.068	8	7	8	1.000	0.000	1.000	1	1	209.875	39.750	26.125	0.346	0.136	0.316	209.875	39.750	26.125	209	38	25	3	4	3
0.096	1.798	4	4	4	1.000	0.000	1.000	1	1	110.500	46.500	25.500	0.263	0.000	0.263	110.500	46.500	25.500	110	46	25	2	2	2
0.458	4.603	19	18	20	1.053	0.229	1.000	1	2	140.000	57.000	26.000	0.382	0.086	0.390	140.000	57.000	26.000	139	56	25	3	3	3
0.217	2.945	9	8	9	1.000	0.000	1.000	1	1	412.000	66.222	26.000	0.333	0.093	0.349	412.000	66.222	26.000	411	65	25	3	3	3
0.169	2.557	7	6	7	1.000	0.000	1.000	1	1	326.000	67.000	26.000	0.296	0.073	0.249	326.000	67.000	26.000	325	66	25	3	3	3
0.386	4.215	16	15	18	1.125	0.342	1.000	1	2	436.625	71.625	26.188	0.390	0.116	0.365	436.667	71.667	26.222	435	70	25	4	4	3
0.024	0.511	1	1	1	1.000	0.000	1.000	1	1	190.000	78.000	25.000	0.000	0.000	0.000	190.000	78.000	25.000	190	78	25	1	1	1
0.554	4.603	23	22	25	1.087	0.288	1.000	1	2	406.000	83.000	26.174	0.403	0.092	0.407	406.000	83.000	26.200	405	82	25	3	3	3
1.591	10.989	66	59	104	1.576	1.053	1.000	1	6	216.045	89.591	26.258	0.638	0.217	0.594	216.010	89.654	26.413	211	88	25	10	5	3
0.169	2.293	7	7	7	1.000	0.000	1.000	1	1	361.857	99.000	25.857	0.263	0.108	0.257	361.857	99.000	25.857	361	98	25	3	3	2
0.048	0.899	2	2	2	1.000	0.000	1.000	1	1	183.000	103.000	25.500	0.195	0.000	0.195	183.000	103.000	25.500	183	103	25	1	1	2
1.060	11.306	44	43	45	1.023	0.151	1.000	1	2	465.455	104.159	26.659	0.796	0.277	0.840	465.378	104.156	26.667	461	101	25	10	7	3
0.193	2.681	8	7	9	1.125	0.354	1.000	1	2	208.125	113.125	26.000	0.299	0.072	0.281	208.111	113.111	26.000	207	112	25	3	3	3
0.313	3.633	13	12	13	1.000	0.000	1.000	1	1	393.462	113.231	26.000	0.348	0.095	0.399	393.462	113.231	26.000	392	112	25	4	3	3
0.265	3.192	11	10	12	1.091	0.302	1.000	1	2	465.000	133.636	26.000	0.326	0.086	0.317	465.000	133.667	26.000	464	133	25	3	3	3
0.675	5.555	28	25	32	1.143	0.356	1.000	1	2	287.286	135.714	25.929	0.446	0.081	0.453	287.281	135.750	25.938	286	134	25	4	4	3
0.482	4.532	20	19	20	1.000	0.000	1.000	1	1	350.000	138.600	26.250	0.401	0.114	0.410	350.000	138.600	26.250	349	137	25	3	4	3
0.699	5.625	29	26	35	1.207	0.412	1.000	1	2	355.276	141.759	26.000	0.455	0.083	0.456	355.257	141.686	26.029	354	140	25	4	4	3
0.651	5.238	27	25	29	1.074	0.267	1.000	1	2	499.704	177.222	26.074	0.437	0.094	0.445	499.724	177.207	26.103	498	176	25	4	3	3
0.868	6.578	36	32	55	1.528	0.774	1.000	1	4	465.444	179.000	26.167	0.477	0.086	0.480	465.455	179.000	26.309	464	177	25	4	5	3
0.795	6.474	33	32	55	1.667	0.957	1.000	1	5	272.909	180.909	26.606	0.451	0.124	0.438	272.945	180.945	26.655	271	179	25	5	5	3
0.458	4.603	19	18	20	1.053	0.229	1.000	1	2	321.000	184.000	26.000	0.382	0.086	0.390	321.000	184.000	26.000	320	183	25	3	3	3
0.530	4.709	22	22	26	1.182	0.395	1.000	1	2	476.182	187.773	26.500	0.391	0.122	0.365	476.192	187.808	26.577	475	186	25	4	4	3
0.434	4.726	18	16	18	1.000	0.000	1.000	1	1	323.111	190.389	26.000	0.395	0.097	0.415	323.111	190.389	26.000	322	189	25	4	4	3
0.964	7.179	40	38	65	1.625	1.192	1.000	1	6	330.225	192.775	26.475	0.483	0.134	0.490	330.154	192.723	26.615	328	190	25	5	6	3
0.410	5.432	17	17	17	1.000	0.000	1.000	1	1	408.882	197.059	26.529	0.498	0.173	0.503	408.882	197.059	26.529	406	195	25	6	5	3
0.506	5.802	21	20	22	1.048	0.218	1.000	1	2	320.857	216.524	26.381	0.461	0.171	0.470	320.909	216.545	26.409	318	215	25	6	4	3
0.530	4.920	22	21	25	1.136	0.351	1.000	1	2	410.545	223.000	26.227	0.416	0.116	0.414	410.560	223.000	26.280	409	222	25	4	3	3
0.241	3.068	10	9	11	1.100	0.316	1.000	1	2	353.300	224.900	26.000	0.328	0.090	0.324	353.273	224.909	26.000	352	224	25	3	3	3
1.398	9.525	58	52	103	1.776	1.140	1.000	1	6	490.328	287.276	26.379	0.573	0.145	0.583	490.291	287.233	26.534	488	284	25	6	7	3
0.048	0.899	2	2	2	1.000	0.000	1.000	1	1	423.000	289.000	25.500	0.195	0.000	0.195	423.000	289.000	25.500	423	289	25	1	1	2
0.386	3.897	16	15	16	1.000	0.000	1.000	1	1	456.125	291.312	26.438	0.359	0.094	0.353	456.125	291.312	26.438	455	290	25	4	3	3
1.687	14.903	70	69	74	1.057	0.234	1.000	1	2	481.229	324.486	26.400	0.690	0.209	0.706	481.243	324.459	26.419	478	321	25	7	8	3
0.892	7.249	37	35	49	1.324	0.626	1.000	1	4	430.676	325.676	26.514	0.486	0.150	0.469	430.633	325.633	26.612	428	323	25	6	6	3
0.699	5.361	29	27	35	1.207	0.412	1.000	1	2	497.552	327.000	26.103	0.440	0.088	0.450	497.514	326.943	26.171	496	326	25	4	3	3
0.217	2.874	9	9	9	1.000	0.000	1.000	1	1	440.000	329.222	25.556	0.311	0.086	0.308	440.000	329.222	25.556	439	328	25	3	4	2
0.241	3.015	10	10	11	1.100	0.316	1.000	1	2	0.100	331.000	26.000	0.338	0.147	0.391	0.091	331.000	26.000	0	330	25	2	3	3
0.193	2.557	8	8	8	1.000	0.000	1.000	1	1	450.000	338.000	25.500	0.286	0.056	0.316	450.000	338.000	25.500	449	337	25	3	3	2
0.193	2.627	8	8	8	1.000	0.000	1.000	1	1	510.750	486.750	26.375	0.315	0.123	0.286	510.750	486.750	26.375	510	486	25	2	3	3
0.024	0.511	1	1	1	1.000	0.000	1.000	1	1	511.000	510.000	25.000	0.000	0.000	0.000	511.000	510.000	25.000	511	510	25	1	1	1
0.241	2.681	10	10	11	1.100	0.316	1.000	1	2	121.000	0.400	26.600	0.292	0.058	0.310	121.000	0.364	26.636	120	0	26	3	2	2
0.337	3.439	14	14	15	1.071	0.267	1.000	1	2	288.000	24.000	26.643	0.318	0.068	0.353	288.000	24.000	26.667	287	23	26	3	3	2
0.024	0.511	1	1	1	1.000	0.000	1.000	1	1	340.000	28.000	26.000	0.000	0.000	0.000	340.000	28.000	26.000	340	28	26	1	1	1
0.482	4.639	20	20	22	1.100	0.308	1.000	1	2	410.400	31.050	26.650	0.402	0.146	0.376	410.364	31.091	26.682	409	30	26	5	4	2
0.048	0.899	2	2	2	1.000	0.000	1.000	1	1	121.000	55.000	26.500	0.195	0.000	0.195	121.000	55.000	26.500	121	55	26	1	1	2
0.434	4.321	18	18	19	1.056	0.236	1.000	1	2	153.278	62.722	26.722	0.359	0.097	0.362	153.263	62.737	26.737	152	61	26	4	4	2
0.241	2.664	10	10	10	1.000	0.000	1.000	1	1	124.000	64.100	26.900	0.289	0.105	0.306	124.000	64.100	26.900	123	63	26	3	3	2
0.024	0.511	1	1	1	1.000	0.000	1.000	1	1	220.000	68.000	26.000	0.000	0.000	0.000	220.000	68.000	26.000	220	68	26	1	1	1
0.362	3.439	15	15	17	1.133	0.352	1.000	1	2	313.067	70.933	26.600	0.325	0.068	0.330	313.118	70.941	26.647	312	70	26	3	3	2
0.410	5.485	17	17	17	1.000	0.000	1.000	1	1	166.765	74.235	26.765	0.456	0.158	0.452	166.765	74.235	26.765	164	72	26	6	5	2
0.072	1.146	3	3	3	1.000	0.000	1.000	1	1	510.000	76.000	26.000	0.166	0.144	0.249	510.000	76.000	26.000	510	75	26	1	3	1
0.337	3.439	14	14	15	1.071	0.267	1.000	1	2	285.000	92.000	26.643	0.318	0.068	0.353	285.000	92.000	26.667	284	91	26	3	3	2
0.024	0.511	1	1	1	1.000	0.000	1.000	1	1	354.000	102.000	26.000	0.000	0.000	0.000	354.000	102.000	26.000	354	102	26	1	1	1
0.313	3.299	13	13	13	1.000	0.000	1.000	1	1	306.077	118.231	26.846	0.330	0.113	0.334	306.077	118.231	26.846	305	117	26	3	4	2
0.048	0.899	2	2	2	1.000	0.000	1.000	1	1	331.000	117.000	26.500	0.195	0.000	0.195	331.000	117.000	26.500	331	117	26	1	1	2
0.241	2.664	10	10	10	1.000	0.000	1.000	1	1	310.000	118.000	26.900	0.281	0.099	0.301	310.000	118.000	26.900	309	117	26	3	3	2
0.024	0.511	1	1	1	1.000	0.000	1.000	1	1	466.000	119.000	26.000	0.000	0.000	0.000	466.000	119.000	26.000	466	119	26	1	1	1
0.241	2.664	10	10	10	1.000	0.000	1.000	1	1	346.000	120.000	26.900	0.281	0.099	0.301	346.000	120.000	26.900	345	119	26	3	3	2
0.145	2.169	6	6	6	1.000	0.000	1.000	1	1	271.000	122.833	26.833	0.250	0.102	0.260	271.000	122.833	26.833	270	122	26	3	3	2
0.024	0.511	1	1	1	1.000	0.000	1.000	1	1	463.000	125.000	26.000	0.000	0.000	0.000	463.000	125.000	26.000	463	125	26	1	1	1
0.241	2.664	10	10	10	1.000	0.000	1.000	1	1	211.000	135.000	26.900	0.281	0.099	0.301	211.000	135.000	26.900	210	134	26	3	3	2
0.048	0.899	2	2	2	1.000	0.000	1.000	1	1	356.000	137.000	26.500	0.195	0.000	0.195	356.000	137.000	26.500	356	137	26	1	1	2
0.241	2.664	10	10	10	1.000	0.000	1.000	1	1	335.000	144.000	26.900	0.281	0.099	0.301	335.000	144.000	26.900	334	143	26	3	3	2
0.241	2.664	10	10	10	1.000	0.000	1.000	1	1	480.000	146.000	26.900	0.281	0.099	0.301	480.000	146.000	26.900	479	145	26	3	3	2
0.458	4.321	19	19	20	1.053	0.229	1.000	1	2	370.684	159.316	26.684	0.360	0.092	0.359	370.700	159.300	26.700	369	158	26	4	4	2
0.362	4.127	15	15	15	1.000	0.000	1.000	1	1	449.067	165.133	26.867	0.374	0.148	0.369	449.067	165.133	26.867	447	163	26	5	5	2
0.024	0.511	1	1	1	1.000	0.000	1.000	1	1	238.000	168.000	26.000	0.000	0.000	0.000	238.000	168.000	26.000	238	168	26	1	1	1
0.530	4.709	22	22	29	1.318	0.568	1.000	1	3	490.000	174.000	26.591	0.375	0.096	0.386	490.000	174.000	26.655	488	172	26	5	5	2
0.265	2.857	11	11	11	1.000	0.000	1.000	1	1	478.000	183.091	26.818	0.296	0.091	0.320	478.000	183.091	26.818	477	182	26	3	3	2
0.024	0.511	1	1	1	1.000	0.000	1.000	1	1	340.000	187.000	26.000	0.000	0.000	0.000	340.000	187.000	26.000	340	187	26	1	1	1
0.386	3.439	16	16	18	1.125	0.342	1.000	1	2	253.000	191.125	26.562	0.331	0.067	0.333	253.000	191.167	26.611	252	190	26	3	3	2
0.410	4.198	17	17	18	1.059	0.243	1.000	1	2	338.294	190.706	26.706	0.364	0.113	0.349	338.278	190.722	26.722	337	189	26	4	4	2
0.723	5.698	30	30	52	1.733	1.081	1.000	1	6	505.000	197.000	26.700	0.427	0.121	0.445	505.000	197.000	26.731	503	195	26	5	5	2
0.289	3.051	12	12	12	1.000	0.000	1.000	1	1	298.833	212.917	26.750	0.311	0.087	0.315	298.833	212.917	26.750	298	212	26	3	3	2
0.313	3.422	13	13	13	1.000	0.000	1.000	1	1	404.462	234.769	26.923	0.342	0.129	0.369	404.462	234.769	26.923	403	233	26	4	4	2
0.627	5.204	26	26	29	1.115	0.326	1.000	1	2	451.731	240.692	26.654	0.412	0.119	0.427	451.655	240.724	26.690	450	239	26	5	4	2
0.048	0.829	2	2	2	1.000	0.000	1.000	1	1	452.000	244.500	26.000	0.124	0.000	0.124	452.000	244.500	26.000	452	244	26	1	2	1
0.241	2.664	10	10	10	1.000	0.000	1.000	1	1	399.000	257.000	26.900	0.281	0.099	0.301	399.000	257.000	26.900	398	256	26	3	3	2
0.337	3.439	14	14	15	1.071	0.267	1.000	1	2	444.000	265.000	26.643	0.318	0.068	0.353	444.000	265.000	26.667	443	264	26	3	3	2
0.241	2.664	10	10	10	1.000	0.000	1.000	1	1	346.000	266.000	26.900	0.281	0.099	0.301	346.000	266.000	26.900	345	265	26	3	3	2
0.386	3.880	16	16	17	1.062	0.250	1.000	1	2	389.250	269.938	26.688	0.342	0.092	0.340	389.235	269.941	26.706	388	269	26	4	3	2
0.193	2.487	8	8	8	1.000	0.000	1.000	1	1	330.875	274.000	26.750	0.275	0.084	0.281	330.875	274.000	26.750	330	273	26	3	3	2
0.024	0.511	1	1	1	1.000	0.000	1.000	1	1	367.000	273.000	26.000	0.000	0.000	0.000	367.000	273.000	26.000	367	273	26	1	1	1
0.337	3.439	14	14	15	1.071	0.267	1.000	1	2	391.000	278.000	26.643	0.318	0.068	0.353	391.000	278.000	26.667	390	277	26	3	3	2
0.024	0.511	1	1	1	1.000	0.000	1.000	1	1	347.000	278.000	26.000	0.000	0.000	0.000	347.000	278.000	26.000	347	278	26	1	1	1
0.241	2.664	10	10	10	1.000	0.000	1.000	1	1	351.000	281.000	26.900	0.281	0.099	0.301	351.000	281.000	26.900	350	280	26	3	3	2
0.241	2.664	10	10	10	1.000	0.000	1.000	1	1	357.000	286.000	26.900	0.281	0.099	0.301	357.000	286.000	26.900	356	285	26	3	3	2
0.024	0.511	1	1	1	1.000	0.000	1.000	1	1	486.000	288.000	26.000	0.000	0.000	0.000	486.000	288.000	26.000	486	288	26	1	1	1
0.241	2.664	10	10	10	1.000	0.000	1.000	1	1	429.000	318.000	26.900	0.281	0.099	0.301	429.000	318.000	26.900	428	317	26	3	3	2
0.482	4.321	20	20	22	1.100	0.308	1.000	1	2	435.500	333.400	26.650	0.369	0.097	0.402	435.500	333.364	26.682	434	332	26	4	4	2
0.024	0.511	1	1	1	1.000	0.000	1.000	1	1	440.000	341.000	26.000	0.000	0.000	0.000	440.000	341.000	26.000	440	341	26	1	1	1
0.072	1.411	3	3	3	1.000	0.000	1.000	1	1	463.333	345.333	26.333	0.243	0.059	0.268	463.333	345.333	26.333	463	345	26	2	2	2
0.145	2.169	6	6	6	1.000	0.000	1.000	1	1	462.167	351.000	26.833	0.250	0.102	0.260	462.167	351.000	26.833	461	350	26	3	3	2
0.024	0.511	1	1	1	1.000	0.000	1.000	1	1	95.000	2.000	27.000	0.000	0.000	0.000	95.000	2.000	27.000	95	2	27	1	1	1
0.024	0.511	1	1	1	1.000	0.000	1.000	1	1	407.000	16.000	27.000	0.000	0.000	0.000	407.000	16.000	27.000	407	16	27	1	1	1
0.169	2.029	7	7	7	1.000	0.000	1.000	1	1	409.714	18.000	27.000	0.242	0.089	0.259	409.714	18.000	27.000	409	17	27	3	3	1
0.024	0.511	1	1	1	1.000	0.000	1.000	1	1	415.000	21.000	27.000	0.000	0.000	0.000	415.000	21.000	27.000	415	21	27	1	1	1
0.193	2.540	8	8	8	1.000	0.000	1.000	1	1	107.375	34.250	27.000	0.312	0.157	0.295	107.375	34.250	27.000	106	32	27	3	5	1
0.024	0.511	1	1	1	1.000	0.000	1.000	1	1	114.000	33.000	27.000	0.000	0.000	0.000	114.000	33.000	27.000	114	33	27	1	1	1
0.048	0.829	2	2	2	1.000	0.000	1.000	1	1	382.500	39.000	27.000	0.124	0.000	0.124	382.500	39.000	27.000	382	39	27	2	1	1
0.121	1.781	5	5	5	1.000	0.000	1.000	1	1	181.000	47.000	27.000	0.199	0.111	0.249	181.000	47.000	27.000	180	46	27	3	3	1
0.217	2.276	9	9	9	1.000	0.000	1.000	1	1	275.000	52.000	27.000	0.267	0.112	0.249	275.000	52.000	27.000	274	51	27	3	3	1
0.024	0.511	1	1	1	1.000	0.000	1.000	1	1	186.000	59.000	27.000	0.000	0.000	0.000	186.000	59.000	27.000	186	59	27	1	1	1
0.121	1.781	5	5	5	1.000	0.000	1.000	1	1	129.000	61.000	27.000	0.199	0.111	0.249	129.000	61.000	27.000	128	60	27	3	3	1
0.121	1.781	5	5	5	1.000	0.000	1.000	1	1	143.000	63.000	27.000	0.199	0.111	0.249	143.000	63.000	27.000	142	62	27	3	3	1
0.169	2.029	7	7	7	1.000	0.000	1.000	1	1	148.714	65.000	27.000	0.242	0.089	0.259	148.714	65.000	27.000	148	64	27	3	3	1
0.121	1.781	5	5	5	1.000	0.000	1.000	1	1	203.000	69.000	27.000	0.199	0.111	0.249	203.000	69.000	27.000	202	68	27	3	3	1
0.072	1.146	3	3	3	1.000	0.000	1.000	1	1	328.667	71.667	27.000	0.163	0.039	0.185	328.667	71.667	27.000	328	71	27	2	2	1
0.121	1.781	5	5	5	1.000	0.000	1.000	1	1	505.000	75.000	27.000	0.199	0.111	0.249	505.000	75.000	27.000	504	74	27	3	3	1
0.024	0.511	1	1	1	1.000	0.000	1.000	1	1	205.000	79.000	27.000	0.000	0.000	0.000	205.000	79.000	27.000	205	79	27	1	1	1
0.024	0.511	1	1	1	1.000	0.000	1.000	1	1	411.000	80.000	27.000	0.000	0.000	0.000	411.000	80.000	27.000	411	80	27	1	1	1
0.121	1.781	5	5	5	1.000	0.000	1.000	1	1	288.000	99.000	27.000	0.199	0.111	0.249	288.000	99.000	27.000	287	98	27	3	3	1
0.024	0.511	1	1	1	1.000	0.000	1.000	1	1	179.000	109.000	27.000	0.000	0.000	0.000	179.000	109.000	27.000	179	109	27	1	1	1
0.024	0.511	1	1	1	1.000	0.000	1.000	1	1	384.000	114.000	27.000	0.000	0.000	0.000	384.000	114.000	27.000	384	114	27	1	1	1
0.169	2.416	7	7	7	1.000	0.000	1.000	1	1	391.571	124.429	27.000	0.286	0.150	0.201	391.571	124.429	27.000	390	123	27	4	4	1
0.024	0.511	1	1	1	1.000	0.000	1.000	1	1	346.000	124.000	27.000	0.000	0.000	0.000	346.000	124.000	27.000	346	124	27	1	1	1
0.121	1.781	5	5	5	1.000	0.000	1.000	1	1	356.000	128.000	27.000	0.199	0.111	0.249	356.000	128.000	27.000	355	127	27	3	3	1
0.121	1.781	5	5	5	1.000	0.000	1.000	1	1	472.000	142.000	27.000	0.199	0.111	0.249	472.000	142.000	27.000	471	141	27	3	3	1
0.121	1.781	5	5	5	1.000	0.000	1.000	1	1	340.000	144.000	27.000	0.199	0.111	0.249	340.000	144.000	27.000	339	143	27	3	3	1
0.024	0.511	1	1	1	1.000	0.000	1.000	1	1	235.000	149.000	27.000	0.000	0.000	0.000	235.000	149.000	27.000	235	149	27	1	1	1
0.121	1.781	5	5	5	1.000	0.000	1.000	1	1	474.000	150.000	27.000	0.199	0.111	0.249	474.000	150.000	27.000	473	149	27	3	3	1
0.193	2.346	8	8	8	1.000	0.000	1.000	1	1	418.375	158.750	27.000	0.278	0.110	0.295	418.375	158.750	27.000	417	158	27	4	3	1
0.121	1.781	5	5	5	1.000	0.000	1.000	1	1	377.000	163.000	27.000	0.199	0.111	0.249	377.000	163.000	27.000	376	162	27	3	3	1
0.024	0.511	1	1	1	1.000	0.000	1.000	1	1	416.000	163.000	27.000	0.000	0.000	0.000	416.000	163.000	27.000	416	163	27	1	1	1
0.121	1.781	5	5	5	1.000	0.000	1.000	1	1	324.000	177.000	27.000	0.199	0.111	0.249	324.000	177.000	27.000	323	176	27	3	3	1
0.169	2.029	7	7	7	1.000	0.000	1.000	1	1	246.286	187.000	27.000	0.242	0.089	0.259	246.286	187.000	27.000	245	186	27	3	3	1
0.217	2.276	9	9	9	1.000	0.000	1.000	1	1	365.000	189.000	27.000	0.267	0.112	0.249	365.000	189.000	27.000	364	188	27	3	3	1
0.121	1.781	5	5	5	1.000	0.000	1.000	1	1	315.000	215.000	27.000	0.199	0.111	0.249	315.000	215.000	27.000	314	214	27	3	3	1
0.121	1.781	5	5	5	1.000	0.000	1.000	1	1	320.000	234.000	27.000	0.199	0.111	0.249	320.000	234.000	27.000	319	233	27	3	3	1
0.169	2.029	7	7	7	1.000	0.000	1.000	1	1	382.286	253.000	27.000	0.242	0.089	0.259	382.286	253.000	27.000	381	252	27	3	3	1
0.169	2.029	7	7	7	1.000	0.000	1.000	1	1	504.286	260.000	27.000	0.242	0.089	0.259	504.286	260.000	27.000	503	259	27	3	3	1
0.217	2.276	9	9	9	1.000	0.000	1.000	1	1	362.000	262.000	27.000	0.267	0.112	0.249	362.000	262.000	27.000	361	261	27	3	3	1
0.121	1.781	5	5	5	1.000	0.000	1.000	1	1	368.000	262.000	27.000	0.199	0.111	0.249	368.000	262.000	27.000	367	261	27	3	3	1
0.024	0.511	1	1	1	1.000	0.000	1.000	1	1	433.000	262.000	27.000	0.000	0.000	0.000	433.000	262.000	27.000	433	262	27	1	1	1
0.024	0.511	1	1	1	1.000	0.000	1.000	1	1	344.000	272.000	27.000	0.000	0.000	0.000	344.000	272.000	27.000	344	272	27	1	1	1
0.024	0.511	1	1	1	1.000	0.000	1.000	1	1	391.000	273.000	27.000	0.000	0.000	0.000	391.000	273.000	27.000	391	273	27	1	1	1
0.121	1.781	5	5	5	1.000	0.000	1.000	1	1	345.000	276.000	27.000	0.199	0.111	0.249	345.000	276.000	27.000	344	275	27	3	3	1
0.313	3.740	13	13	13	1.000	0.000	1.000	1	1	431.692	279.154	27.000	0.445	0.213	0.422	431.692	279.154	27.000	429	277	27	6	5	1
0.024	0.511	1	1	1	1.000	0.000	1.000	1	1	346.000	280.000	27.000	0.000	0.000	0.000	346.000	280.000	27.000	346	280	27	1	1	1
0.121	1.781	5	5	5	1.000	0.000	1.000	1	1	406.000	291.000	27.000	0.199	0.111	0.249	406.000	291.000	27.000	405	290	27	3	3	1
0.024	0.511	1	1	1	1.000	0.000	1.000	1	1	427.000	305.000	27.000	0.000	0.000	0.000	427.000	305.000	27.000	427	305	27	1	1	1
0.024	0.511	1	1	1	1.000	0.000	1.000	1	1	431.000	312.000	27.000	0.000	0.000	0.000	431.000	312.000	27.000	431	312	27	1	1	1
0.024	0.511	1	1	1	1.000	0.000	1.000	1	1	426.000	326.000	27.000	0.000	0.000	0.000	426.000	326.000	27.000	426	326	27	1	1	1
0.072	1.146	3	3	3	1.000	0.000	1.000	1	1	511.000	469.000	27.000	0.166	0.144	0.249	511.000	469.000	27.000	511	468	27	1	3	1
