Volume (micron^3)	Surface (micron^2)	Nb of obj. voxels	Nb of surf. voxels	IntDen	Mean	StdDev	Median	Min	Max	X	Y	Z	Mean dist. to surf. (micron)	SD dist. to surf. (micron)	Median dist. to surf. (micron)	XM	YM	ZM	BX	BY	BZ	B-width	B-height	B-depth
6.531	33.645	271	271	167364	617.579	400.270	467.000	200	1861	306.480	142.616	1.509	1.609	0.936	1.418	308.915	142.344	1.483	291	139	1	28	10	2
0.482	4.338	20	20	7628	381.400	122.378	363.500	225	642	328.100	141.800	1.500	0.375	0.110	0.357	328.060	141.678	1.477	326	141	1	5	3	2
0.386	3.934	16	16	4013	250.812	41.597	240.500	200	325	330.500	145.938	1.188	0.352	0.108	0.361	330.504	145.955	1.165	329	144	1	4	4	2
1.229	8.114	51	51	28789	564.490	327.048	503.000	203	1355	347.235	147.529	1.549	0.526	0.160	0.519	347.177	147.513	1.500	344	145	1	7	6	2
0.313	3.492	13	13	3639	279.923	70.854	259.000	202	438	341.923	151.000	1.846	0.327	0.116	0.344	341.914	151.009	1.876	340	150	1	5	3	2
0.337	3.616	14	14	2890	206.429	3.956	206.000	201	214	224.214	180.714	1.857	0.342	0.118	0.350	224.211	180.712	1.858	223	179	1	4	4	2
0.651	4.833	27	27	12946	479.481	203.979	424.000	212	892	156.444	190.667	1.519	0.399	0.096	0.420	156.372	190.675	1.502	155	189	1	4	4	2
4.145	29.033	172	159	46802	272.105	77.191	245.500	201	646	483.576	207.076	2.215	1.220	0.531	1.175	483.491	206.767	2.260	477	199	1	15	18	3
0.747	6.120	31	30	7436	239.871	25.347	241.000	201	292	496.839	210.226	2.323	0.456	0.127	0.446	496.858	210.202	2.352	495	209	1	5	4	3
1.591	10.848	66	62	23147	350.712	163.774	285.500	200	934	135.894	214.682	2.303	0.680	0.261	0.651	135.530	214.597	2.084	133	213	1	9	5	3
1.326	10.953	55	53	13941	253.473	41.027	245.000	204	391	488.055	220.818	2.073	0.715	0.300	0.703	487.908	220.898	2.062	484	217	1	10	7	3
1.663	9.666	69	60	38568	558.957	356.834	441.000	200	1779	105.971	259.797	2.130	0.599	0.115	0.599	105.999	259.900	2.325	103	257	1	6	6	3
0.651	5.361	27	25	8358	309.556	85.850	303.000	211	524	99.000	277.704	2.259	0.434	0.098	0.419	99.004	277.710	2.339	98	276	1	3	4	3
9.279	51.946	385	339	130733	339.566	130.788	298.000	200	946	110.151	292.525	2.182	1.693	0.545	1.694	109.827	292.088	2.224	100	284	1	22	17	3
4.097	20.409	170	136	69531	409.006	178.384	371.000	201	942	96.135	297.535	2.194	0.943	0.336	0.909	95.926	297.878	2.262	91	293	1	11	10	3
0.747	6.173	31	29	12628	407.355	183.712	348.000	221	922	82.871	329.258	2.419	0.452	0.116	0.451	82.896	329.257	2.557	81	328	1	5	4	3
1.904	12.189	79	71	37137	470.089	269.417	378.000	201	1376	79.063	336.873	2.316	0.673	0.207	0.648	78.959	336.605	2.481	77	333	1	6	9	3
1.591	10.618	66	58	22429	339.833	133.966	297.500	202	792	79.333	356.788	2.273	0.632	0.186	0.622	79.411	356.988	2.374	77	353	1	6	8	3
0.940	6.508	39	36	11797	302.487	79.940	276.000	200	492	75.564	362.333	2.051	0.492	0.099	0.514	75.520	362.284	2.096	74	361	1	4	4	3
0.410	3.686	17	17	5695	335.000	139.270	293.000	205	632	104.059	267.412	2.647	0.345	0.085	0.359	104.034	267.422	2.749	103	266	2	3	4	2
0.795	7.215	33	33	9852	298.545	92.544	261.000	201	507	85.909	304.909	2.818	0.501	0.183	0.525	85.897	304.868	2.867	84	302	2	5	7	2
0.241	2.857	10	10	3095	309.500	94.280	305.000	204	484	76.700	371.900	2.900	0.291	0.101	0.306	76.696	371.902	2.932	75	371	2	4	3	2
10.773	44.614	447	354	173933	389.112	155.125	347.000	200	954	310.752	144.488	5.054	1.429	0.587	1.349	310.567	144.246	4.968	301	139	4	22	12	3
6.821	32.089	283	230	135244	477.894	271.329	381.000	200	1390	289.424	148.671	5.152	1.160	0.416	1.149	288.785	149.220	5.311	282	142	4	17	13	3
3.953	21.997	164	144	52258	318.646	115.292	274.000	200	798	344.287	149.994	4.811	0.959	0.357	0.938	344.100	150.176	4.777	339	145	4	13	10	3
0.386	3.650	16	16	3932	245.750	24.683	246.500	208	289	361.125	145.438	5.000	0.366	0.123	0.411	361.135	145.441	5.014	360	145	4	3	2	3
1.832	13.054	76	72	25044	329.526	106.543	307.500	202	581	181.158	167.539	5.500	0.715	0.303	0.682	180.947	167.500	5.531	177	165	4	11	8	3
0.458	4.743	19	18	6961	366.368	153.757	343.000	202	793	165.263	173.474	4.895	0.411	0.120	0.413	165.221	173.405	4.744	164	172	4	3	4	3
2.699	13.335	112	90	24490	218.661	10.660	219.000	200	238	225.152	181.054	4.946	0.721	0.159	0.719	225.164	181.048	4.943	222	177	4	7	8	3
6.531	40.327	271	242	98594	363.815	160.093	314.000	200	1125	158.694	192.085	5.332	1.737	0.962	1.638	158.894	191.863	5.435	149	180	4	18	27	3
0.651	5.768	27	27	9324	345.333	130.812	294.000	202	653	197.444	148.778	5.741	0.425	0.132	0.434	197.512	148.852	5.818	195	147	5	6	5	2
6.556	31.761	272	272	94537	347.562	124.213	320.500	200	885	481.129	202.629	5.529	1.176	0.460	1.174	481.100	202.281	5.552	472	196	5	17	16	2
10.412	50.217	432	432	191027	442.192	199.196	406.000	202	1518	138.363	217.229	5.553	1.856	0.996	1.704	138.741	217.379	5.602	124	203	5	25	25	2
2.049	13.936	85	85	25892	304.612	112.212	262.000	201	724	495.847	209.529	5.588	0.758	0.341	0.697	496.319	209.644	5.606	491	204	5	11	10	2
1.036	7.479	43	43	13051	303.512	73.690	300.000	202	512	476.698	216.465	5.558	0.513	0.174	0.489	476.582	216.492	5.594	474	214	5	7	5	2
0.289	3.051	12	12	3369	280.750	68.513	259.000	206	431	506.000	215.000	5.750	0.307	0.083	0.329	506.028	214.973	5.803	505	214	5	3	3	2
2.073	13.565	86	86	36118	419.977	220.537	340.000	204	1164	490.302	217.512	5.547	0.843	0.388	0.792	490.208	217.644	5.605	484	216	5	14	5	2
2.723	20.714	113	113	36566	323.593	150.814	261.000	201	1011	119.018	240.097	5.858	1.318	0.568	1.345	118.239	240.919	5.847	113	230	5	14	18	2
3.543	22.739	147	147	77333	526.075	339.222	394.000	201	1868	106.204	262.259	5.544	1.186	0.570	1.120	106.110	262.040	5.493	102	254	5	10	20	2
0.819	7.903	34	34	9752	286.824	85.662	265.500	200	535	133.353	269.412	5.912	0.663	0.263	0.675	133.517	269.360	5.933	130	266	5	8	8	2
25.788	124.943	1070	1070	461131	430.964	268.340	344.500	200	2223	103.446	293.032	5.551	2.998	1.557	2.736	102.758	294.286	5.566	82	276	5	47	34	2
0.506	5.291	21	21	6885	327.857	158.591	263.000	201	812	83.571	291.190	5.619	0.435	0.139	0.434	83.143	291.167	5.673	82	290	5	5	4	2
0.265	3.262	11	11	3806	346.000	108.951	359.000	201	537	79.091	316.909	5.455	0.379	0.135	0.345	79.060	316.705	5.417	79	315	5	2	5	2
7.254	41.531	301	301	160415	532.940	374.942	392.000	200	2073	83.329	332.940	5.585	1.790	0.627	1.772	82.070	333.805	5.567	77	321	5	15	26	2
3.422	19.566	142	142	57196	402.789	190.388	359.000	200	1058	79.852	355.901	5.549	0.955	0.430	0.919	80.065	356.086	5.557	75	349	5	10	15	2
1.085	8.696	45	45	20413	453.622	247.823	366.000	201	1097	76.067	371.444	5.622	0.526	0.192	0.512	76.365	371.676	5.558	73	368	5	7	7	2
0.337	3.316	14	14	3291	235.071	29.811	229.500	202	308	76.286	385.357	5.429	0.341	0.101	0.313	76.256	385.403	5.449	75	384	5	4	3	2
0.795	7.075	33	33	8824	267.394	45.234	266.000	201	351	87.030	386.000	5.879	0.569	0.237	0.555	87.083	385.936	5.903	84	384	5	8	5	2
0.747	6.086	31	31	11129	359.000	129.162	316.000	207	698	93.742	391.161	5.677	0.453	0.155	0.444	93.741	391.151	5.747	91	390	5	7	4	2
0.337	3.616	14	14	4307	307.643	113.494	244.500	200	503	76.786	409.143	5.857	0.345	0.126	0.345	76.700	409.084	5.896	76	407	5	3	5	2
0.313	3.158	13	13	3955	304.231	68.212	305.000	203	429	192.154	157.462	6.000	0.338	0.122	0.365	192.115	157.542	6.000	191	156	6	4	4	1
0.362	3.599	15	15	4170	278.000	55.382	266.000	202	381	465.467	203.333	6.000	0.368	0.137	0.390	465.484	203.283	6.000	464	201	6	4	5	1
1.277	10.429	53	53	14511	273.792	56.582	264.000	200	425	133.981	260.604	6.000	0.778	0.347	0.773	134.018	260.455	6.000	129	257	6	11	9	1
0.289	3.228	12	12	3056	254.667	46.889	242.000	203	334	94.833	407.000	6.000	0.372	0.196	0.324	94.937	407.160	6.000	94	404	6	3	6	1
8323.666	15602.180	345362	140285	202984576	587.744	329.154	509.000	200	3287	231.077	267.369	20.294	39.718	15.533	36.973	225.794	268.625	20.354	73	139	8	439	373	21
11.376	81.800	472	472	212338	449.869	209.804	390.500	200	1276	84.369	342.934	8.000	3.342	1.860	3.167	84.594	341.766	8.000	73	320	8	26	55	1
0.578	5.681	24	24	7049	293.708	94.356	255.000	202	519	96.042	334.250	8.000	0.574	0.251	0.568	96.380	334.005	8.000	93	332	8	7	6	1
0.362	3.599	15	15	4497	299.800	81.947	279.000	205	446	88.467	373.133	8.000	0.361	0.129	0.383	88.469	373.125	8.000	87	371	8	4	5	1
4.073	29.226	169	169	67299	398.219	155.506	368.000	201	918	94.148	387.249	8.000	1.372	0.486	1.378	94.221	387.357	8.000	84	380	8	19	15	1
0.386	3.529	16	16	6034	377.125	119.449	354.500	230	599	98.500	399.500	8.000	0.372	0.130	0.393	98.456	399.477	8.000	97	398	8	4	4	1
0.868	7.358	36	36	14547	404.083	170.443	334.500	210	778	94.722	407.083	8.000	0.634	0.290	0.592	94.922	407.451	8.000	93	402	8	5	10	1
0.386	3.723	16	16	9319	582.438	281.887	477.500	229	1042	77.125	409.000	8.000	0.383	0.154	0.374	76.867	408.943	8.000	76	407	8	4	5	1
0.265	3.105	11	11	2638	239.818	25.670	244.000	206	292	92.273	414.091	8.000	0.371	0.169	0.417	92.287	414.132	8.000	91	412	8	4	5	1
0.651	5.858	27	27	13127	486.185	199.428	461.000	248	930	108.370	508.741	8.000	0.526	0.231	0.512	108.335	508.745	8.000	106	506	8	7	6	1
2.651	17.332	110	93	35940	326.727	141.904	273.500	200	830	296.500	139.073	12.255	0.922	0.380	0.917	296.386	138.910	11.970	294	138	9	7	4	9
1.663	10.633	69	54	24982	362.058	157.127	322.000	200	812	360.478	149.014	11.174	0.679	0.192	0.638	360.451	149.010	10.989	359	147	9	4	5	6
5.857	30.401	243	160	87971	362.021	193.842	283.000	200	1217	382.951	151.926	13.387	1.162	0.402	1.078	383.031	152.025	12.847	378	147	9	11	9	10
1.711	10.492	71	55	28806	405.718	189.730	335.000	201	983	227.577	189.718	10.634	0.665	0.162	0.657	227.601	189.779	10.381	226	187	9	5	6	5
0.603	5.291	25	23	7546	301.840	95.159	288.000	201	541	466.440	190.920	9.600	0.423	0.102	0.418	466.465	190.948	9.534	465	189	9	4	4	3
1.205	8.854	50	44	17874	357.480	149.104	302.500	203	788	478.060	217.180	9.840	0.573	0.175	0.554	478.198	217.164	9.739	474	216	9	8	4	4
0.819	6.454	34	31	10665	313.676	87.176	298.000	204	554	101.912	261.882	10.088	0.500	0.156	0.498	101.915	261.940	10.014	101	259	9	3	6	4
2.507	15.800	104	83	29164	280.423	61.737	267.500	200	449	94.663	273.577	11.356	0.828	0.279	0.809	94.638	273.549	11.334	91	270	9	8	7	6
0.241	3.015	10	10	2375	237.500	25.163	231.000	202	291	469.300	185.000	11.200	0.330	0.124	0.339	469.294	185.016	11.179	469	184	10	2	3	3
0.265	3.139	11	11	2569	233.545	23.270	232.000	201	275	79.545	373.545	10.818	0.371	0.203	0.365	79.552	373.550	10.773	79	373	10	3	2	4
5.326	33.731	221	183	63371	286.747	85.106	261.000	200	686	77.837	408.045	14.475	1.391	0.518	1.381	77.697	408.050	14.217	76	404	10	7	10	13
0.651	6.595	27	27	6659	246.630	31.184	241.000	202	315	78.704	424.296	11.111	0.503	0.185	0.499	78.751	424.202	11.049	77	422	10	4	5	4
0.410	4.496	17	17	3984	234.353	29.064	236.000	200	291	375.000	146.235	13.529	0.510	0.249	0.577	375.006	146.206	13.531	374	146	11	3	2	5
0.916	7.300	38	31	10960	288.421	75.536	270.000	200	470	79.921	392.526	12.737	0.540	0.162	0.528	79.947	392.531	12.720	78	391	11	4	4	5
0.434	4.108	18	18	4481	248.944	31.592	249.500	202	303	84.444	463.667	12.611	0.448	0.179	0.470	84.434	463.649	12.607	84	463	11	2	3	4
0.265	2.945	11	11	2770	251.818	27.817	253.000	210	302	232.455	146.273	13.182	0.324	0.115	0.345	232.443	146.280	13.219	232	145	12	2	3	3
3.037	16.947	126	84	37396	296.794	80.815	276.000	200	552	382.865	161.683	14.984	0.829	0.182	0.836	382.825	161.726	14.980	380	159	12	7	7	7
3.254	20.771	135	97	39182	290.237	101.064	247.000	200	703	174.430	169.541	16.526	0.984	0.367	0.980	174.342	169.460	16.267	172	167	12	7	6	10
0.627	6.612	26	26	6858	263.769	52.072	249.500	200	378	92.500	487.731	13.962	0.537	0.239	0.461	92.492	487.762	13.948	91	485	12	3	6	5
3.061	18.638	127	97	48217	379.661	174.203	331.000	202	997	358.055	170.433	16.583	0.916	0.340	0.883	358.295	170.212	16.392	354	168	13	8	7	8
0.771	6.471	32	28	8917	278.656	62.878	268.500	203	445	76.188	397.062	14.875	0.509	0.171	0.480	76.208	397.065	14.855	75	396	13	4	3	5
1.277	13.823	53	53	13541	255.491	45.905	245.000	201	364	213.057	141.623	18.415	0.933	0.371	0.944	212.971	141.603	18.333	208	141	14	11	2	8
1.109	7.758	46	40	15724	341.826	115.353	314.500	206	667	267.761	145.957	16.043	0.595	0.197	0.544	267.739	145.926	15.996	266	145	14	4	3	5
0.410	4.743	17	16	3790	222.941	20.777	212.000	200	268	393.176	158.882	16.529	0.465	0.227	0.384	393.146	158.887	16.558	392	158	14	4	3	5
0.578	5.713	24	22	6573	273.875	62.068	256.000	201	438	364.292	164.000	15.708	0.494	0.200	0.417	364.283	163.999	15.620	363	163	14	3	3	5
0.940	7.547	39	31	9472	242.872	33.154	233.000	200	319	376.333	164.590	16.026	0.561	0.167	0.529	376.330	164.618	16.031	375	163	14	4	4	5
1.518	10.580	63	46	19772	313.841	103.666	274.000	200	606	101.603	261.667	16.667	0.684	0.229	0.674	101.613	261.629	16.557	100	260	14	4	6	6
2.073	12.237	86	64	25028	291.023	83.716	269.000	200	551	77.058	385.686	16.465	0.731	0.215	0.704	77.097	385.726	16.367	75	384	14	5	4	7
0.241	3.403	10	10	2380	238.000	23.917	237.000	204	284	82.700	459.900	15.000	0.361	0.137	0.398	82.715	459.927	15.005	82	459	14	2	3	3
0.482	4.620	20	18	5574	278.700	58.206	267.000	204	407	356.700	160.700	16.500	0.454	0.153	0.385	356.698	160.696	16.457	356	160	15	3	3	4
0.578	6.418	24	23	5205	216.875	14.244	211.500	200	245	376.250	151.708	18.500	0.647	0.322	0.618	376.249	151.719	18.461	375	151	16	4	3	7
3.133	25.267	130	122	31753	244.254	34.297	236.500	200	356	79.162	432.069	20.685	1.238	0.577	1.170	79.153	432.032	20.689	78	426	16	4	16	10
1.639	11.850	68	52	18023	265.044	55.938	257.500	200	427	377.544	159.074	19.309	0.679	0.205	0.678	377.483	159.073	19.306	375	157	17	6	5	6
2.868	20.085	119	100	34209	287.471	74.656	268.000	200	499	85.235	282.176	22.933	0.985	0.454	0.900	85.235	282.203	23.060	83	278	17	6	10	9
1.060	8.464	44	40	10466	237.864	30.993	225.500	201	322	305.932	140.250	20.500	0.638	0.253	0.632	305.911	140.288	20.540	305	139	18	4	4	6
2.820	18.621	117	90	33491	286.248	77.693	262.000	200	567	366.581	174.359	20.769	0.863	0.283	0.907	366.743	174.380	20.806	362	172	18	9	6	7
3.663	19.171	152	122	39694	261.145	52.404	252.000	200	436	352.743	146.974	22.579	0.876	0.251	0.862	352.693	147.090	22.680	350	144	19	9	7	6
1.012	11.813	42	42	10751	255.976	48.774	242.500	203	401	102.500	252.571	23.238	0.854	0.435	0.790	102.395	252.661	23.195	100	248	19	7	9	7
0.337	3.844	14	13	3296	235.429	26.422	230.000	205	292	76.286	376.143	20.571	0.374	0.134	0.337	76.282	376.130	20.557	75	375	19	3	3	4
1.350	13.154	56	56	15054	268.821	58.677	243.500	201	384	242.411	139.107	22.643	0.830	0.360	0.817	242.493	139.083	22.688	237	138	20	12	3	5
0.916	6.983	38	34	9986	262.789	41.245	259.500	203	366	361.184	152.526	22.447	0.566	0.196	0.580	361.163	152.512	22.514	360	151	20	3	4	5
1.639	9.981	68	54	24523	360.632	134.186	320.000	204	681	356.529	157.912	22.485	0.656	0.162	0.651	356.511	157.888	22.683	355	156	20	4	5	5
0.747	6.224	31	28	8783	283.323	66.288	269.000	201	444	78.065	335.742	21.839	0.525	0.200	0.499	78.028	335.715	21.806	77	335	20	3	3	5
0.554	5.131	23	21	6313	274.478	60.006	255.000	201	418	371.957	178.348	22.435	0.459	0.152	0.377	371.938	178.356	22.408	371	177	21	3	3	4
0.699	6.612	29	27	9796	337.793	104.873	311.000	201	606	139.310	198.552	23.172	0.529	0.203	0.490	139.297	198.485	23.145	138	197	21	3	4	5
1.326	8.587	55	43	17676	321.382	96.735	297.000	203	568	94.636	279.618	23.291	0.620	0.163	0.630	94.704	279.637	23.371	93	278	21	4	4	5
0.289	2.821	12	12	2694	224.500	14.400	222.000	203	247	359.500	146.500	23.000	0.344	0.124	0.428	359.517	146.496	22.977	359	146	22	2	2	3
0.362	3.650	15	15	3556	237.067	18.851	240.000	203	266	381.333	150.467	23.000	0.373	0.131	0.420	381.350	150.466	23.015	380	149	22	3	3	3
0.651	5.679	27	25	7310	270.741	54.459	257.000	201	369	363.444	167.185	23.296	0.437	0.102	0.428	363.452	167.179	23.364	362	165	22	4	5	3
0.362	3.844	15	14	3434	228.933	22.005	226.000	203	277	177.800	172.933	23.200	0.375	0.098	0.381	177.812	172.942	23.212	177	172	22	3	3	3
0.554	4.603	23	22	7133	310.130	78.390	284.000	234	505	365.000	180.000	23.174	0.403	0.092	0.407	364.983	179.993	23.237	364	179	22	3	3	3
1.711	11.163	71	58	31024	436.958	206.309	399.000	200	1051	375.197	204.113	23.930	0.643	0.143	0.635	375.288	204.185	24.093	372	202	22	7	6	4
1.157	8.165	48	42	16415	341.979	111.290	305.000	202	675	176.271	281.938	24.062	0.544	0.137	0.530	176.244	281.785	24.198	175	279	22	4	6	4
0.265	2.998	11	11	2779	252.636	46.485	240.000	201	354	366.727	160.000	23.636	0.298	0.062	0.307	366.728	159.993	23.677	366	159	23	3	3	2
0.241	2.945	10	10	2372	237.200	27.487	232.000	205	288	97.700	299.100	24.400	0.317	0.102	0.308	97.693	299.116	24.436	97	298	23	2	3	3
0.313	3.139	13	13	2933	225.615	15.086	224.000	201	253	91.462	308.615	24.000	0.346	0.120	0.418	91.447	308.598	23.988	91	308	23	2	3	3
0.410	3.968	17	16	4174	245.529	39.994	242.000	202	342	85.706	310.059	24.235	0.375	0.095	0.366	85.727	310.051	24.273	85	309	23	3	3	3
0.289	3.403	12	12	3260	271.667	51.443	260.000	204	375	75.250	397.000	24.000	0.357	0.134	0.414	75.223	396.998	24.072	75	396	23	2	3	3
0.410	4.198	17	17	4170	245.294	37.823	225.000	201	323	83.059	398.412	24.706	0.376	0.138	0.370	83.080	398.412	24.723	82	396	24	3	6	2
0.410	4.285	17	17	4175	245.588	32.025	239.000	203	310	243.235	139.353	26.765	0.403	0.146	0.389	243.238	139.318	26.742	241	139	26	5	2	3
3.591	17.322	149	123	40116	269.235	52.091	256.000	200	436	354.275	147.161	26.987	0.819	0.222	0.823	354.285	147.193	26.916	350	144	26	11	7	3
1.157	8.783	48	46	11800	245.833	38.464	244.000	202	381	193.021	149.188	27.042	0.578	0.172	0.568	192.981	149.195	27.068	191	147	26	6	6	3
2.675	17.831	111	97	26017	234.387	22.509	231.000	200	316	366.532	154.550	26.919	0.964	0.338	0.972	366.526	154.588	26.914	364	149	26	6	13	3
2.049	12.947	85	76	24116	283.718	62.795	274.000	200	435	243.588	153.282	26.741	0.704	0.229	0.668	243.585	153.265	26.717	240	150	26	9	7	3
0.675	5.645	28	28	7313	261.179	59.021	235.000	201	417	327.714	152.679	26.321	0.436	0.142	0.435	327.755	152.714	26.271	326	150	26	4	6	2
0.337	3.282	14	14	3461	247.214	29.371	243.500	206	307	320.500	153.500	26.000	0.350	0.124	0.393	320.564	153.539	26.000	319	152	26	4	4	1
9.978	44.614	414	332	126479	305.505	94.921	277.000	200	660	248.882	162.290	26.954	1.446	0.625	1.347	249.032	162.263	26.879	237	156	26	24	13	3
0.289	3.105	12	12	3182	265.167	48.160	252.500	212	347	356.083	157.333	26.083	0.318	0.112	0.326	356.121	157.371	26.067	355	156	26	3	4	2
0.699	5.361	29	27	10570	364.483	142.587	342.000	212	716	377.655	166.000	27.172	0.445	0.096	0.439	377.622	165.996	27.288	376	165	26	4	3	3
0.265	2.821	11	11	2388	217.091	7.529	218.000	206	232	427.545	165.545	26.909	0.334	0.126	0.396	427.547	165.551	26.903	427	165	26	2	2	3
0.241	2.787	10	10	2299	229.900	27.618	215.500	203	264	363.400	167.400	26.000	0.304	0.112	0.362	363.402	167.411	26.000	362	166	26	4	4	1
7.881	34.311	327	262	104753	320.346	141.317	277.000	200	947	439.985	173.183	26.988	1.226	0.445	1.215	440.301	172.174	27.008	435	166	26	13	17	3
0.747	5.432	31	29	9249	298.355	67.345	291.000	200	419	349.548	167.968	26.968	0.460	0.099	0.470	349.508	167.941	26.953	348	167	26	4	3	3
0.578	5.097	24	22	6782	282.583	80.524	278.000	200	457	341.500	170.750	26.542	0.411	0.099	0.418	341.489	170.724	26.454	340	169	26	4	4	3
1.109	7.584	46	42	15001	326.109	96.406	309.000	200	572	370.326	172.630	27.152	0.531	0.120	0.528	370.304	172.517	27.187	368	171	26	5	5	3
0.819	5.909	34	34	9522	280.059	55.201	263.000	201	400	475.235	209.441	27.471	0.445	0.126	0.450	475.213	209.500	27.473	473	208	27	6	4	2
0.578	5.521	24	24	7104	296.000	75.013	279.500	200	484	354.625	210.500	27.750	0.428	0.161	0.406	354.641	210.441	27.781	352	209	27	6	5	2
0.482	4.074	20	20	5309	265.450	54.416	252.500	200	407	133.850	216.650	27.550	0.364	0.089	0.370	133.863	216.713	27.588	133	215	27	3	4	2
0.723	7.002	30	30	6736	224.533	16.303	221.500	202	252	125.933	220.333	27.367	0.574	0.224	0.566	125.928	220.297	27.361	125	217	27	4	8	2
1.181	9.120	49	49	13190	269.184	75.101	247.000	200	528	489.837	221.408	27.367	0.564	0.211	0.539	489.675	221.459	27.336	487	218	27	8	7	2
0.506	4.886	21	21	5716	272.190	61.902	242.000	202	414	253.048	222.429	27.762	0.397	0.137	0.402	253.003	222.389	27.799	251	221	27	6	4	2
6.483	41.614	269	269	69902	259.859	50.551	246.000	200	399	112.862	242.063	27.539	1.612	0.916	1.324	112.691	242.262	27.544	104	229	27	20	26	2
0.434	4.251	18	18	5102	283.444	64.531	258.500	200	418	183.722	248.389	27.778	0.363	0.109	0.364	183.679	248.441	27.797	182	247	27	5	4	2
2.241	12.843	93	93	29680	319.140	79.798	308.000	200	499	85.602	282.892	27.527	0.715	0.269	0.688	85.495	282.895	27.525	83	278	27	7	11	2
0.675	5.785	28	28	7992	285.429	68.437	267.000	202	464	176.643	281.714	27.393	0.448	0.149	0.452	176.611	281.638	27.333	175	279	27	4	6	2
0.337	4.268	14	14	2925	208.929	7.205	208.500	201	228	91.500	312.929	27.357	0.480	0.219	0.470	91.485	312.919	27.364	89	311	27	6	5	2
0.627	5.327	26	26	8504	327.077	106.512	290.500	201	603	144.462	343.154	27.692	0.416	0.128	0.413	144.570	343.162	27.728	142	341	27	5	5	2
0.337	3.439	14	14	3868	276.286	64.398	247.000	204	440	141.000	348.000	27.643	0.318	0.068	0.353	140.972	348.009	27.669	140	347	27	3	3	2
0.603	5.027	25	25	9559	382.360	139.293	376.000	204	729	75.720	386.880	27.560	0.394	0.102	0.387	75.804	386.896	27.573	74	385	27	4	5	2
3.278	20.375	136	136	36963	271.787	49.664	260.500	201	420	82.676	393.471	27.478	1.137	0.580	1.056	82.730	393.704	27.485	78	385	27	9	18	2
0.506	5.432	21	21	5505	262.143	58.333	243.000	201	426	78.714	436.333	27.476	0.582	0.266	0.613	78.659	436.278	27.470	78	433	27	2	9	2
0.506	4.922	21	21	4698	223.714	20.423	218.000	200	263	111.619	440.667	27.000	0.441	0.170	0.435	111.598	440.662	27.000	109	438	27	6	6	1
1.759	11.219	73	73	30068	411.890	155.863	385.000	200	850	509.521	503.014	27.534	0.729	0.328	0.660	509.876	502.737	27.565	506	497	27	6	11	2
