Volume (micron^3)	Surface (micron^2)	Nb of obj. voxels	Nb of surf. voxels	IntDen	Mean	StdDev	Median	Min	Max	X	Y	Z	Mean dist. to surf. (micron)	SD dist. to surf. (micron)	Median dist. to surf. (micron)	XM	YM	ZM	BX	BY	BZ	B-width	B-height	B-depth
18.100	47.793	751	342	34203	45.543	87.393	8	1	512	177.129	3.850	4.350	1.533	0.206	1.533	177.278	3.622	2.859	171	0	1	13	10	9
0.554	5.044	23	23	26	1.130	0.344	1	1	2	304.478	0.652	1.652	0.409	0.133	0.424	304.538	0.577	1.577	303	0	1	5	3	3
35852.004	17034.520	1487556	163827	367522368	247.065	278.502	147	1	2807	235.052	236.741	17.581	37.526	17.901	35.634	248.200	222.522	17.497	0	0	1	445	475	32
1.350	8.553	56	47	72	1.286	0.456	1	1	2	135.304	4.000	2.018	0.564	0.096	0.570	135.306	4.000	1.944	133	2	1	5	5	4
1.277	8.500	53	39	57	1.075	0.267	1	1	2	37.000	14.264	2.528	0.589	0.082	0.592	37.000	14.281	2.526	35	12	1	5	5	4
0.651	4.603	27	26	27	1.000	0.000	1	1	1	31.000	21.000	2.000	0.426	0.098	0.462	31.000	21.000	2.000	30	20	1	3	3	3
1.735	9.576	72	54	88	1.222	0.451	1	1	3	74.000	25.000	2.250	0.635	0.085	0.628	74.000	25.000	2.205	72	23	1	5	5	4
2.482	13.015	103	71	167	1.621	0.865	1	1	4	12.689	28.728	2.524	0.732	0.098	0.722	12.713	28.713	2.377	10	26	1	6	6	5
1.735	9.576	72	54	98	1.361	0.564	1	1	3	57.000	31.000	2.250	0.635	0.085	0.628	57.000	31.000	2.224	55	29	1	5	5	4
1.253	8.025	52	42	65	1.250	0.519	1	1	3	67.000	42.000	1.808	0.549	0.092	0.561	67.000	42.000	1.769	65	40	1	5	5	4
0.530	5.167	22	22	22	1.000	0.000	1	1	1	295.636	40.545	1.727	0.453	0.180	0.452	295.636	40.545	1.727	294	39	1	5	4	3
1.735	9.576	72	54	110	1.528	0.750	1	1	3	312.000	49.000	2.250	0.635	0.085	0.628	312.000	49.000	2.127	310	47	1	5	5	4
25.837	71.198	1072	480	36216	33.784	75.630	5	1	515	211.968	64.267	3.865	1.806	0.475	1.817	210.759	66.224	2.850	205	54	1	16	19	8
0.554	4.603	23	22	23	1.000	0.000	1	1	1	17.000	61.000	2.174	0.403	0.092	0.407	17.000	61.000	2.174	16	60	1	3	3	3
0.723	6.013	30	26	30	1.000	0.000	1	1	1	252.900	85.300	2.500	0.471	0.118	0.466	252.900	85.300	2.500	252	84	1	3	4	4
0.482	4.285	20	19	20	1.000	0.000	1	1	1	145.750	87.900	2.200	0.395	0.101	0.391	145.750	87.900	2.200	145	87	1	3	3	3
1.832	10.335	76	59	107	1.408	0.593	1	1	3	99.211	91.000	2.145	0.639	0.097	0.630	99.224	91.000	2.056	97	89	1	6	5	4
2.531	14.055	105	78	229	2.181	1.426	2	1	7	263.905	103.000	2.410	0.730	0.127	0.738	263.926	103.000	2.153	261	100	1	7	7	5
0.844	6.084	35	31	35	1.000	0.000	1	1	1	32.114	111.914	2.629	0.510	0.140	0.529	32.114	111.914	2.629	31	111	1	4	3	4
2.338	12.521	97	70	149	1.536	0.778	1	1	4	7.041	124.113	2.784	0.720	0.121	0.722	7.027	124.148	2.678	5	122	1	5	6	5
2.410	13.105	100	78	200	2.000	1.310	2	1	7	62.000	127.000	2.060	0.704	0.123	0.693	61.990	127.000	1.880	59	124	1	7	7	4
1.012	7.354	42	33	44	1.048	0.216	1	1	2	305.143	129.714	2.286	0.539	0.104	0.544	305.136	129.727	2.295	303	128	1	5	4	4
5.543	23.015	230	133	1232	5.357	6.008	3	1	30	122.009	137.143	2.739	0.993	0.147	0.995	121.994	137.167	2.230	118	133	1	9	9	6
2.097	11.357	87	64	141	1.621	0.879	1	1	4	201.402	141.000	2.241	0.679	0.106	0.675	201.404	141.000	2.099	199	139	1	6	5	5
0.241	2.664	10	10	10	1.000	0.000	1	1	1	172.000	141.000	1.100	0.281	0.099	0.301	172.000	141.000	1.100	171	140	1	3	3	2
1.133	7.390	47	40	61	1.298	0.462	1	1	2	102.830	147.000	1.787	0.524	0.084	0.540	102.803	147.000	1.721	101	145	1	5	5	3
1.591	10.087	66	52	82	1.242	0.432	1	1	2	259.000	149.227	2.182	0.618	0.120	0.602	258.976	149.220	2.146	257	147	1	6	6	4
0.651	4.603	27	26	27	1.000	0.000	1	1	1	241.000	149.000	2.000	0.426	0.098	0.462	241.000	149.000	2.000	240	148	1	3	3	3
0.241	2.945	10	10	10	1.000	0.000	1	1	1	333.000	149.000	1.500	0.292	0.051	0.316	333.000	149.000	1.500	332	148	1	3	3	2
0.362	3.987	15	15	15	1.000	0.000	1	1	1	321.933	154.467	1.000	0.421	0.183	0.446	321.933	154.467	1.000	320	152	1	5	6	1
39.044	90.297	1620	553	9935	6.133	10.216	3	1	90	225.184	160.376	5.704	2.021	0.259	2.000	225.931	162.473	5.057	218	150	1	15	20	12
13.376	38.217	555	266	13380	24.108	41.085	5	1	211	24.452	158.362	3.768	1.368	0.166	1.342	24.481	158.432	2.673	20	154	1	10	10	8
2.266	12.257	94	66	151	1.606	0.722	1	1	3	160.426	155.936	2.543	0.709	0.107	0.691	160.437	155.954	2.450	158	154	1	6	5	5
0.916	7.618	38	31	41	1.079	0.273	1	1	2	53.000	156.947	2.921	0.515	0.106	0.498	53.000	156.951	2.927	51	155	1	5	5	5
0.868	6.648	36	33	36	1.000	0.000	1	1	1	311.222	165.194	2.389	0.524	0.159	0.547	311.222	165.194	2.389	310	164	1	4	4	4
0.289	3.403	12	12	12	1.000	0.000	1	1	1	30.000	165.250	2.000	0.357	0.134	0.414	30.000	165.250	2.000	29	165	1	3	2	3
12.894	40.899	535	275	11945	22.327	40.085	5	1	238	182.166	218.049	3.426	1.378	0.250	1.345	182.353	217.886	2.477	176	213	1	12	13	8
1.326	8.025	55	46	66	1.200	0.447	1	1	3	249.909	215.091	1.855	0.554	0.085	0.559	249.924	215.076	1.788	248	213	1	5	5	3
3.856	17.547	160	105	509	3.181	2.777	2	1	13	43.925	218.837	2.619	0.860	0.119	0.832	43.959	218.898	2.281	41	216	1	7	7	6
39.864	101.479	1654	653	34657	20.953	55.431	4	1	497	69.516	220.901	4.492	2.127	0.603	2.163	73.906	220.598	2.968	58	215	1	24	14	10
0.723	5.698	30	30	31	1.033	0.183	1	1	2	28.000	226.000	1.300	0.427	0.121	0.445	28.000	226.000	1.290	26	224	1	5	5	2
16.461	46.435	683	306	26459	38.739	77.182	6	1	502	116.003	236.575	3.889	1.468	0.157	1.446	116.048	236.607	2.560	110	231	1	14	12	8
0.651	4.603	27	26	27	1.000	0.000	1	1	1	90.000	234.000	2.000	0.426	0.098	0.462	90.000	234.000	2.000	89	233	1	3	3	3
3.977	17.513	165	110	427	2.588	2.158	2	1	10	261.921	238.182	2.467	0.863	0.123	0.843	261.918	238.131	2.148	259	235	1	7	8	5
1.253	8.202	52	46	72	1.385	0.599	1	1	3	198.385	241.231	1.731	0.545	0.114	0.544	198.347	241.236	1.611	196	239	1	5	6	3
0.530	4.709	22	22	23	1.045	0.213	1	1	2	229.000	241.000	1.409	0.375	0.096	0.386	229.000	241.000	1.391	227	239	1	5	5	2
2.482	13.652	103	80	217	2.107	1.475	2	1	7	52.369	255.146	1.942	0.720	0.145	0.718	52.327	255.106	1.719	49	252	1	8	7	4
2.241	12.610	93	71	129	1.387	0.572	1	1	3	217.710	265.290	2.215	0.708	0.144	0.701	217.674	265.217	2.124	215	263	1	6	7	5
2.627	13.386	109	78	244	2.239	1.509	2	1	7	10.284	268.220	2.220	0.733	0.101	0.742	10.279	268.168	2.016	7	265	1	7	7	4
0.241	2.664	10	10	10	1.000	0.000	1	1	1	65.000	268.000	1.100	0.281	0.099	0.301	65.000	268.000	1.100	64	267	1	3	3	2
1.157	7.918	48	39	54	1.125	0.334	1	1	2	53.646	271.146	2.250	0.544	0.090	0.549	53.648	271.148	2.241	52	269	1	4	5	4
0.241	2.664	10	10	10	1.000	0.000	1	1	1	272.000	281.100	1.100	0.289	0.105	0.306	272.000	281.100	1.100	271	280	1	3	3	2
0.241	2.664	10	10	10	1.000	0.000	1	1	1	37.000	285.000	1.100	0.281	0.099	0.301	37.000	285.000	1.100	36	284	1	3	3	2
0.265	3.105	11	11	11	1.000	0.000	1	1	1	178.091	297.545	1.000	0.364	0.158	0.385	178.091	297.545	1.000	176	296	1	5	4	1
0.241	2.664	10	10	10	1.000	0.000	1	1	1	169.000	321.000	1.100	0.281	0.099	0.301	169.000	321.000	1.100	168	320	1	3	3	2
0.241	2.664	10	10	10	1.000	0.000	1	1	1	169.000	328.000	1.100	0.281	0.099	0.301	169.000	328.000	1.100	168	327	1	3	3	2
0.289	2.998	12	12	12	1.000	0.000	1	1	1	81.250	337.833	1.417	0.308	0.063	0.318	81.250	337.833	1.417	80	337	1	3	3	2
0.916	7.145	38	38	44	1.158	0.370	1	1	2	36.368	346.421	1.263	0.489	0.159	0.475	36.341	346.386	1.227	34	344	1	6	6	2
1.398	9.770	58	45	58	1.000	0.000	1	1	1	313.776	35.276	3.500	0.609	0.128	0.615	313.776	35.276	3.500	312	33	2	5	7	4
0.675	4.990	28	26	28	1.000	0.000	1	1	1	85.000	110.000	3.071	0.442	0.117	0.463	85.000	110.000	3.071	84	109	2	3	3	4
0.578	4.479	24	23	24	1.000	0.000	1	1	1	221.875	181.875	3.000	0.418	0.099	0.448	221.875	181.875	3.000	221	181	2	3	3	3
0.241	2.557	10	10	10	1.000	0.000	1	1	1	206.400	27.800	3.500	0.291	0.054	0.296	206.400	27.800	3.500	206	27	3	2	3	2
0.410	4.232	17	16	17	1.000	0.000	1	1	1	323.118	142.882	3.941	0.393	0.098	0.429	323.118	142.882	3.941	322	142	3	3	3	3
0.603	6.365	25	25	25	1.000	0.000	1	1	1	184.000	302.200	8.240	0.641	0.327	0.579	184.000	302.200	8.240	183	301	5	3	3	7
0.265	2.821	11	11	11	1.000	0.000	1	1	1	293.545	189.455	10.909	0.334	0.126	0.396	293.545	189.455	10.909	293	189	10	2	2	3
0.362	3.844	15	14	15	1.000	0.000	1	1	1	315.200	83.200	27.933	0.379	0.101	0.418	315.200	83.200	27.933	314	82	27	3	3	3
0.337	3.546	14	14	14	1.000	0.000	1	1	1	301.429	156.643	31.929	0.341	0.112	0.379	301.429	156.643	31.929	300	155	31	4	4	2
