Volume (micron^3)	Surface (micron^2)	Nb of obj. voxels	Nb of surf. voxels	IntDen	Mean	StdDev	Median	Min	Max	X	Y	Z	Mean dist. to surf. (micron)	SD dist. to surf. (micron)	Median dist. to surf. (micron)	XM	YM	ZM	BX	BY	BZ	B-width	B-height	B-depth
16439.041	28954.211	682082	192666	313296480	459.324	275.780	370.000	200	3291	265.501	342.412	16.170	30.111	10.295	29.348	262.618	338.540	15.502	113	178	1	399	334	27
4.218	22.024	175	124	97352	556.297	353.262	428.000	200	1783	223.851	216.909	3.549	0.997	0.308	1.021	223.620	216.854	3.494	221	214	1	9	7	7
1.494	9.171	62	51	35350	570.161	378.536	452.500	200	1658	233.532	221.516	1.855	0.580	0.100	0.596	233.480	221.544	1.639	231	219	1	6	6	3
0.940	6.719	39	35	12393	317.769	91.444	301.000	210	557	363.538	283.949	2.590	0.519	0.132	0.503	363.562	283.963	2.551	362	283	1	4	3	4
0.410	4.355	17	16	4355	256.176	49.350	251.000	201	359	391.647	303.529	2.765	0.417	0.154	0.377	391.644	303.544	2.740	391	302	1	3	4	4
0.651	5.766	27	25	6932	256.741	54.084	231.000	200	406	360.037	306.963	2.519	0.463	0.140	0.406	360.030	306.964	2.546	359	306	1	3	3	4
0.723	5.361	30	28	10875	362.500	144.217	329.000	202	743	371.600	317.967	1.833	0.447	0.094	0.453	371.602	317.973	1.705	370	317	1	4	3	3
18.341	84.087	761	519	324791	426.795	295.673	314.000	200	2088	157.043	361.635	2.933	1.907	0.654	1.976	158.062	361.959	2.634	149	349	1	20	24	8
0.241	2.681	10	10	2982	298.200	58.324	293.000	218	403	148.300	359.300	1.400	0.290	0.058	0.296	148.321	359.314	1.392	147	358	1	3	3	2
1.639	10.087	68	53	37957	558.191	350.097	467.500	206	1593	173.632	365.824	2.221	0.625	0.103	0.627	173.596	365.819	1.949	171	364	1	6	5	4
4.724	22.676	196	123	104126	531.255	338.511	410.000	200	1798	143.673	377.872	5.031	1.018	0.297	1.001	143.631	378.112	4.938	141	373	1	6	9	8
73.485	283.921	3049	1589	1064595	349.162	151.198	299.000	200	1190	378.997	300.579	12.150	3.698	1.293	3.702	378.773	301.025	11.833	366	284	2	27	42	26
7.230	29.218	300	167	216868	722.893	587.690	485.000	200	2894	181.007	386.203	7.547	1.223	0.359	1.230	180.982	386.194	7.278	178	383	2	7	8	11
3.205	18.621	133	90	57669	433.602	247.004	330.000	200	1289	168.338	389.609	5.286	0.867	0.241	0.871	168.095	389.555	5.228	165	388	2	9	5	7
1.615	11.021	67	49	28815	430.075	212.097	368.000	202	1090	212.224	459.239	5.149	0.683	0.206	0.632	212.172	459.188	5.111	210	457	2	5	5	7
2.723	17.174	113	87	41530	367.522	189.334	286.000	200	1048	367.292	324.876	6.088	0.878	0.298	0.848	367.530	324.852	6.292	363	323	3	8	5	7
1.398	11.215	58	50	18949	326.707	110.875	296.500	201	694	142.190	388.603	5.241	0.650	0.224	0.655	142.314	388.676	5.209	139	386	3	6	6	5
0.699	5.572	29	26	7982	275.241	63.469	262.000	200	460	321.069	252.034	5.966	0.467	0.152	0.467	321.082	252.042	5.956	320	251	4	3	3	5
1.109	8.006	46	41	13766	299.261	95.043	278.500	200	589	356.978	314.457	6.109	0.602	0.205	0.563	356.993	314.356	6.225	356	313	4	3	5	5
0.265	3.068	11	11	2459	223.545	15.795	219.000	204	258	255.091	435.545	4.909	0.315	0.114	0.305	255.084	435.548	4.911	254	435	4	3	2	3
1.542	9.680	64	48	27546	430.406	213.568	353.000	203	1032	228.453	206.688	7.422	0.666	0.209	0.681	228.436	206.741	7.364	227	205	5	4	4	6
1.205	8.517	50	42	18955	379.100	150.165	344.000	208	836	230.040	433.360	7.000	0.599	0.173	0.564	230.028	433.313	6.974	228	432	5	5	4	5
4.579	21.918	190	116	95511	502.689	321.552	380.000	200	1657	210.258	213.311	10.174	1.037	0.326	0.984	210.504	213.072	9.826	207	210	6	7	7	9
0.795	6.665	33	27	9901	300.030	86.906	270.000	206	503	316.455	229.848	8.152	0.519	0.170	0.508	316.469	229.834	8.160	315	229	6	4	3	5
0.723	5.572	30	28	8056	268.533	47.068	265.000	203	376	238.933	432.967	7.667	0.484	0.149	0.442	238.913	432.987	7.659	238	432	6	3	3	4
0.289	3.456	12	11	2886	240.500	36.448	232.500	202	320	274.750	481.250	7.000	0.349	0.096	0.400	274.751	481.230	6.992	274	480	6	3	3	3
0.313	3.720	13	13	3002	230.923	28.212	218.000	202	283	206.077	253.615	8.462	0.409	0.168	0.353	206.080	253.617	8.467	205	253	7	3	2	4
0.265	2.945	11	11	2361	214.636	12.793	214.000	201	236	385.364	282.818	8.364	0.316	0.098	0.298	385.374	282.817	8.373	385	282	7	2	3	3
2.362	12.678	98	68	44393	452.990	225.919	376.500	203	1110	212.694	204.469	10.418	0.762	0.197	0.742	212.733	204.522	10.378	210	203	8	6	4	6
2.121	14.019	88	74	28287	321.443	108.642	285.000	204	743	386.670	308.898	9.989	0.756	0.232	0.802	386.816	308.800	9.979	384	306	8	6	7	5
0.265	3.262	11	10	2655	241.364	33.927	230.000	203	313	209.273	471.182	8.909	0.338	0.093	0.343	209.271	471.179	8.882	208	470	8	3	3	3
14.654	70.850	608	390	205560	338.092	147.550	288.500	200	1037	4.036	6.342	18.623	2.158	0.951	2.097	3.732	6.273	18.347	0	0	9	14	14	19
0.771	6.154	32	28	10927	341.469	108.843	316.000	215	598	177.312	458.938	10.500	0.509	0.138	0.527	177.346	458.904	10.484	176	458	9	4	3	4
0.506	4.726	21	19	4825	229.762	24.599	217.000	200	276	253.524	486.000	10.238	0.405	0.086	0.405	253.523	485.997	10.256	252	485	9	4	3	3
0.386	4.162	16	15	4143	258.938	39.046	266.500	202	327	213.500	220.375	11.812	0.402	0.143	0.374	213.490	220.391	11.829	212	219	10	4	3	4
2.675	15.252	111	78	56278	507.009	314.027	410.000	201	1500	124.541	372.378	13.225	0.860	0.294	0.806	124.441	372.361	13.000	122	370	10	7	5	8
0.434	3.968	18	17	4391	243.944	29.327	244.500	201	310	264.944	484.389	11.056	0.388	0.101	0.423	264.960	484.395	11.037	264	483	10	3	3	3
6.483	29.838	269	157	98793	367.260	165.459	304.000	200	904	204.944	179.903	14.186	1.134	0.300	1.123	205.338	179.615	14.224	199	177	11	11	9	8
0.916	7.177	38	32	12624	332.211	115.584	317.000	203	617	243.053	212.368	12.842	0.548	0.179	0.525	243.029	212.393	12.814	242	211	11	3	4	5
1.133	7.741	47	41	14719	313.170	101.343	273.000	201	592	162.106	215.830	12.511	0.560	0.138	0.591	162.050	215.716	12.508	161	214	11	3	5	4
0.699	6.154	29	25	7161	246.931	37.978	235.000	205	335	314.276	233.897	13.103	0.499	0.170	0.473	314.306	233.881	13.117	313	233	11	4	3	5
0.410	4.355	17	15	3834	225.529	23.775	216.000	201	279	390.941	298.941	12.412	0.398	0.117	0.349	390.935	298.955	12.416	390	298	11	3	3	4
60.542	210.854	2512	1225	962908	383.323	223.443	300.000	200	1805	501.212	475.332	17.743	2.600	0.826	2.539	501.194	474.730	17.467	488	464	11	24	28	17
0.434	4.091	18	17	4226	234.778	28.546	238.500	201	284	492.889	506.111	11.778	0.380	0.091	0.376	492.862	506.080	11.748	492	505	11	3	3	3
0.241	3.068	10	10	2162	216.200	12.985	213.500	200	241	220.900	187.600	12.600	0.320	0.104	0.310	220.882	187.614	12.598	220	187	12	3	2	3
0.747	6.207	31	28	9499	306.419	90.842	285.000	203	538	153.548	214.000	13.323	0.489	0.134	0.493	153.608	213.926	13.318	152	213	12	4	4	4
0.434	4.355	18	18	4387	243.722	36.748	237.500	201	327	510.556	469.056	13.389	0.398	0.152	0.357	510.588	469.071	13.381	509	468	12	3	3	4
8.219	40.307	341	218	106025	310.924	96.836	280.000	200	628	500.692	509.053	18.056	1.485	0.619	1.358	500.698	509.094	17.895	496	506	12	11	6	14
1.301	10.756	54	47	12452	230.593	25.132	221.500	200	303	352.481	326.741	15.870	0.721	0.291	0.724	352.479	326.750	15.872	350	325	13	5	5	7
1.253	9.169	52	43	17562	337.731	120.673	305.500	201	640	146.596	360.904	15.577	0.631	0.227	0.626	146.591	360.899	15.565	145	359	13	4	4	6
0.506	4.743	21	20	5375	255.952	44.963	242.000	201	342	134.095	373.619	14.524	0.440	0.157	0.369	134.119	373.603	14.533	133	373	13	3	3	4
0.651	5.572	27	25	7637	282.852	85.046	241.000	202	516	129.037	381.000	14.444	0.454	0.135	0.407	129.059	381.011	14.441	128	380	13	3	3	4
0.434	4.162	18	18	4008	222.667	16.789	219.500	200	251	462.833	466.444	14.222	0.388	0.139	0.388	462.809	466.441	14.202	462	465	13	3	3	4
0.506	4.743	21	19	5676	270.286	53.446	261.000	204	406	175.714	195.000	15.286	0.434	0.141	0.413	175.710	195.019	15.246	175	194	14	3	3	4
0.675	5.873	28	25	6249	223.179	15.545	223.500	200	256	471.643	442.179	15.321	0.453	0.113	0.464	471.633	442.183	15.322	470	441	14	5	4	3
15.786	60.028	655	359	210328	321.111	90.860	302.000	200	648	507.267	499.887	23.728	1.585	0.494	1.547	507.215	499.825	23.889	501	493	14	11	15	14
23.499	72.327	975	464	328339	336.758	110.860	314.000	200	814	376.341	276.083	23.942	1.794	0.539	1.677	376.616	275.886	23.991	368	268	15	18	16	13
0.892	7.247	37	32	10439	282.135	69.895	262.000	200	467	216.919	386.811	17.622	0.548	0.201	0.530	216.905	386.799	17.610	216	385	15	3	4	6
0.362	4.038	15	14	3402	226.800	28.501	223.000	200	299	264.133	208.933	16.933	0.380	0.097	0.420	264.131	208.934	16.941	263	208	16	3	3	3
0.241	3.139	10	10	2191	219.100	11.628	220.000	200	235	384.600	398.700	17.700	0.367	0.180	0.310	384.584	398.701	17.696	384	398	16	3	2	4
0.410	3.703	17	16	3984	234.353	30.514	220.000	201	294	499.882	502.882	18.412	0.356	0.075	0.355	499.866	502.863	18.413	499	502	17	3	3	3
0.482	4.937	20	18	4606	230.300	27.895	223.000	200	304	269.900	215.950	19.750	0.437	0.140	0.397	269.908	215.948	19.741	269	215	18	3	3	4
0.386	3.456	16	16	4072	254.500	39.231	247.000	209	348	445.500	412.125	19.125	0.364	0.120	0.394	445.520	412.139	19.114	445	411	18	2	3	3
1.253	8.587	52	44	15745	302.788	82.551	288.500	202	539	269.288	476.942	19.904	0.610	0.187	0.577	269.281	476.925	19.880	267	476	18	5	3	5
0.434	4.479	18	15	4057	225.389	27.305	214.500	200	287	475.000	493.389	19.389	0.400	0.104	0.376	475.008	493.409	19.386	474	492	18	3	4	4
1.326	9.416	55	42	20742	377.127	158.084	326.000	204	781	221.564	500.291	20.873	0.649	0.206	0.592	221.584	500.328	20.868	220	498	18	4	5	6
0.289	3.527	12	12	2628	219.000	20.780	212.000	200	264	266.333	480.250	20.167	0.365	0.165	0.356	266.328	480.237	20.147	266	479	19	2	3	4
1.109	9.045	46	39	10872	236.348	26.164	228.500	200	307	482.087	502.848	21.326	0.643	0.263	0.603	482.103	502.844	21.293	480	502	19	5	3	7
2.121	14.460	88	72	26580	302.045	95.205	277.000	200	570	468.977	419.841	23.864	0.969	0.403	1.018	469.073	419.747	23.751	466	417	20	7	7	8
2.434	17.933	101	84	28267	279.871	73.325	258.000	200	536	475.832	438.267	24.010	1.059	0.381	1.103	475.768	438.046	24.083	473	434	20	6	10	8
0.362	3.456	15	15	3791	252.733	47.831	244.000	201	355	488.200	463.533	21.067	0.357	0.120	0.391	488.195	463.549	21.080	487	463	20	3	2	3
1.060	7.812	44	35	11656	264.909	58.472	248.500	202	419	293.500	476.750	22.455	0.569	0.149	0.530	293.475	476.769	22.449	292	475	20	4	4	5
1.157	9.363	48	45	18458	384.542	202.192	290.000	202	977	0.646	21.729	25.083	0.687	0.329	0.588	0.505	21.810	25.411	0	20	21	3	5	7
1.832	11.867	76	58	28220	371.316	156.931	324.000	200	803	400.237	316.224	23.961	0.773	0.294	0.741	400.306	316.226	23.837	398	315	21	5	4	7
4.917	33.844	204	179	50547	247.779	38.878	239.500	200	386	389.431	327.902	25.833	1.446	0.477	1.483	389.434	327.965	25.860	384	321	22	13	17	6
2.892	16.736	120	90	30113	250.942	36.588	244.500	200	357	369.033	330.400	24.892	0.816	0.229	0.842	369.004	330.419	24.845	367	327	22	6	8	6
1.494	10.439	62	51	17329	279.500	58.569	273.000	200	439	453.081	450.065	25.145	0.686	0.237	0.653	453.070	450.068	25.113	451	448	22	5	5	6
0.362	4.232	15	13	3660	244.000	41.559	242.000	202	336	480.133	465.133	23.267	0.399	0.130	0.360	480.159	465.142	23.246	479	464	22	3	3	4
2.097	12.291	87	65	29082	334.276	128.471	288.000	201	746	493.103	502.839	25.126	0.728	0.192	0.691	493.120	502.846	25.178	491	501	22	5	5	6
0.699	6.154	29	27	6630	228.621	21.861	227.000	200	273	193.000	286.103	24.724	0.515	0.191	0.466	192.983	286.130	24.708	192	285	23	3	3	5
0.675	7.160	28	26	6069	216.750	16.474	212.500	200	259	140.071	330.536	25.036	0.577	0.265	0.486	140.062	330.541	25.014	137	329	23	7	4	5
1.350	9.840	56	50	13365	238.661	28.702	235.000	200	318	439.143	398.107	25.679	0.632	0.202	0.611	439.155	398.099	25.685	437	395	23	5	6	5
0.482	5.114	20	20	4893	244.650	49.161	228.000	201	392	450.300	416.600	25.850	0.530	0.280	0.497	450.282	416.639	25.980	449	416	23	4	3	5
0.482	4.549	20	20	5366	268.300	57.422	264.000	200	368	447.550	461.300	24.450	0.433	0.161	0.402	447.548	461.353	24.391	447	460	23	3	3	4
0.241	2.681	10	10	2227	222.700	10.625	224.000	205	238	260.000	484.400	23.500	0.295	0.055	0.331	259.996	484.394	23.499	259	484	23	3	2	2
0.289	3.139	12	12	2899	241.583	31.327	239.000	201	291	464.583	506.833	24.083	0.342	0.128	0.381	464.574	506.845	24.065	464	506	23	2	3	3
0.868	7.036	36	33	8071	224.194	15.811	220.000	202	258	259.250	198.944	25.917	0.514	0.157	0.501	259.250	198.952	25.949	258	198	24	4	4	4
2.916	17.002	121	96	33448	276.430	65.649	258.000	200	476	327.975	220.223	25.959	0.828	0.256	0.816	327.947	220.218	26.060	324	216	24	9	9	4
1.157	8.570	48	42	13317	277.438	60.796	269.000	206	438	354.688	294.271	25.958	0.563	0.157	0.582	354.764	294.167	26.021	353	292	24	5	6	4
0.892	6.648	37	32	11383	307.649	91.271	283.000	210	529	460.378	459.378	25.919	0.519	0.124	0.505	460.352	459.381	26.035	459	458	24	4	4	4
0.265	3.139	11	11	2811	255.545	31.595	256.000	205	308	361.273	250.455	26.091	0.344	0.133	0.386	361.280	250.413	26.095	360	250	25	3	2	3
0.699	5.662	29	28	8893	306.655	90.359	296.000	201	520	208.276	393.207	26.517	0.428	0.114	0.421	208.255	393.222	26.591	206	392	25	5	4	3
0.747	5.979	31	30	8639	278.677	70.844	268.000	200	441	446.323	402.032	26.452	0.445	0.119	0.456	446.322	402.060	26.519	445	400	25	4	5	3
0.362	3.897	15	15	3188	212.533	9.985	210.000	201	231	400.600	425.600	26.267	0.379	0.138	0.355	400.614	425.596	26.260	399	425	25	4	3	3
0.458	5.097	19	19	4184	220.211	18.737	212.000	200	269	193.474	432.105	26.526	0.417	0.200	0.356	193.506	432.089	26.542	190	430	25	6	4	3
1.277	8.837	53	49	14159	267.151	67.371	245.000	201	483	266.528	443.623	26.340	0.572	0.166	0.561	266.372	443.692	26.376	264	442	25	7	5	3
0.241	2.734	10	10	2415	241.500	37.772	230.000	202	326	185.800	215.900	26.800	0.288	0.085	0.309	185.804	215.909	26.822	185	215	26	3	3	2
0.458	4.709	19	19	4363	229.632	22.650	230.000	202	271	245.316	254.316	26.684	0.408	0.178	0.359	245.303	254.328	26.689	243	253	26	7	4	2
0.747	6.015	31	31	8735	281.774	70.322	253.000	203	451	242.774	367.129	26.710	0.441	0.136	0.439	242.791	367.045	26.744	240	365	26	6	5	2
0.434	4.268	18	18	4183	232.389	23.470	233.000	202	278	215.889	384.500	26.611	0.376	0.114	0.367	215.878	384.497	26.634	214	383	26	4	4	2
0.530	4.198	22	22	7418	337.182	91.188	325.500	204	537	459.091	509.500	26.545	0.374	0.091	0.366	459.098	509.543	26.626	458	508	26	3	4	2
