Volume (micron^3)	Surface (micron^2)	Nb of obj. voxels	Nb of surf. voxels	IntDen	Mean	StdDev	Median	Min	Max	X	Y	Z	Mean dist. to surf. (micron)	SD dist. to surf. (micron)	Median dist. to surf. (micron)	XM	YM	ZM	BX	BY	BZ	B-width	B-height	B-depth
1.133	8.658	47	37	15097	321.213	113.147	269.000	200	590	174.362	81.404	3.660	0.624	0.211	0.631	174.327	81.424	3.646	173	80	1	4	4	6
0.313	3.650	13	12	2825	217.308	14.511	213.000	200	248	142.308	85.154	2.692	0.380	0.143	0.336	142.315	85.151	2.691	141	84	1	3	3	4
9421.451	23275.764	390911	140920	135199472	345.857	149.668	302.000	200	2180	231.561	271.141	17.167	39.932	13.643	37.775	231.263	272.064	16.874	75	24	1	437	488	31
0.747	6.084	31	27	9884	318.839	97.826	279.000	200	493	241.839	109.452	2.323	0.494	0.131	0.493	241.791	109.463	2.308	241	108	1	3	4	4
1.326	8.905	55	44	21159	384.709	163.781	347.000	203	797	240.509	120.273	3.145	0.627	0.175	0.586	240.511	120.270	3.133	239	119	1	4	4	5
0.482	4.620	20	20	4800	240.000	30.060	235.000	200	309	177.500	124.850	3.300	0.443	0.194	0.391	177.506	124.870	3.296	177	124	1	2	3	5
0.578	5.502	24	21	5843	243.458	38.890	228.500	202	348	137.583	131.917	3.042	0.444	0.123	0.450	137.604	131.936	3.039	136	131	1	4	3	4
7.785	38.634	323	214	97375	301.471	170.525	243.000	200	1255	354.474	163.133	6.749	1.328	0.511	1.264	354.566	163.644	5.860	349	160	1	11	8	12
2.025	11.990	84	64	41579	494.988	267.447	419.000	203	1287	315.833	175.357	3.238	0.740	0.215	0.732	315.813	175.291	3.027	314	174	1	5	4	6
193.967	690.347	8048	4038	2254187	280.093	77.791	259.000	200	906	327.750	161.681	19.362	4.289	1.625	4.307	328.031	162.052	19.310	306	138	1	44	46	31
0.819	6.173	34	30	9969	293.206	87.614	266.000	200	512	120.353	179.588	1.618	0.470	0.099	0.457	120.406	179.611	1.528	118	178	1	5	4	3
0.964	8.359	40	36	10919	272.975	75.708	251.500	200	483	430.450	236.025	1.950	0.554	0.195	0.513	430.529	236.162	1.796	428	233	1	5	6	4
1.085	7.160	45	37	14166	314.800	99.390	282.000	201	577	439.533	253.333	2.156	0.539	0.108	0.519	439.493	253.397	2.042	438	252	1	4	4	4
0.313	3.068	13	13	3580	275.385	41.371	277.000	207	332	417.462	296.000	1.615	0.324	0.091	0.320	417.465	296.070	1.555	417	295	1	2	3	3
0.795	6.401	33	29	13043	395.242	163.703	357.000	206	817	144.182	347.818	2.091	0.494	0.128	0.474	144.175	347.799	1.927	143	346	1	4	4	4
139.836	631.782	5802	3382	1681933	289.888	118.597	249.000	200	1170	478.263	334.885	14.421	4.274	1.453	4.166	478.981	333.196	14.414	460	315	1	33	54	31
131.231	506.668	5445	2861	1609497	295.592	120.960	261.000	200	1591	494.326	365.368	18.139	3.860	1.460	3.838	495.155	365.424	17.618	477	348	1	33	35	31
0.554	5.325	23	21	6684	290.609	67.279	277.000	202	424	471.130	366.348	3.217	0.482	0.197	0.445	471.162	366.371	3.206	470	365	1	3	3	5
0.651	7.036	27	27	6987	258.778	71.023	225.000	202	499	266.407	449.741	2.852	0.772	0.272	0.753	266.205	449.930	2.581	264	448	1	6	5	6
7.640	32.289	317	177	107110	337.886	126.848	291.000	200	793	287.735	472.886	4.249	1.177	0.259	1.157	287.725	472.888	4.152	284	469	1	10	9	9
22.631	97.826	939	539	258413	275.200	62.465	261.000	200	547	243.953	469.364	9.576	1.999	0.707	2.012	244.025	469.421	9.490	237	462	1	13	18	18
36.610	168.571	1519	927	442899	291.573	95.625	264.000	200	822	259.784	484.672	15.510	3.128	1.462	2.994	259.846	484.107	15.089	251	470	1	20	31	31
2.796	13.614	116	84	60079	517.922	333.259	395.500	200	1718	296.121	493.440	2.776	0.782	0.150	0.771	295.986	493.541	2.332	294	490	1	5	7	5
0.530	4.743	22	20	6985	317.500	83.728	294.500	221	516	288.727	493.000	2.091	0.427	0.127	0.450	288.741	492.980	2.021	288	492	1	3	3	4
0.675	5.960	28	25	7360	262.857	63.631	231.500	203	447	268.036	498.000	3.429	0.482	0.172	0.411	268.021	498.006	3.424	267	497	1	3	3	5
0.241	2.681	10	10	2896	289.600	63.699	261.000	231	403	284.700	500.300	1.400	0.290	0.058	0.296	284.685	500.328	1.342	284	499	1	3	3	2
0.362	4.038	15	14	3559	237.267	25.004	234.000	207	290	390.800	502.733	2.867	0.398	0.139	0.392	390.784	502.745	2.876	390	502	1	3	3	4
2.964	15.252	123	86	76242	619.854	405.395	485.000	203	1717	383.724	509.390	3.610	0.856	0.234	0.830	383.725	509.506	3.140	381	507	1	6	5	7
0.362	3.844	15	15	3909	260.600	48.468	240.000	210	355	142.533	115.933	3.533	0.379	0.145	0.339	142.552	115.918	3.516	142	115	2	2	3	4
0.362	3.597	15	15	4095	273.000	53.073	284.000	204	360	325.533	151.533	3.400	0.423	0.179	0.300	325.558	151.542	3.386	325	151	2	2	2	4
696.358	2114.819	28893	12565	8859272	306.623	109.584	273.000	200	1330	393.613	196.407	19.206	7.542	2.884	6.977	392.765	196.355	19.253	361	155	2	92	89	30
29.066	111.890	1206	632	397678	329.750	124.815	292.000	200	891	421.075	290.904	8.231	2.231	0.846	2.205	421.533	291.113	8.090	408	278	2	24	30	15
1.326	9.222	55	43	15355	279.182	66.145	260.000	201	474	143.855	295.364	4.073	0.619	0.167	0.585	143.863	295.326	4.052	142	293	2	4	5	5
0.482	4.990	20	18	5869	293.450	72.307	276.000	214	491	150.000	347.000	3.900	0.405	0.122	0.430	150.004	347.005	3.881	149	346	2	3	3	4
2.217	14.053	92	77	50289	546.620	391.413	380.500	203	1967	510.011	379.239	6.598	0.849	0.341	0.800	510.350	379.094	6.329	508	377	2	4	6	9
0.337	3.650	14	14	3652	260.857	54.978	241.500	202	374	278.429	438.071	3.357	0.359	0.134	0.326	278.416	438.052	3.320	278	437	2	2	3	4
19.233	85.606	798	466	228542	286.393	78.305	263.000	200	605	253.535	456.590	13.536	1.939	0.788	1.875	253.586	456.734	13.621	246	449	2	14	17	20
5.953	33.098	247	172	72342	292.883	106.474	260.000	200	832	227.239	458.903	9.251	1.410	0.630	1.304	227.124	459.253	8.816	224	453	2	8	12	14
63.772	288.166	2646	1579	751623	284.060	85.240	257.000	200	969	305.130	502.402	11.561	3.113	1.127	3.119	305.953	502.162	11.529	280	488	2	41	24	20
146.102	528.482	6062	3030	1769067	291.829	98.079	261.000	200	1345	285.546	149.953	16.623	4.392	1.569	4.442	285.824	150.914	16.049	269	123	3	38	53	29
0.723	7.618	30	28	6811	227.033	20.624	223.500	200	269	114.000	163.667	4.967	0.571	0.226	0.542	113.963	163.686	4.957	111	162	3	6	4	5
44.756	173.700	1857	969	520350	280.210	65.120	266.000	200	519	402.974	234.432	16.788	3.170	1.418	3.103	402.935	234.461	16.871	398	216	3	13	39	27
2.892	20.912	120	96	31341	261.175	59.306	238.500	200	505	404.333	276.200	8.258	1.041	0.433	1.053	404.366	276.273	8.390	401	272	3	7	8	11
2.699	14.882	112	80	60363	538.955	338.566	430.000	201	1538	438.768	288.545	6.500	0.849	0.285	0.764	438.656	288.541	6.332	436	287	3	6	5	8
0.675	5.572	28	24	7098	253.500	46.143	242.000	203	364	280.607	455.857	4.393	0.481	0.130	0.450	280.589	455.864	4.389	279	455	3	4	3	4
0.313	3.068	13	13	3001	230.846	30.157	217.000	203	291	368.000	490.538	4.385	0.324	0.091	0.320	367.992	490.552	4.396	367	490	3	3	2	3
183.869	667.641	7629	3867	2336040	306.205	107.367	273.000	200	1128	362.774	498.684	17.486	4.282	1.657	4.249	362.702	498.721	17.034	342	479	3	58	33	29
0.337	3.914	14	14	3335	238.214	25.876	235.000	202	285	148.429	95.643	6.214	0.435	0.229	0.368	148.410	95.648	6.243	148	95	4	2	3	5
3.085	15.958	128	84	72536	566.688	345.575	465.500	208	1589	257.492	146.930	7.273	0.869	0.235	0.836	257.483	146.934	7.278	255	145	4	6	6	7
0.868	7.089	36	32	8379	232.750	26.428	228.000	200	304	433.583	229.278	5.583	0.499	0.125	0.501	433.592	229.318	5.602	432	227	4	4	5	4
0.362	3.844	15	15	3294	219.600	17.058	214.000	201	256	465.067	360.267	5.200	0.369	0.125	0.394	465.076	360.282	5.186	464	359	4	3	3	3
0.699	5.890	29	25	8697	299.897	84.520	277.000	202	463	222.276	401.207	5.690	0.487	0.129	0.460	222.307	401.257	5.651	221	400	4	4	4	4
0.241	2.627	10	10	2523	252.300	31.457	250.000	208	299	205.500	421.600	5.200	0.320	0.121	0.350	205.505	421.618	5.233	205	421	4	2	2	3
1.398	11.178	58	55	16172	278.828	74.385	257.500	200	473	341.241	510.483	7.069	0.741	0.340	0.708	341.248	510.548	6.992	339	509	4	5	3	8
0.627	5.642	26	23	7345	282.500	69.722	266.000	200	450	271.846	149.154	7.000	0.476	0.177	0.486	271.816	149.185	6.973	271	148	5	3	3	5
0.892	7.705	37	33	9633	260.351	40.031	259.000	200	346	434.108	245.108	7.973	0.589	0.251	0.519	434.084	245.130	7.960	433	244	5	4	3	7
28.922	114.428	1200	638	377054	314.212	101.748	288.000	200	715	413.448	268.846	13.926	2.252	0.867	2.206	413.199	268.697	13.998	404	259	5	26	21	18
0.289	3.139	12	12	2665	222.083	18.073	214.000	203	256	145.333	288.250	6.250	0.336	0.116	0.339	145.332	288.253	6.257	145	287	5	2	3	3
29.428	128.770	1221	702	392381	321.360	121.311	281.000	200	861	447.107	317.456	13.804	2.243	0.785	2.146	447.236	317.244	13.682	436	309	5	20	18	22
0.723	7.494	30	28	7485	249.500	47.652	232.500	200	400	167.033	340.000	6.967	0.604	0.268	0.516	167.038	340.096	6.859	166	337	5	3	6	5
0.771	6.665	32	27	9408	294.000	94.348	243.000	204	501	200.562	398.844	7.094	0.526	0.182	0.488	200.560	398.798	7.080	199	398	5	4	3	5
0.337	3.774	14	14	3011	215.071	11.816	215.000	200	236	234.429	460.857	6.214	0.369	0.136	0.358	234.420	460.825	6.221	234	459	5	2	4	3
0.386	4.038	16	16	3978	248.625	39.348	244.000	201	330	302.875	496.562	6.438	0.395	0.152	0.342	302.855	496.574	6.428	302	496	5	3	2	4
2.579	18.357	107	87	26054	243.495	39.503	234.000	200	381	258.879	112.364	10.187	1.036	0.443	1.103	259.000	112.375	10.300	254	110	6	10	5	10
0.362	4.232	15	14	3471	231.400	25.615	225.000	201	281	226.733	144.067	7.600	0.413	0.164	0.348	226.709	144.064	7.621	226	143	6	3	3	4
0.265	3.139	11	11	2610	237.273	35.166	233.000	200	300	279.636	156.273	7.545	0.338	0.135	0.293	279.661	156.273	7.540	279	155	6	2	3	4
0.410	4.620	17	15	4514	265.529	53.665	252.000	211	407	419.941	262.941	7.118	0.415	0.133	0.433	419.930	262.939	7.095	419	262	6	3	3	4
0.265	2.945	11	11	2726	247.818	39.776	238.000	200	325	444.273	275.545	6.818	0.324	0.115	0.345	444.281	275.587	6.794	443	275	6	3	2	3
1.253	8.641	52	44	14287	274.750	58.730	260.000	203	441	458.827	340.981	7.673	0.590	0.165	0.592	458.903	340.983	7.685	456	340	6	6	3	5
0.916	7.247	38	32	12283	323.237	99.469	305.500	200	588	175.026	346.211	8.579	0.548	0.201	0.541	175.013	346.231	8.625	174	345	6	3	4	6
1.301	10.686	54	45	16045	297.130	75.020	280.000	204	497	155.556	356.259	8.185	0.629	0.201	0.630	155.564	356.246	8.169	153	354	6	6	6	5
8.845	40.808	367	223	101818	277.433	71.405	250.000	200	517	199.766	406.251	9.384	1.256	0.327	1.216	199.986	406.160	9.313	194	400	6	12	13	8
3.013	17.121	125	89	38252	306.016	89.034	286.000	201	558	509.720	405.720	9.968	0.920	0.337	0.881	509.757	405.788	9.901	506	403	6	6	6	9
2.000	13.013	83	66	23371	281.578	70.744	260.000	200	471	274.506	459.614	9.265	0.823	0.331	0.782	274.488	459.571	9.168	272	458	6	5	5	8
0.651	6.101	27	27	8009	296.630	78.019	266.000	202	496	334.185	510.630	8.704	0.511	0.226	0.516	334.130	510.674	8.616	333	510	6	4	2	6
4.700	24.865	195	126	62537	320.703	105.352	291.000	201	733	190.897	118.836	10.338	1.036	0.330	0.990	190.854	118.943	10.274	188	114	7	8	9	8
0.337	3.262	14	14	3565	254.643	46.815	235.500	204	338	169.500	126.000	8.286	0.339	0.105	0.305	169.504	126.008	8.252	169	125	7	2	3	3
2.025	13.030	84	61	25498	303.548	103.801	264.500	200	632	303.143	179.524	11.071	0.795	0.286	0.813	303.113	179.536	11.017	301	178	7	5	4	8
0.723	6.966	30	28	6642	221.400	16.728	217.500	200	268	408.667	212.800	9.733	0.542	0.249	0.512	408.644	212.839	9.742	407	211	7	5	5	5
0.410	4.355	17	15	4458	262.235	51.575	252.000	208	377	95.118	230.235	8.706	0.397	0.122	0.357	95.114	230.235	8.684	94	229	7	3	3	4
1.470	9.874	61	46	22327	366.016	148.455	333.000	200	784	137.344	359.508	9.541	0.656	0.209	0.678	137.341	359.535	9.384	136	358	7	4	4	6
1.808	11.903	75	54	20126	268.347	54.930	254.000	201	402	342.200	492.813	10.120	0.710	0.205	0.652	342.186	492.828	10.137	340	490	7	5	6	7
0.603	5.255	25	23	7163	286.520	72.407	275.000	201	477	89.160	193.160	9.320	0.452	0.139	0.397	89.159	193.188	9.299	88	192	8	3	3	4
0.289	3.650	12	11	2681	223.417	19.067	218.000	203	261	390.917	224.167	9.500	0.358	0.121	0.335	390.915	224.172	9.501	390	223	8	3	3	4
0.554	5.061	23	20	6288	273.391	58.861	261.000	205	380	408.565	230.174	9.522	0.458	0.139	0.409	408.567	230.218	9.555	407	229	8	4	3	4
3.181	15.446	132	97	37954	287.530	71.029	268.000	200	501	334.447	500.348	11.265	0.877	0.262	0.869	334.480	500.341	11.272	332	499	8	6	4	7
0.916	9.293	38	36	8442	222.158	19.222	217.000	200	282	346.237	508.579	10.421	0.626	0.243	0.643	346.272	508.605	10.463	344	506	8	5	6	6
0.603	6.612	25	25	5444	217.760	13.887	217.000	201	241	234.160	131.240	12.240	0.905	0.425	0.927	234.170	131.212	12.165	233	130	9	3	4	8
1.253	8.905	52	39	16387	315.135	91.598	283.500	208	535	315.635	168.808	10.942	0.619	0.162	0.584	315.588	168.813	10.949	314	167	9	4	5	5
1.783	12.167	74	54	19409	262.284	55.695	240.000	200	402	414.135	189.203	11.689	0.710	0.193	0.696	414.153	189.185	11.671	412	187	9	5	6	6
0.386	4.162	16	16	3413	213.312	7.718	212.000	202	229	396.438	241.938	10.812	0.432	0.193	0.431	396.432	241.933	10.811	396	240	9	2	4	4
75.051	226.294	3114	1288	1271153	408.206	256.989	320.000	200	2019	465.723	275.995	18.516	3.073	1.018	3.006	466.489	276.065	17.665	455	256	9	21	37	23
4.868	33.682	202	166	47459	234.946	41.385	223.500	200	484	452.153	291.970	13.267	1.183	0.438	1.183	452.337	292.043	13.152	448	286	9	11	15	8
0.482	4.743	20	19	4757	237.850	39.103	225.000	203	319	181.700	328.000	10.750	0.426	0.143	0.391	181.678	327.990	10.749	181	327	9	3	3	4
0.362	3.844	15	15	4012	267.467	39.930	282.000	202	324	248.467	461.600	10.200	0.388	0.153	0.370	248.469	461.571	10.186	247	461	9	3	3	4
1.301	9.293	54	43	15377	284.759	82.778	258.500	202	513	183.167	67.537	12.611	0.641	0.224	0.595	183.160	67.550	12.651	182	66	10	4	4	6
14.123	77.839	586	403	163367	278.783	80.085	252.500	200	646	207.869	70.490	14.444	1.775	0.616	1.812	207.975	70.359	14.588	201	61	10	17	21	11
13.473	47.070	559	266	197185	352.746	125.437	318.000	200	786	289.460	125.383	13.236	1.442	0.317	1.446	289.602	125.074	13.224	284	119	10	12	15	8
1.398	9.610	58	46	18711	322.603	109.243	296.000	200	637	183.466	121.862	13.017	0.645	0.200	0.586	183.519	121.871	13.013	182	120	10	4	5	6
2.603	17.686	108	84	29798	275.907	77.289	250.000	200	552	362.889	203.741	13.685	0.908	0.348	0.894	362.947	203.707	13.829	360	201	10	6	7	8
0.434	4.021	18	18	3824	212.444	8.652	210.000	201	230	392.556	218.389	10.611	0.380	0.121	0.397	392.559	218.397	10.607	392	216	10	2	5	3
2.073	13.207	86	62	37293	433.640	230.434	349.000	200	1195	182.860	411.140	13.198	0.778	0.253	0.712	182.905	411.114	13.147	181	409	10	5	5	7
0.362	3.774	15	14	3276	218.400	20.311	210.000	200	266	237.200	466.733	11.000	0.369	0.098	0.399	237.192	466.738	10.994	236	466	10	3	3	3
2.603	14.831	108	77	32397	299.972	87.327	287.000	200	576	216.491	79.278	13.380	0.785	0.199	0.741	216.467	79.447	13.419	214	76	11	6	7	6
19.811	100.111	822	564	215584	262.268	77.239	242.000	200	909	356.481	154.674	24.471	2.761	1.115	2.614	356.687	154.609	24.172	343	151	11	24	9	21
0.578	5.061	24	22	6232	259.667	43.062	249.000	205	362	419.875	209.833	12.708	0.455	0.147	0.405	419.868	209.811	12.697	419	209	11	3	3	4
1.639	11.338	68	53	18933	278.426	62.675	260.500	200	428	129.912	263.235	13.029	0.682	0.189	0.683	129.853	263.203	12.975	127	261	11	6	5	6
0.265	2.945	11	11	2454	223.091	17.079	217.000	206	253	457.545	276.727	11.818	0.324	0.115	0.345	457.544	276.734	11.809	457	276	11	2	3	3
1.759	11.726	73	59	22296	305.425	98.396	278.000	200	627	435.658	284.575	14.479	0.735	0.264	0.689	435.583	284.668	14.310	434	282	11	4	6	8
0.554	5.943	23	20	5009	217.783	16.051	212.000	201	256	171.478	402.087	12.478	0.471	0.173	0.426	171.503	402.100	12.468	169	401	11	5	4	4
1.880	12.114	78	57	29489	378.064	176.002	325.500	200	945	169.205	420.154	14.038	0.738	0.240	0.656	169.146	420.188	14.007	167	418	11	5	5	7
0.530	4.426	22	22	5831	265.045	41.438	251.500	208	333	276.909	505.500	12.364	0.448	0.169	0.388	276.880	505.497	12.384	276	505	11	3	2	4
1.350	11.268	56	46	13381	238.946	29.698	237.000	200	316	235.286	87.375	13.839	0.657	0.214	0.664	235.262	87.363	13.836	233	84	12	6	7	5
1.181	8.270	49	41	17748	362.204	134.424	343.000	209	739	175.143	124.735	14.082	0.605	0.184	0.562	175.130	124.709	14.052	174	123	12	4	4	5
0.771	6.736	32	30	8049	251.531	40.063	249.000	200	342	267.375	128.969	14.469	0.551	0.222	0.587	267.379	129.011	14.459	266	127	12	3	4	6
0.337	3.262	14	14	3794	271.000	36.004	268.000	206	331	347.286	156.500	13.000	0.347	0.116	0.415	347.324	156.487	13.010	346	156	12	3	2	3
0.362	3.456	15	15	3877	258.467	33.121	254.000	212	325	256.800	158.533	12.933	0.357	0.120	0.391	256.791	158.538	12.951	256	158	12	3	2	3
2.651	21.055	110	87	25378	230.709	27.007	223.000	200	340	436.473	276.936	18.236	1.095	0.583	0.932	436.445	276.853	18.205	432	273	12	9	8	11
4.772	31.843	198	152	47499	239.894	37.784	231.000	200	378	505.621	385.677	23.263	1.718	0.923	1.689	505.572	385.698	23.109	503	383	12	7	6	20
0.554	6.066	23	22	5068	220.348	11.312	219.000	204	241	255.435	444.130	13.826	0.510	0.225	0.455	255.434	444.135	13.824	253	443	12	6	3	5
6.748	39.921	280	193	85229	304.389	123.933	258.000	200	832	443.807	506.650	16.600	1.283	0.463	1.237	443.979	506.945	16.424	438	502	12	13	10	11
11.014	65.634	457	344	120261	263.153	52.412	249.000	200	501	402.107	501.232	26.083	2.256	1.312	1.942	402.186	501.295	26.024	394	490	12	17	22	20
1.398	9.346	58	48	15547	268.052	50.963	260.000	201	396	274.155	120.155	14.862	0.631	0.180	0.604	274.191	120.134	14.803	272	119	13	5	4	5
0.265	3.333	11	10	2506	227.818	24.839	222.000	201	280	124.909	247.091	14.000	0.361	0.101	0.391	124.917	247.104	13.982	124	246	13	3	3	3
0.627	5.642	26	23	6520	250.769	42.006	235.500	201	361	422.077	254.154	15.231	0.470	0.167	0.432	422.092	254.155	15.213	421	253	13	3	3	5
0.241	3.209	10	10	2247	224.700	26.965	214.500	201	279	199.000	358.200	14.500	0.341	0.137	0.320	198.986	358.191	14.522	198	358	13	3	2	4
0.482	6.066	20	20	4206	210.300	9.712	207.500	200	232	136.900	364.350	14.650	0.615	0.241	0.632	136.922	364.344	14.637	135	363	13	5	4	5
0.627	5.114	26	24	6622	254.692	37.898	249.500	207	351	167.500	383.038	14.077	0.434	0.088	0.450	167.527	383.018	14.051	166	382	13	4	3	3
0.289	3.456	12	12	2951	245.917	41.509	233.000	203	320	295.500	442.917	14.750	0.352	0.152	0.315	295.488	442.932	14.776	295	442	13	2	3	4
0.313	3.333	13	13	2964	228.000	26.724	221.000	200	291	381.231	497.385	14.154	0.348	0.121	0.368	381.223	497.368	14.132	380	497	13	3	2	3
0.627	5.642	26	22	8118	312.231	89.254	302.500	200	519	352.538	149.000	15.615	0.483	0.136	0.443	352.560	148.989	15.631	351	148	14	4	3	4
0.603	5.308	25	21	5760	230.400	22.996	227.000	200	273	357.440	186.040	15.360	0.451	0.112	0.437	357.451	186.071	15.347	356	185	14	4	3	4
1.277	10.456	53	47	17349	327.340	116.732	291.000	201	655	475.868	310.396	17.340	0.778	0.431	0.666	475.980	310.226	17.088	474	309	14	5	6	9
0.530	4.603	22	21	5302	241.000	30.191	231.500	206	323	498.136	350.045	15.045	0.401	0.093	0.430	498.144	350.047	15.040	497	349	14	3	3	3
0.506	4.867	21	19	4832	230.095	24.176	226.000	200	288	495.143	384.905	15.333	0.430	0.134	0.385	495.127	384.896	15.359	494	384	14	3	3	4
2.121	18.585	88	79	20732	235.591	35.133	223.000	200	354	211.466	386.966	17.170	0.959	0.381	0.916	211.596	386.891	17.091	208	385	14	7	6	10
0.458	4.603	19	19	4154	218.632	15.126	217.000	202	255	188.421	388.789	14.947	0.400	0.137	0.427	188.400	388.787	14.946	187	388	14	4	3	3
0.747	6.277	31	26	8540	275.484	65.431	257.000	200	425	355.161	478.484	15.742	0.501	0.155	0.474	355.180	478.465	15.718	354	477	14	3	4	5
0.940	7.160	39	34	9540	244.615	36.558	244.000	200	327	259.949	101.897	16.564	0.531	0.144	0.564	259.929	101.873	16.571	258	100	15	4	5	4
20.486	73.072	850	423	248937	292.867	74.778	273.000	200	548	300.174	139.554	22.901	1.937	0.731	1.802	300.267	139.269	22.649	294	132	15	12	17	17
2.121	12.766	88	66	38799	440.898	216.242	364.500	200	1121	143.614	184.727	18.057	0.801	0.280	0.810	143.657	184.776	18.013	141	183	15	6	4	7
0.410	4.355	17	16	3903	229.588	24.857	220.000	203	289	408.294	279.059	16.824	0.398	0.130	0.385	408.294	279.059	16.827	407	278	15	3	3	4
0.337	3.456	14	14	3147	224.786	23.265	215.500	202	269	510.571	346.000	16.500	0.345	0.117	0.333	510.580	346.004	16.494	510	345	15	2	3	4
0.603	5.642	25	22	7010	280.400	56.417	271.000	204	401	176.960	348.800	16.800	0.470	0.172	0.436	176.902	348.768	16.820	176	348	15	3	3	5
3.013	19.220	125	90	30763	246.104	40.378	236.000	201	371	283.568	495.160	18.488	0.931	0.350	0.888	283.552	495.239	18.361	281	492	15	6	7	9
0.337	3.333	14	14	3243	231.643	20.683	234.000	201	261	262.429	108.714	16.929	0.358	0.124	0.406	262.438	108.679	16.906	262	108	16	2	3	3
0.699	6.612	29	27	7139	246.172	39.094	237.000	200	349	95.310	122.690	18.414	0.553	0.242	0.562	95.276	122.683	18.367	94	122	16	4	3	6
0.410	4.232	17	17	3930	231.176	25.778	223.000	202	268	380.529	232.706	17.588	0.422	0.168	0.378	380.522	232.675	17.589	380	232	16	2	3	4
0.241	2.945	10	10	2284	228.400	21.859	220.000	206	266	146.400	297.000	16.900	0.318	0.121	0.329	146.403	296.998	16.892	146	296	16	2	3	3
6.315	34.082	262	173	81804	312.229	137.289	254.500	200	897	205.084	365.840	24.950	1.352	0.611	1.246	205.431	365.903	25.227	201	363	16	9	7	16
0.241	3.139	10	9	2402	240.200	31.155	233.000	206	300	216.800	383.900	16.900	0.345	0.095	0.355	216.784	383.904	16.898	216	383	16	3	3	3
0.337	4.108	14	12	3373	240.929	33.642	230.000	206	323	181.071	67.071	18.714	0.405	0.134	0.374	181.067	67.074	18.717	180	66	17	3	3	4
0.699	6.154	29	26	7296	251.586	44.097	251.000	201	376	264.931	118.931	19.448	0.509	0.179	0.519	264.921	118.916	19.423	264	118	17	3	3	5
0.410	4.038	17	17	3810	224.118	19.290	222.000	200	259	320.471	151.294	18.471	0.424	0.167	0.400	320.472	151.289	18.454	320	150	17	2	3	4
0.241	2.627	10	10	2234	223.400	16.708	220.000	200	250	298.500	168.400	17.800	0.320	0.121	0.350	298.513	168.384	17.795	298	168	17	2	2	3
0.386	4.990	16	16	3336	208.500	5.125	208.000	201	222	116.750	213.625	18.500	0.489	0.151	0.453	116.752	213.616	18.499	116	212	17	3	5	4
0.241	2.627	10	10	2407	240.700	25.166	230.500	215	283	455.500	326.400	18.200	0.320	0.121	0.350	455.487	326.374	18.216	455	326	17	2	2	3
0.362	3.968	15	14	3854	256.933	49.849	247.000	200	372	172.933	343.200	18.133	0.367	0.092	0.367	172.929	343.221	18.130	172	342	17	3	3	3
0.289	3.209	12	12	3069	255.750	30.242	254.500	200	298	179.500	377.417	18.250	0.369	0.163	0.342	179.503	377.401	18.246	179	377	17	2	2	4
0.530	5.201	22	20	5431	246.864	29.825	236.000	204	303	193.227	382.273	18.682	0.487	0.185	0.469	193.254	382.298	18.671	192	381	17	3	3	5
0.868	7.846	36	36	8674	240.944	36.638	226.500	200	338	510.611	391.083	20.111	0.668	0.343	0.592	510.636	391.076	20.029	510	390	17	2	4	8
11.255	53.484	467	284	124139	265.822	62.542	246.000	200	574	262.897	413.683	24.415	1.519	0.610	1.465	262.979	413.838	24.460	258	407	17	12	12	15
0.289	3.262	12	12	2554	212.833	13.204	207.500	200	232	320.000	465.500	18.250	0.338	0.112	0.318	320.002	465.501	18.255	319	465	17	3	2	3
0.313	3.914	13	11	3024	232.615	35.037	224.000	201	310	261.923	470.000	18.615	0.391	0.129	0.346	261.919	470.008	18.615	261	469	17	3	3	4
0.386	3.844	16	16	3685	230.312	32.875	214.500	201	291	297.562	480.188	18.812	0.382	0.147	0.370	297.557	480.176	18.834	297	479	17	2	3	4
1.494	10.015	62	52	22593	364.403	147.775	310.000	205	792	256.371	79.887	21.065	0.700	0.289	0.596	256.346	79.898	20.939	255	79	18	4	3	7
4.073	24.315	169	124	43038	254.663	47.858	239.000	200	402	302.722	160.373	23.195	1.199	0.547	1.122	302.614	160.324	23.204	300	158	18	8	7	12
0.289	3.650	12	12	2594	216.167	10.547	213.500	203	237	418.167	186.250	19.167	0.389	0.189	0.362	418.158	186.239	19.144	417	185	18	3	3	4
0.819	7.053	34	31	8277	243.441	36.108	229.000	201	322	105.500	219.676	20.500	0.560	0.218	0.603	105.506	219.669	20.477	104	219	18	4	3	6
5.375	29.465	223	152	59679	267.619	64.616	250.000	200	537	450.049	302.538	23.767	1.341	0.631	1.303	450.169	302.532	23.574	446	299	18	9	8	14
0.410	4.074	17	17	3774	222.000	16.515	221.000	200	250	241.647	419.647	18.588	0.371	0.125	0.383	241.625	419.668	18.583	241	417	18	3	5	2
0.337	3.720	14	14	3464	247.429	44.747	231.500	201	341	275.571	485.714	19.357	0.393	0.166	0.332	275.595	485.744	19.343	275	485	18	2	3	4
31.910	119.659	1324	726	417239	315.135	112.990	281.000	200	847	486.347	507.454	24.688	2.265	0.856	2.172	486.434	507.418	24.547	471	502	18	32	10	14
1.109	8.076	46	39	11771	255.891	40.394	247.500	200	362	115.000	80.717	21.783	0.584	0.201	0.541	114.986	80.727	21.784	114	79	19	3	4	6
18.221	84.192	756	470	203699	269.443	91.589	243.000	200	894	287.377	112.655	25.607	1.851	0.647	1.873	286.822	112.735	25.453	278	103	19	19	20	13
0.988	7.688	41	34	11196	273.073	66.905	248.000	203	434	305.902	179.561	20.951	0.568	0.170	0.527	305.876	179.552	20.927	304	178	19	4	5	5
7.327	48.314	304	249	76954	253.138	61.465	233.500	200	588	104.984	184.836	24.714	1.432	0.555	1.419	104.751	184.752	24.859	99	179	19	12	13	13
0.892	7.618	37	33	9068	245.081	40.664	230.000	200	366	174.622	383.459	21.351	0.524	0.167	0.547	174.585	383.442	21.332	173	382	19	5	4	5
1.591	11.338	66	52	16340	247.576	37.073	236.000	200	351	242.788	410.652	21.242	0.689	0.220	0.664	242.743	410.611	21.250	241	409	19	5	5	6
4.627	27.419	192	138	46634	242.885	33.880	236.000	200	354	239.536	79.385	24.255	1.062	0.366	1.039	239.518	79.345	24.304	237	74	20	6	11	9
1.229	9.363	51	42	13177	258.373	46.899	251.000	201	362	168.745	107.765	23.118	0.661	0.267	0.593	168.762	107.757	23.086	167	106	20	4	4	7
4.242	22.359	176	117	63602	361.375	173.079	291.500	202	973	254.972	134.517	24.517	1.010	0.348	0.977	255.169	134.542	24.301	251	131	20	8	7	10
0.795	7.618	33	31	7382	223.697	21.336	217.000	200	273	122.182	261.727	21.333	0.573	0.197	0.601	122.164	261.750	21.333	120	260	20	6	4	4
0.362	3.844	15	15	3404	226.933	19.381	229.000	200	268	241.000	105.600	22.733	0.373	0.144	0.323	240.998	105.622	22.724	240	105	21	3	2	4
0.458	4.620	19	17	4379	230.474	28.244	221.000	202	304	267.737	107.842	22.421	0.446	0.152	0.372	267.744	107.852	22.401	267	107	21	3	3	4
3.712	23.646	154	111	37668	244.597	44.604	231.000	200	432	97.974	119.896	26.455	1.082	0.447	1.017	97.836	119.864	26.273	94	118	21	9	6	11
0.578	5.255	24	22	5999	249.958	38.270	242.500	200	336	262.208	150.125	22.708	0.451	0.143	0.406	262.232	150.135	22.703	261	149	21	3	3	4
0.530	5.519	22	19	5155	234.318	26.370	229.500	206	302	420.818	283.000	23.273	0.475	0.179	0.429	420.822	283.006	23.240	420	282	21	3	3	5
0.265	3.209	11	11	2371	215.545	8.756	213.000	206	231	430.455	298.273	22.727	0.402	0.194	0.322	430.463	298.265	22.711	430	298	21	2	2	4
0.410	4.426	17	15	4088	240.471	27.164	239.000	206	301	177.882	341.824	22.882	0.415	0.136	0.439	177.855	341.813	22.902	177	341	21	3	3	4
0.506	4.937	21	19	5162	245.810	41.466	237.000	200	345	499.762	343.905	22.429	0.440	0.143	0.371	499.776	343.905	22.435	499	343	21	3	3	4
3.422	18.743	142	95	43758	308.155	105.978	269.000	200	663	507.387	397.063	25.331	0.955	0.323	0.903	507.373	397.028	25.424	504	395	21	7	5	9
0.627	5.907	26	26	7742	297.769	80.561	276.000	206	491	510.692	402.385	22.962	0.498	0.213	0.445	510.753	402.440	22.936	510	401	21	2	4	5
0.241	2.627	10	10	2414	241.400	27.419	240.500	203	283	273.600	446.500	21.800	0.320	0.121	0.350	273.642	446.501	21.821	273	446	21	2	2	3
6.917	37.100	287	188	73704	256.808	51.587	237.000	200	425	289.171	506.484	24.749	1.252	0.413	1.288	289.149	506.529	24.884	282	501	21	14	11	9
0.916	7.511	38	31	11719	308.395	91.133	291.000	204	539	213.684	93.105	24.711	0.572	0.206	0.576	213.669	93.106	24.700	212	92	22	4	3	6
0.362	3.456	15	15	3208	213.867	10.967	213.000	200	235	306.533	150.800	22.933	0.357	0.120	0.391	306.518	150.790	22.948	306	150	22	2	3	3
1.301	9.751	54	42	13776	255.111	43.484	245.000	201	363	396.537	252.556	24.648	0.686	0.254	0.651	396.560	252.559	24.647	395	251	22	4	4	7
1.711	14.671	71	61	17154	241.606	44.028	224.000	200	370	446.225	262.113	26.239	1.081	0.434	1.064	446.229	261.996	26.084	444	259	22	5	9	9
0.337	4.038	14	13	3127	223.357	21.781	221.000	201	275	462.929	268.143	23.857	0.411	0.141	0.429	462.923	268.124	23.858	462	267	22	3	3	4
0.265	3.139	11	11	2512	228.364	24.594	220.000	201	279	493.909	322.364	23.000	0.331	0.128	0.401	493.920	322.352	23.009	493	322	22	3	2	3
1.783	11.532	74	56	18102	244.622	37.655	237.500	200	336	506.703	334.730	25.054	0.706	0.213	0.666	506.696	334.736	25.055	505	333	22	5	5	7
2.603	16.309	108	84	26372	244.185	32.443	234.500	200	325	509.685	341.380	25.944	0.958	0.423	0.875	509.729	341.356	25.976	507	339	22	5	5	10
0.362	3.914	15	15	3393	226.200	24.475	216.000	200	277	221.600	382.067	23.400	0.397	0.159	0.344	221.599	382.070	23.386	221	381	22	2	3	4
0.892	8.905	37	35	8446	228.270	21.423	231.000	200	282	168.703	383.297	24.757	0.719	0.315	0.719	168.722	383.273	24.722	166	381	22	6	5	7
0.386	5.519	16	16	3327	207.938	5.157	207.500	200	217	497.438	387.188	25.062	0.685	0.271	0.646	497.441	387.194	25.065	495	384	22	4	6	6
0.313	3.580	13	12	2940	226.154	26.835	220.000	200	286	242.000	400.308	23.000	0.351	0.094	0.361	242.003	400.305	22.994	241	399	22	3	3	3
10.171	43.151	422	258	124875	295.912	76.153	280.000	200	573	309.107	449.336	27.957	1.385	0.410	1.317	309.040	449.180	28.012	303	444	22	12	12	10
0.554	5.449	23	20	5601	243.522	41.178	234.000	200	351	355.435	478.870	23.739	0.468	0.143	0.438	355.404	478.878	23.742	354	478	22	4	3	4
1.542	11.178	64	49	16726	261.344	50.817	243.500	201	383	303.609	488.281	25.828	0.756	0.306	0.741	303.623	488.289	25.861	302	487	22	4	4	8
1.085	8.464	45	36	13494	299.867	85.505	264.000	200	519	200.422	59.733	25.467	0.617	0.221	0.618	200.410	59.770	25.483	199	58	23	4	4	6
4.025	21.813	167	118	45254	270.982	63.663	250.000	200	486	134.413	69.880	28.455	1.005	0.331	1.000	134.483	69.972	28.641	131	66	23	8	8	9
3.471	20.190	144	104	39053	271.201	51.209	264.000	200	410	111.312	75.597	28.174	1.022	0.395	0.952	111.369	75.639	28.163	107	73	23	8	6	9
13.665	59.962	567	375	164818	290.684	76.519	270.000	200	623	261.116	103.476	28.984	1.591	0.538	1.637	260.817	103.432	29.042	253	96	23	18	15	9
0.506	5.378	21	19	4755	226.429	24.476	219.000	200	290	245.143	121.952	25.381	0.473	0.202	0.399	245.122	121.947	25.414	244	121	23	4	3	5
4.700	23.258	195	129	54672	280.369	64.033	265.000	200	466	268.574	144.262	27.672	1.041	0.317	1.045	268.531	144.278	27.719	265	142	23	8	6	9
0.410	4.232	17	16	4452	261.882	43.656	262.000	203	354	109.353	173.647	24.647	0.434	0.164	0.374	109.351	173.649	24.705	108	173	23	3	3	4
2.073	14.424	86	69	19462	226.302	20.254	221.500	200	278	89.605	194.733	28.058	0.884	0.418	0.868	89.623	194.723	28.105	88	193	23	5	6	9
0.386	4.285	16	16	3475	217.188	15.660	214.000	202	258	217.375	372.375	24.250	0.440	0.206	0.378	217.399	372.358	24.233	216	371	23	3	4	4
2.314	16.222	96	76	22491	234.281	35.201	224.500	200	370	327.167	461.458	26.885	0.904	0.379	0.832	327.192	461.392	26.837	325	459	23	5	6	9
13.424	58.089	557	343	180643	324.314	115.998	288.000	200	847	337.142	470.851	28.445	1.484	0.418	1.436	336.856	470.770	28.554	332	460	23	12	20	9
0.241	2.627	10	10	2146	214.600	10.700	210.000	203	229	348.500	504.600	23.800	0.320	0.121	0.350	348.494	504.596	23.801	348	504	23	2	2	3
0.964	7.758	40	36	11967	299.175	80.230	273.500	200	528	418.200	505.275	25.500	0.539	0.185	0.563	418.193	505.235	25.525	417	504	23	4	4	6
0.675	5.890	28	23	6976	249.143	34.446	237.500	209	317	120.786	59.714	25.321	0.484	0.125	0.459	120.760	59.694	25.315	119	58	24	4	4	4
8.146	42.606	338	235	84712	250.627	48.535	233.000	200	422	98.281	81.109	28.293	1.347	0.479	1.340	98.143	81.212	28.198	94	73	24	12	17	8
0.313	3.139	13	13	3275	251.923	28.111	244.000	212	308	298.538	117.615	25.000	0.346	0.120	0.418	298.554	117.619	24.997	298	117	24	2	3	3
1.470	11.004	61	48	13817	226.508	20.527	223.000	201	269	97.393	192.426	25.820	0.640	0.173	0.621	97.410	192.427	25.838	95	190	24	6	6	5
0.265	2.945	11	11	2435	221.364	17.380	222.000	201	256	504.455	391.727	25.182	0.324	0.115	0.345	504.437	391.731	25.187	504	391	24	2	3	3
5.881	31.637	244	168	66329	271.840	81.867	241.000	200	646	360.492	476.299	26.865	1.159	0.379	1.191	360.314	475.810	26.923	357	470	24	9	14	7
0.337	4.038	14	13	3175	226.786	24.004	220.500	202	285	398.000	492.071	25.429	0.404	0.149	0.334	397.999	492.072	25.410	397	491	24	3	3	4
0.868	7.511	36	30	10205	283.472	68.300	265.000	202	454	203.583	80.028	27.917	0.585	0.222	0.511	203.593	80.054	27.903	202	79	25	4	3	6
1.253	10.773	52	47	11982	230.423	23.556	229.500	200	294	135.615	82.269	27.750	0.685	0.284	0.692	135.608	82.266	27.761	133	80	25	6	5	7
3.687	21.619	153	111	55090	360.065	175.431	288.000	201	970	257.013	112.706	28.516	0.955	0.286	0.971	256.794	112.649	28.651	254	109	25	10	8	7
0.868	7.247	36	31	8875	246.528	36.787	237.000	201	334	89.889	118.889	27.333	0.556	0.212	0.566	89.886	118.854	27.334	88	118	25	4	3	6
2.314	16.064	96	79	22710	236.562	32.194	224.500	200	322	293.365	154.906	28.031	0.840	0.312	0.830	293.357	154.843	28.024	292	151	25	4	9	7
0.337	4.038	14	13	3206	229.000	27.646	222.500	200	281	189.786	160.143	26.571	0.398	0.149	0.334	189.776	160.143	26.568	189	159	25	3	3	4
1.036	8.781	43	39	9740	226.512	20.008	225.000	200	275	452.000	244.116	29.023	0.638	0.303	0.530	451.976	244.142	29.039	451	242	25	3	5	7
0.795	7.070	33	29	8247	249.909	40.630	243.000	201	361	160.303	320.879	27.394	0.589	0.253	0.611	160.303	320.880	27.371	159	320	25	3	3	6
9.472	47.053	393	276	105896	269.455	70.094	251.000	200	590	500.985	322.305	29.293	1.460	0.563	1.414	500.995	322.093	29.320	494	314	25	16	17	7
6.989	31.884	290	194	130533	450.114	241.941	365.000	200	1380	238.286	344.793	28.848	1.172	0.353	1.210	238.126	344.752	28.799	233	341	25	12	9	7
4.314	33.684	179	159	40522	226.380	22.824	222.000	200	295	254.453	85.497	29.743	1.356	0.576	1.323	254.378	85.454	29.764	246	78	26	18	14	6
0.458	5.255	19	18	4517	237.737	38.127	222.000	202	322	212.105	113.158	28.053	0.506	0.277	0.447	212.160	113.151	28.039	210	112	26	4	3	6
1.735	13.791	72	63	16626	230.917	25.290	228.500	200	320	78.764	115.153	29.306	0.768	0.287	0.768	78.805	115.136	29.300	76	111	26	7	9	6
1.567	11.004	65	52	17089	262.908	54.716	247.000	201	395	146.108	224.908	29.323	0.689	0.227	0.651	146.127	224.872	29.321	144	223	26	5	6	6
2.049	12.591	85	66	26012	306.024	90.170	281.000	200	553	119.118	234.882	29.459	0.726	0.198	0.673	119.121	234.901	29.503	117	232	26	6	6	6
0.699	6.471	29	26	6155	212.241	8.935	210.000	200	232	148.759	325.241	27.862	0.542	0.234	0.473	148.760	325.245	27.861	147	324	26	4	3	6
0.434	4.867	18	17	3817	212.056	10.652	208.500	200	234	466.111	326.833	27.833	0.430	0.175	0.395	466.109	326.827	27.849	465	326	26	3	3	5
3.736	19.135	155	110	48020	309.806	89.187	289.000	200	537	125.348	330.729	29.497	0.894	0.230	0.866	125.230	330.668	29.613	121	327	26	9	8	6
1.542	12.344	64	58	16159	252.484	55.385	236.500	200	455	198.000	410.547	28.969	0.847	0.283	0.844	197.811	410.401	28.838	195	408	26	7	7	6
0.313	3.844	13	12	2763	212.538	15.888	205.000	200	249	292.077	459.308	27.846	0.390	0.147	0.356	292.075	459.302	27.849	291	458	26	3	3	4
0.844	6.789	35	32	7800	222.857	13.954	220.000	200	249	164.886	106.800	29.343	0.554	0.186	0.566	164.896	106.808	29.366	164	105	27	3	4	5
0.747	6.736	31	28	7099	229.000	21.784	226.000	201	288	212.968	120.774	29.484	0.538	0.192	0.602	212.968	120.794	29.470	212	118	27	3	5	5
0.771	7.177	32	30	7051	220.344	17.264	214.000	200	264	347.188	200.312	29.281	0.546	0.206	0.551	347.188	200.324	29.346	345	199	27	5	3	5
0.627	6.013	26	25	5501	211.577	10.823	208.000	200	240	111.077	236.231	29.769	0.477	0.202	0.429	111.084	236.212	29.791	109	235	27	4	4	5
0.337	3.774	14	13	3080	220.000	18.782	214.500	200	257	471.929	298.286	27.929	0.359	0.094	0.369	471.933	298.299	27.942	471	297	27	3	3	3
1.591	11.709	66	52	16414	248.697	48.232	232.000	200	373	488.742	333.136	28.758	0.665	0.200	0.702	488.721	332.984	28.766	487	330	27	5	7	5
0.313	3.527	13	13	2990	230.000	26.461	221.000	202	282	494.231	334.692	28.615	0.362	0.142	0.316	494.235	334.715	28.631	493	334	27	3	2	4
1.277	8.587	53	42	17548	331.094	104.081	291.000	204	563	272.623	380.453	29.396	0.615	0.167	0.650	272.663	380.470	29.533	271	379	27	4	4	5
0.868	8.306	36	35	8215	228.194	24.430	223.000	201	294	237.250	380.583	29.806	0.595	0.231	0.578	237.292	380.520	29.865	235	378	27	5	6	5
0.940	7.300	39	32	9326	239.128	32.851	230.000	200	309	255.718	393.718	28.718	0.545	0.157	0.525	255.715	393.709	28.726	254	392	27	4	4	5
0.313	3.333	13	13	2959	227.615	22.047	222.000	207	276	406.615	491.769	28.000	0.351	0.127	0.406	406.621	491.781	27.991	406	491	27	2	3	3
0.386	4.566	16	16	4465	279.062	62.211	258.500	205	390	506.062	510.875	29.188	0.488	0.241	0.439	506.113	510.907	29.248	505	510	27	3	2	5
0.506	4.814	21	19	5147	245.095	30.020	249.000	200	302	117.762	86.714	29.429	0.465	0.156	0.394	117.753	86.693	29.474	117	86	28	3	3	4
2.217	13.951	92	75	22978	249.761	38.479	241.500	200	352	104.761	131.326	29.837	0.747	0.216	0.738	104.771	131.308	29.883	101	128	28	8	8	4
1.036	7.530	43	37	12509	290.907	61.539	271.000	200	423	68.605	184.302	30.047	0.533	0.131	0.530	68.571	184.310	30.143	67	182	28	4	5	4
0.289	3.720	12	12	2546	212.167	9.759	213.000	201	234	90.000	218.667	29.417	0.394	0.175	0.324	90.008	218.670	29.407	89	218	28	3	2	4
0.386	4.355	16	14	3612	225.750	17.939	217.000	202	269	452.188	259.062	29.250	0.396	0.127	0.366	452.187	259.071	29.245	451	258	28	3	3	4
0.410	4.285	17	17	3835	225.588	22.973	218.000	202	272	301.000	462.824	30.176	0.404	0.166	0.409	301.026	462.810	30.204	300	462	28	3	3	4
0.386	3.703	16	16	3877	242.312	34.534	230.500	200	309	198.938	40.312	30.375	0.355	0.106	0.347	198.921	40.348	30.413	198	39	29	3	3	3
0.241	2.627	10	10	2151	215.100	9.712	210.500	205	232	129.600	49.500	30.200	0.320	0.121	0.350	129.614	49.498	30.212	129	49	29	2	2	3
0.530	4.726	22	21	6051	275.045	62.361	253.500	200	395	220.727	92.273	30.273	0.404	0.103	0.382	220.720	92.330	30.304	219	91	29	4	4	3
1.904	14.164	79	75	19561	247.608	38.826	236.000	200	357	274.734	117.367	30.481	0.707	0.294	0.693	274.833	117.422	30.512	272	112	29	6	12	3
0.506	5.044	21	20	4688	223.238	19.501	217.000	200	261	291.714	134.667	30.429	0.408	0.124	0.409	291.705	134.666	30.451	290	133	29	4	5	3
1.133	8.626	47	44	13921	296.191	76.719	284.000	200	492	370.234	147.298	30.553	0.547	0.171	0.546	370.270	147.237	30.599	367	145	29	7	6	3
0.241	3.068	10	10	2106	210.600	9.082	206.000	202	229	405.600	220.700	30.400	0.329	0.113	0.298	405.594	220.707	30.410	404	220	29	4	2	3
0.699	6.103	29	28	7341	253.138	42.716	235.000	201	339	234.172	332.345	30.586	0.434	0.131	0.434	234.195	332.358	30.605	232	330	29	5	5	3
0.458	4.355	19	18	5001	263.211	43.534	251.000	202	363	464.000	334.211	30.105	0.395	0.098	0.432	463.981	334.229	30.169	463	333	29	3	3	3
0.506	5.344	21	21	4681	222.905	14.216	222.000	201	251	140.762	365.952	30.667	0.521	0.214	0.529	140.789	365.914	30.684	139	363	29	5	6	3
0.530	5.873	22	22	4701	213.682	13.214	209.500	200	244	508.500	372.773	30.500	0.477	0.179	0.463	508.521	372.781	30.513	507	370	29	5	6	3
1.060	7.867	44	43	13672	310.727	89.072	293.500	202	518	370.977	444.636	30.545	0.522	0.174	0.530	371.021	444.607	30.608	368	443	29	7	5	3
0.265	2.945	11	11	2744	249.455	27.281	261.000	201	286	375.364	477.364	30.273	0.334	0.123	0.337	375.393	477.359	30.305	374	477	29	3	2	3
1.326	10.281	55	50	13293	241.691	34.744	230.000	200	336	370.564	506.545	30.127	0.685	0.252	0.669	370.634	506.558	30.162	366	505	29	9	4	3
0.434	4.057	18	18	4290	238.333	26.268	230.500	203	290	74.500	110.500	30.778	0.360	0.104	0.403	74.470	110.470	30.793	73	109	30	4	4	2
0.458	4.321	19	19	4314	227.053	20.837	221.000	203	271	75.579	138.526	30.684	0.371	0.105	0.396	75.567	138.523	30.701	74	137	30	4	4	2
0.892	7.479	37	37	8728	235.892	30.177	229.000	201	314	76.838	160.514	30.703	0.539	0.225	0.487	76.833	160.590	30.721	75	156	30	4	9	2
0.554	4.816	23	23	5921	257.435	45.008	243.000	203	345	415.435	163.087	30.739	0.394	0.115	0.403	415.453	163.095	30.772	414	161	30	4	5	2
0.506	4.833	21	21	5209	248.048	38.162	241.000	202	335	76.286	189.143	30.667	0.399	0.140	0.380	76.286	189.151	30.700	74	188	30	6	3	2
0.289	2.998	12	12	2957	246.417	35.266	241.500	205	328	398.917	192.333	30.583	0.306	0.060	0.325	398.901	192.322	30.617	398	191	30	3	3	2
0.289	3.122	12	12	3102	258.500	55.341	241.500	203	367	320.500	194.167	30.667	0.307	0.071	0.316	320.513	194.158	30.716	319	193	30	4	3	2
0.434	3.880	18	18	4135	229.722	20.196	227.500	200	268	231.944	338.333	30.611	0.349	0.084	0.355	231.953	338.334	30.616	231	337	30	3	4	2
0.241	2.804	10	10	2550	255.000	37.927	249.500	213	324	342.100	509.700	30.700	0.289	0.068	0.307	342.072	509.677	30.734	341	509	30	3	3	2
