Volume (micron^3)	Surface (micron^2)	Nb of obj. voxels	Nb of surf. voxels	IntDen	Mean	StdDev	Median	Min	Max	X	Y	Z	Mean dist. to surf. (micron)	SD dist. to surf. (micron)	Median dist. to surf. (micron)	XM	YM	ZM	BX	BY	BZ	B-width	B-height	B-depth
16089.621	28774.635	667584	186904	304451360	456.050	264.841	371.000	200	3444	280.958	273.827	18.136	38.898	12.033	38.198	280.783	280.446	17.500	117	90	1	395	422	31
0.289	2.998	12	12	3362	280.167	66.113	261.000	208	435	267.917	161.667	1.417	0.306	0.060	0.325	267.891	161.693	1.379	267	161	1	3	3	2
6.821	37.718	283	196	99303	350.894	195.772	274.000	200	1228	429.367	117.996	9.124	1.417	0.616	1.320	429.637	117.775	8.394	424	115	2	11	8	15
0.530	4.867	22	20	6108	277.636	63.749	265.500	200	443	199.182	370.909	5.364	0.426	0.127	0.389	199.203	370.916	5.349	198	370	4	3	3	4
0.337	4.426	14	14	3296	235.429	33.897	221.000	201	313	510.857	231.500	7.214	0.513	0.247	0.487	510.874	231.587	7.160	510	230	5	2	5	5
2.025	12.572	84	58	39311	467.988	248.927	393.000	201	1257	456.750	135.024	9.476	0.759	0.219	0.748	456.755	135.029	9.370	455	133	6	5	5	7
0.386	4.162	16	14	3880	242.500	38.537	228.500	200	328	389.750	182.938	7.625	0.386	0.115	0.349	389.755	182.933	7.621	389	182	6	3	3	4
0.362	3.844	15	14	3498	233.200	26.222	234.000	201	288	393.400	186.667	8.133	0.394	0.144	0.384	393.398	186.668	8.113	392	186	7	3	3	4
0.916	7.354	38	31	10000	263.158	54.001	255.000	202	400	418.658	115.868	10.184	0.522	0.132	0.504	418.677	115.852	10.183	417	114	8	4	4	5
0.699	6.224	29	25	8799	303.414	85.586	284.000	200	519	170.034	232.621	10.207	0.523	0.184	0.495	170.021	232.611	10.214	169	231	8	3	4	5
1.205	8.781	50	41	15533	310.660	88.339	287.000	202	569	175.240	243.200	11.000	0.613	0.201	0.580	175.179	243.183	10.893	174	242	8	4	4	6
0.603	5.061	25	23	7189	287.560	68.793	264.000	203	447	211.760	381.800	9.560	0.456	0.143	0.405	211.737	381.794	9.530	211	381	8	3	3	4
6.628	28.954	275	164	160170	582.436	377.137	457.000	200	2031	194.353	199.549	13.596	1.124	0.290	1.121	194.394	199.322	13.562	192	195	9	6	10	9
0.265	2.945	11	11	2660	241.818	37.664	229.000	202	302	190.545	376.727	9.818	0.324	0.115	0.345	190.555	376.755	9.797	190	376	9	2	3	3
0.771	6.137	32	24	11754	367.312	121.423	315.000	246	586	211.500	184.500	11.500	0.496	0.083	0.439	211.477	184.520	11.485	210	183	10	4	4	4
3.422	18.762	142	99	65393	460.514	268.814	358.000	201	1462	160.148	250.972	13.803	0.910	0.270	0.883	160.505	251.000	13.666	156	249	10	8	5	8
0.747	6.084	31	27	8578	276.710	61.992	268.000	206	421	236.323	134.065	12.710	0.508	0.144	0.510	236.343	134.072	12.659	235	133	11	4	3	4
1.085	8.517	45	40	10647	236.600	28.003	227.000	201	326	182.489	246.089	13.067	0.597	0.216	0.588	182.486	246.099	13.099	181	244	11	4	5	5
0.313	3.262	13	13	3313	254.846	43.328	243.000	203	338	225.538	479.923	12.231	0.334	0.108	0.322	225.544	479.928	12.215	225	479	11	2	3	3
0.265	2.945	11	11	2365	215.000	7.925	216.000	201	228	357.545	158.545	12.727	0.336	0.127	0.334	357.545	158.549	12.722	357	158	12	2	3	3
2.868	16.028	119	79	65156	547.529	339.935	453.000	201	1582	191.513	177.950	15.672	0.860	0.264	0.797	191.520	177.979	15.623	189	176	12	6	5	8
0.265	3.262	11	10	2416	219.636	18.848	216.000	202	261	445.091	135.182	13.636	0.337	0.084	0.324	445.080	135.184	13.644	444	134	13	3	3	3
0.699	5.766	29	25	9285	320.172	99.854	299.000	205	558	157.655	236.138	14.655	0.486	0.132	0.472	157.655	236.144	14.639	156	235	13	4	3	4
0.265	2.945	11	11	2665	242.273	25.519	236.000	210	295	136.273	316.545	14.182	0.324	0.115	0.345	136.274	316.558	14.196	135	316	13	3	2	3
0.458	4.285	19	18	4787	251.947	38.380	252.000	202	322	397.684	154.842	15.789	0.400	0.123	0.389	397.664	154.801	15.807	397	154	14	3	3	4
0.554	4.867	23	21	6282	273.130	62.099	254.000	204	383	438.783	157.696	15.522	0.448	0.143	0.395	438.756	157.656	15.552	438	157	14	3	3	4
0.651	5.502	27	25	6391	236.704	32.687	230.000	200	322	183.111	252.111	15.519	0.453	0.134	0.407	183.094	252.099	15.520	182	251	14	4	3	4
0.675	7.564	28	26	6021	215.036	12.802	211.500	200	244	217.857	217.107	18.500	0.710	0.367	0.674	217.847	217.105	18.501	217	215	15	3	5	7
0.603	5.502	25	24	5780	231.200	26.016	227.000	204	291	189.680	248.600	16.760	0.485	0.185	0.506	189.689	248.598	16.782	188	248	15	4	3	5
54.927	183.912	2279	1069	737695	323.692	121.446	286.000	200	1056	166.824	197.442	22.523	2.300	0.676	2.326	166.530	197.202	22.476	156	184	16	24	27	16
0.362	3.774	15	14	3445	229.667	26.829	225.000	200	276	165.800	262.667	16.867	0.367	0.099	0.366	165.776	262.638	16.842	165	262	16	3	3	3
0.506	4.867	21	19	5138	244.667	36.134	240.000	207	336	253.952	151.952	19.905	0.420	0.125	0.427	253.950	151.942	19.888	253	151	18	3	3	4
0.964	8.006	40	36	10173	254.325	45.497	242.500	200	379	451.975	187.475	19.750	0.573	0.233	0.535	451.999	187.540	19.706	450	186	18	4	4	6
8.966	39.348	372	229	107651	289.384	62.660	281.500	201	470	144.527	206.933	20.777	1.291	0.448	1.186	144.573	206.868	20.798	137	202	18	16	12	7
0.362	3.774	15	15	3372	224.800	20.090	228.000	200	269	145.800	224.333	19.267	0.373	0.131	0.358	145.814	224.319	19.253	144	224	18	4	2	3
1.494	9.874	62	49	25649	413.694	193.335	343.500	204	992	130.387	295.210	20.887	0.668	0.215	0.593	130.327	295.161	20.870	129	294	18	4	4	6
0.747	7.511	31	29	6958	224.452	20.243	221.000	200	290	442.323	161.677	21.387	0.619	0.279	0.591	442.316	161.652	21.348	441	160	19	4	4	6
3.422	22.429	142	109	39357	277.162	77.914	256.500	200	573	210.239	195.725	25.183	1.234	0.614	1.115	210.183	195.721	25.197	208	192	19	8	7	13
0.578	5.642	24	21	5503	229.292	23.995	223.000	203	289	185.583	383.000	20.792	0.473	0.181	0.422	185.584	383.011	20.795	184	382	19	4	3	5
0.337	3.650	14	13	3238	231.286	22.568	229.000	201	280	413.786	140.714	21.000	0.370	0.102	0.400	413.776	140.701	20.984	413	140	20	3	3	3
0.699	5.696	29	25	7248	249.931	36.024	247.000	201	332	188.793	158.931	21.241	0.466	0.120	0.456	188.751	158.912	21.233	187	158	20	4	3	4
4.555	24.671	189	128	47803	252.926	39.819	245.000	200	353	162.524	442.550	26.032	1.100	0.438	0.972	162.514	442.595	26.028	156	440	21	13	6	10
0.386	4.479	16	16	3386	211.625	10.138	209.000	200	232	199.375	496.000	22.000	0.399	0.160	0.436	199.368	496.001	21.992	199	494	21	2	5	3
0.337	3.650	14	14	3020	215.714	11.724	216.500	200	235	216.786	188.214	23.071	0.369	0.136	0.415	216.775	188.221	23.064	216	187	22	3	3	3
0.362	3.844	15	14	3489	232.600	27.113	222.000	201	297	172.800	221.200	23.200	0.372	0.097	0.373	172.787	221.196	23.171	172	220	22	3	3	3
0.289	3.386	12	11	2612	217.667	13.533	219.000	200	241	221.000	222.250	22.917	0.343	0.091	0.312	221.003	222.254	22.919	220	221	22	3	3	3
6.266	33.610	260	178	80009	307.727	127.741	263.500	200	914	221.488	194.696	27.246	1.115	0.333	1.126	221.599	194.267	27.268	217	191	23	8	10	9
0.337	4.038	14	12	3330	237.857	27.950	229.500	203	302	214.857	203.071	24.357	0.388	0.124	0.343	214.856	203.067	24.351	214	202	23	3	3	4
4.362	28.231	181	143	42334	233.889	29.961	224.000	200	338	175.956	217.923	27.917	1.243	0.495	1.291	175.981	217.918	27.870	172	211	23	9	13	9
0.434	4.355	18	17	4168	231.556	27.878	222.500	202	295	269.611	136.944	26.389	0.404	0.138	0.367	269.622	136.950	26.400	269	136	25	3	3	4
1.277	10.827	53	47	13588	256.377	49.357	237.000	201	381	414.000	173.604	28.811	0.748	0.336	0.722	413.878	173.602	28.988	411	172	25	8	4	7
0.313	3.333	13	13	2819	216.846	12.779	213.000	202	242	195.462	376.769	25.846	0.349	0.122	0.361	195.462	376.775	25.852	195	376	25	2	3	3
0.289	3.456	12	11	3072	256.000	49.195	244.000	205	360	168.750	466.750	26.000	0.349	0.096	0.400	168.736	466.777	25.975	168	466	25	3	3	3
0.434	4.426	18	16	4372	242.889	31.103	233.500	204	319	389.278	126.778	27.667	0.428	0.144	0.388	389.282	126.773	27.698	388	126	26	3	3	4
0.795	6.736	33	28	9265	280.758	72.026	258.000	204	450	402.303	162.152	28.121	0.538	0.189	0.503	402.332	162.160	28.086	401	161	26	4	3	5
1.012	7.812	42	34	13439	319.976	107.424	288.500	206	607	306.667	103.690	29.167	0.571	0.165	0.523	306.699	103.684	29.170	305	102	27	4	4	5
1.229	8.393	51	42	12426	243.647	39.758	237.000	200	350	255.196	147.353	28.980	0.597	0.172	0.568	255.213	147.334	28.970	254	146	27	4	4	5
1.783	11.622	74	60	18126	244.946	30.990	242.000	200	322	262.203	147.743	29.622	0.676	0.183	0.684	262.208	147.722	29.626	260	146	27	6	6	5
0.458	4.937	19	17	4350	228.947	27.834	220.000	200	297	506.211	178.053	29.105	0.431	0.162	0.434	506.215	178.045	29.100	505	177	27	3	3	5
0.554	5.061	23	21	5288	229.913	21.060	231.000	200	284	402.000	126.870	29.826	0.451	0.139	0.459	401.992	126.894	29.825	401	126	28	3	3	4
0.410	3.650	17	17	3856	226.824	17.012	226.000	201	259	267.059	129.471	28.941	0.373	0.122	0.429	267.075	129.469	28.937	266	129	28	3	2	3
0.868	6.772	36	32	9023	250.639	44.889	238.000	200	365	173.222	338.611	30.028	0.503	0.133	0.483	173.204	338.625	30.089	172	337	28	4	4	4
0.241	2.821	10	10	2058	205.800	3.490	206.000	202	211	186.500	359.400	29.500	0.332	0.145	0.275	186.497	359.398	29.499	186	359	28	2	2	4
0.265	3.333	11	11	2402	218.364	16.913	211.000	202	247	234.182	449.182	29.727	0.362	0.159	0.316	234.184	449.170	29.714	233	449	28	3	2	4
0.530	4.726	22	21	5264	239.273	31.364	236.000	200	313	504.955	213.818	30.227	0.415	0.108	0.421	504.961	213.783	30.267	503	213	29	4	3	3
0.482	4.285	20	19	4695	234.750	23.888	231.500	201	277	191.000	254.250	30.150	0.401	0.102	0.419	190.980	254.276	30.160	190	253	29	3	3	3
0.578	5.238	24	23	5664	236.000	27.280	233.500	200	281	156.750	356.250	29.958	0.430	0.117	0.451	156.788	356.268	30.001	155	355	29	5	3	3
0.506	5.097	21	21	4825	229.762	20.253	228.000	204	268	159.905	431.857	30.524	0.470	0.193	0.435	159.901	431.853	30.539	158	431	29	6	3	3
0.410	3.968	17	16	4788	281.647	57.835	262.000	213	420	234.294	486.059	30.235	0.375	0.095	0.366	234.303	486.083	30.313	233	485	29	3	3	3
0.337	3.563	14	14	2957	211.214	10.260	207.500	201	228	214.357	236.857	30.714	0.337	0.101	0.334	214.340	236.846	30.725	213	236	30	4	3	2
0.289	2.928	12	12	2944	245.333	33.380	232.500	211	311	282.750	506.750	30.667	0.306	0.070	0.326	282.731	506.760	30.696	282	506	30	3	3	2
0.265	2.911	11	11	2413	219.364	12.127	222.000	203	238	358.000	151.000	31.000	0.346	0.171	0.352	358.003	150.998	31.000	356	150	31	5	3	1
