Volume (cm^3)	Surface (cm^2)	Nb of obj. voxels	Nb of surf. voxels	IntDen	Mean	StdDev	Median	Min	Max	X	Y	Z	Mean dist. to surf. (cm)	SD dist. to surf. (cm)	Median dist. to surf. (cm)	XM	YM	ZM	BX	BY	BZ	B-width	B-height	B-depth
152.754	347.379	6338	2491	259412	40.930	74.044	9	1	845	16.417	3.356	14.575	3.990	1.357	4.062	17.893	2.088	9.409	0	0	1	36	13	29
24571.295	17787.861	1019502	143900	39480688	38.725	86.992	16	1	3776	145.802	173.348	17.577	30.520	15.649	29.697	157.881	151.519	18.991	0	0	1	324	414	29
0.795	7.109	33	33	36	1.091	0.292	1	1	2	264.788	1.242	1.303	0.510	0.205	0.497	264.833	1.250	1.278	261	0	1	8	4	2
0.241	2.664	10	10	10	1.000	0.000	1	1	1	257.000	58.000	1.100	0.281	0.099	0.301	257.000	58.000	1.100	256	57	1	3	3	2
0.241	2.664	10	10	10	1.000	0.000	1	1	1	224.000	79.000	1.100	0.281	0.099	0.301	224.000	79.000	1.100	223	78	1	3	3	2
0.241	2.664	10	10	10	1.000	0.000	1	1	1	189.000	102.000	1.100	0.281	0.099	0.301	189.000	102.000	1.100	188	101	1	3	3	2
0.362	3.757	15	15	16	1.067	0.258	1	1	2	228.133	105.000	1.333	0.330	0.081	0.354	228.125	105.000	1.312	227	104	1	4	3	2
0.337	3.439	14	14	16	1.143	0.363	1	1	2	154.000	167.000	1.357	0.318	0.068	0.353	154.062	167.000	1.312	153	166	1	3	3	2
0.337	3.439	14	14	16	1.143	0.535	1	1	3	97.000	192.000	1.357	0.318	0.068	0.353	97.000	192.000	1.312	96	191	1	3	3	2
0.241	2.664	10	10	10	1.000	0.000	1	1	1	175.000	203.000	1.100	0.281	0.099	0.301	175.000	203.000	1.100	174	202	1	3	3	2
0.241	2.664	10	10	10	1.000	0.000	1	1	1	160.000	222.000	1.100	0.281	0.099	0.301	160.000	222.000	1.100	159	221	1	3	3	2
0.241	2.664	10	10	10	1.000	0.000	1	1	1	168.000	226.000	1.100	0.281	0.099	0.301	168.000	226.000	1.100	167	225	1	3	3	2
0.651	6.069	27	27	27	1.000	0.000	1	1	1	102.667	245.333	1.111	0.558	0.251	0.588	102.667	245.333	1.111	99	244	1	8	4	2
0.337	3.439	14	14	15	1.071	0.267	1	1	2	128.000	247.000	1.357	0.318	0.068	0.353	128.000	247.000	1.333	127	246	1	3	3	2
0.241	2.664	10	10	10	1.000	0.000	1	1	1	64.000	251.000	1.100	0.281	0.099	0.301	64.000	251.000	1.100	63	250	1	3	3	2
0.337	3.439	14	14	15	1.071	0.267	1	1	2	100.000	261.000	1.357	0.318	0.068	0.353	100.000	261.000	1.333	99	260	1	3	3	2
0.675	7.072	28	27	29	1.036	0.189	1	1	2	82.321	273.143	1.679	0.535	0.200	0.538	82.345	273.172	1.690	80	270	1	5	6	3
0.337	3.422	14	14	14	1.000	0.000	1	1	1	94.500	284.000	1.143	0.334	0.107	0.357	94.500	284.000	1.143	93	283	1	4	3	2
0.241	2.664	10	10	10	1.000	0.000	1	1	1	67.000	287.000	1.100	0.281	0.099	0.301	67.000	287.000	1.100	66	286	1	3	3	2
0.241	2.664	10	10	10	1.000	0.000	1	1	1	57.000	311.000	1.100	0.281	0.099	0.301	57.000	311.000	1.100	56	310	1	3	3	2
0.241	2.664	10	10	10	1.000	0.000	1	1	1	61.000	312.000	1.100	0.281	0.099	0.301	61.000	312.000	1.100	60	311	1	3	3	2
0.241	2.664	10	10	10	1.000	0.000	1	1	1	38.000	326.000	1.100	0.281	0.099	0.301	38.000	326.000	1.100	37	325	1	3	3	2
0.265	3.720	11	10	11	1.000	0.000	1	1	1	6.818	367.182	3.455	0.388	0.158	0.332	6.818	367.182	3.455	6	366	2	3	3	4
0.337	3.897	14	13	14	1.000	0.000	1	1	1	153.429	76.000	3.786	0.356	0.101	0.338	153.429	76.000	3.786	152	75	3	4	3	3
0.627	5.238	26	24	28	1.077	0.272	1	1	2	52.154	250.231	4.038	0.433	0.095	0.446	52.143	250.250	4.036	51	249	3	3	4	3
0.458	4.603	19	18	20	1.053	0.229	1	1	2	89.000	289.000	5.000	0.382	0.086	0.390	89.000	289.000	5.000	88	288	4	3	3	3
0.337	3.456	14	13	14	1.000	0.000	1	1	1	55.357	336.357	6.000	0.364	0.101	0.410	55.357	336.357	6.000	54	335	5	3	3	3
0.434	5.308	18	16	18	1.000	0.000	1	1	1	82.500	297.000	8.000	0.471	0.212	0.444	82.500	297.000	8.000	81	295	6	4	5	5
0.265	3.333	11	10	11	1.000	0.000	1	1	1	34.000	298.000	9.636	0.333	0.079	0.319	34.000	298.000	9.636	33	297	9	3	3	3
0.241	3.015	10	10	10	1.000	0.000	1	1	1	14.200	384.900	11.800	0.351	0.128	0.352	14.200	384.900	11.800	14	384	11	2	3	3
0.795	7.053	33	27	44	1.333	0.540	1	1	3	199.000	209.485	13.818	0.530	0.178	0.494	199.000	209.477	13.864	198	208	12	3	4	5
1.952	10.739	81	54	205	2.531	2.445	1	1	13	360.000	369.000	18.000	0.691	0.114	0.679	360.000	369.000	18.000	358	367	16	5	5	5
0.410	5.272	17	17	17	1.000	0.000	1	1	1	255.294	0.353	18.706	0.480	0.214	0.517	255.294	0.353	18.706	254	0	17	4	2	5
0.337	4.108	14	13	14	1.000	0.000	1	1	1	220.857	181.000	18.214	0.400	0.160	0.396	220.857	181.000	18.214	220	180	17	3	3	4
0.651	4.603	27	26	35	1.296	0.542	1	1	3	476.000	48.000	22.000	0.426	0.098	0.462	476.000	48.000	22.000	475	47	21	3	3	3
1.832	12.148	76	64	106	1.395	0.675	1	1	4	271.842	112.921	25.368	0.851	0.382	0.800	271.840	112.943	25.679	270	111	21	4	4	9
3.567	20.848	148	116	259	1.750	1.234	1	1	7	197.493	224.851	28.027	0.884	0.267	0.868	197.340	224.764	28.232	193	221	26	11	9	4
0.241	2.664	10	10	10	1.000	0.000	1	1	1	293.000	75.000	28.900	0.281	0.099	0.301	293.000	75.000	28.900	292	74	28	3	3	2
