Volume (cm^3)	Surface (cm^2)	Nb of obj. voxels	Nb of surf. voxels	IntDen	Mean	StdDev	Median	Min	Max	X	Y	Z	Mean dist. to surf. (cm)	SD dist. to surf. (cm)	Median dist. to surf. (cm)	XM	YM	ZM	BX	BY	BZ	B-width	B-height	B-depth
62968.094	38986.512	2612646	348466	111748704	42.772	82.498	16.000	1	2384	245.226	308.848	15.748	44.775	19.550	44.530	243.097	278.407	16.980	67	0	1	445	512	29
0.241	2.664	10	10	10	1.000	0.000	1.000	1	1	207.000	91.000	1.100	0.281	0.099	0.301	207.000	91.000	1.100	206	90	1	3	3	2
0.362	3.793	15	15	15	1.000	0.000	1.000	1	1	203.467	121.400	1.000	0.384	0.156	0.394	203.467	121.400	1.000	201	120	1	6	4	1
0.337	3.669	14	14	14	1.000	0.000	1.000	1	1	249.500	284.500	1.000	0.385	0.162	0.393	249.500	284.500	1.000	248	282	1	4	6	1
0.241	2.593	10	10	10	1.000	0.000	1.000	1	1	252.000	289.800	1.000	0.291	0.113	0.308	252.000	289.800	1.000	251	288	1	3	4	1
0.265	3.386	11	10	11	1.000	0.000	1.000	1	1	260.545	293.727	2.273	0.343	0.108	0.337	260.545	293.727	2.273	259	293	1	4	3	3
0.241	2.664	10	10	10	1.000	0.000	1.000	1	1	263.000	307.000	1.100	0.281	0.099	0.301	263.000	307.000	1.100	262	306	1	3	3	2
0.362	3.810	15	15	15	1.000	0.000	1.000	1	1	147.667	359.133	1.200	0.342	0.106	0.342	147.667	359.133	1.200	146	358	1	4	4	2
0.265	3.051	11	11	11	1.000	0.000	1.000	1	1	318.909	361.909	1.182	0.302	0.099	0.321	318.909	361.909	1.182	318	361	1	3	3	2
0.241	2.664	10	10	10	1.000	0.000	1.000	1	1	320.000	367.000	1.100	0.281	0.099	0.301	320.000	367.000	1.100	319	366	1	3	3	2
0.699	6.032	29	29	34	1.172	0.468	1.000	1	3	449.690	396.069	1.414	0.443	0.163	0.431	449.676	395.971	1.353	448	394	1	4	6	3
0.241	2.664	10	10	10	1.000	0.000	1.000	1	1	235.000	496.000	1.100	0.281	0.099	0.301	235.000	496.000	1.100	234	495	1	3	3	2
0.241	3.015	10	10	11	1.100	0.316	1.000	1	2	510.900	387.000	3.000	0.338	0.147	0.391	510.909	387.000	3.000	510	386	2	2	3	3
0.241	3.580	10	9	10	1.000	0.000	1.000	1	1	232.400	253.600	6.200	0.356	0.146	0.370	232.400	253.600	6.200	231	252	5	4	4	3
0.458	4.603	19	18	20	1.053	0.229	1.000	1	2	424.000	23.000	12.000	0.382	0.086	0.390	424.000	23.000	12.000	423	22	11	3	3	3
114.433	198.974	4748	1429	490573	103.322	177.262	17.000	1	1484	342.755	320.715	23.615	2.993	0.505	2.979	342.231	320.639	26.788	333	307	12	20	28	18
14.943	47.933	620	309	22486	36.268	69.833	7.000	1	440	447.482	353.006	25.897	1.487	0.295	1.450	447.288	352.922	27.704	442	348	20	12	11	10
13.256	44.954	550	294	14626	26.593	53.460	5.000	1	412	225.115	97.316	26.438	1.404	0.284	1.390	224.307	97.725	27.922	219	91	21	13	12	9
9.882	34.353	410	220	15154	36.961	76.600	7.000	1	551	466.154	113.615	26.268	1.276	0.266	1.238	466.304	113.817	27.802	462	109	21	9	10	9
20.703	71.023	859	462	21988	25.597	56.724	5.000	1	522	408.868	122.733	26.620	1.756	0.540	1.663	409.279	122.803	27.899	399	114	21	18	19	9
12.870	40.740	534	280	16169	30.279	62.409	5.000	1	435	506.298	130.579	26.350	1.367	0.242	1.326	506.647	130.506	27.856	501	126	21	11	10	9
16.485	60.458	684	391	19617	28.680	72.791	5.000	1	643	415.348	156.794	26.715	1.640	0.536	1.658	415.217	159.458	27.840	411	146	21	11	20	9
17.787	58.730	738	385	22233	30.126	74.225	5.000	1	739	350.901	174.538	26.595	1.592	0.440	1.627	351.510	176.514	27.865	344	166	21	14	17	9
9.279	33.100	385	210	12368	32.125	68.607	5.000	1	501	272.979	210.958	26.177	1.259	0.271	1.232	272.822	210.847	27.865	269	207	21	9	9	9
12.460	48.939	517	303	14868	28.758	65.239	4.000	1	494	393.487	85.952	26.632	1.441	0.415	1.422	393.372	84.384	27.815	389	80	22	10	16	8
6.074	25.342	252	153	4485	17.798	32.918	4.000	1	219	53.036	204.123	26.849	1.050	0.207	1.016	52.987	204.116	28.061	49	200	22	9	9	8
15.111	57.072	627	376	10146	16.182	29.231	4.000	1	229	503.729	256.171	27.016	1.622	0.549	1.648	502.886	255.298	28.068	497	249	22	15	17	8
2.627	17.599	109	88	164	1.505	0.789	1.000	1	4	508.037	319.936	25.606	0.954	0.383	0.966	507.933	319.933	25.317	505	318	22	7	5	8
5.833	29.065	242	176	2161	8.930	13.942	3.000	1	86	476.868	4.281	27.483	1.060	0.308	1.044	476.515	4.687	28.211	472	0	23	12	10	7
9.110	34.145	378	218	7336	19.407	38.922	4.000	1	267	236.865	12.474	26.894	1.228	0.268	1.193	236.458	11.682	27.946	232	8	23	10	13	7
4.748	21.551	197	130	2652	13.462	21.973	4.000	1	128	330.269	10.315	27.208	0.953	0.191	0.932	330.262	10.285	28.103	327	7	23	8	8	7
8.050	30.388	334	194	7763	23.243	44.466	5.000	1	302	419.740	16.958	26.991	1.147	0.208	1.127	419.340	17.091	27.990	415	13	23	12	9	7
5.182	22.080	215	134	3122	14.521	23.908	4.000	1	148	249.953	22.963	27.070	0.981	0.172	0.944	249.948	23.001	28.043	246	19	23	9	8	7
6.628	26.842	275	169	2706	9.840	15.616	3.000	1	97	359.218	37.055	26.985	1.079	0.198	1.053	358.897	37.155	27.993	355	34	23	10	8	7
8.460	34.392	351	212	3509	9.997	16.136	3.000	1	107	443.328	75.553	27.214	1.181	0.284	1.198	443.016	75.366	28.203	437	72	23	13	9	7
6.507	32.397	270	206	3789	14.033	28.480	3.000	1	204	507.767	96.933	27.341	1.240	0.411	1.240	509.582	95.446	28.032	502	90	23	10	14	7
6.146	25.802	255	155	3261	12.788	20.812	4.000	1	118	323.604	103.059	27.200	1.043	0.199	1.018	323.681	103.156	28.111	320	99	23	8	10	7
9.375	36.774	389	233	3964	10.190	14.995	4.000	1	92	381.859	110.401	27.324	1.218	0.278	1.224	382.348	111.030	28.178	376	105	23	13	12	7
4.941	22.080	205	131	2158	10.527	16.962	3.000	1	102	430.780	113.015	27.137	0.968	0.196	0.922	430.887	113.042	28.141	427	109	23	8	8	7
4.483	21.287	186	124	2290	12.312	19.725	4.000	1	114	342.011	143.742	27.274	0.946	0.215	0.892	341.901	143.710	28.174	338	140	23	9	8	7
7.520	31.588	312	192	5036	16.141	28.581	4.000	1	172	499.433	223.304	27.067	1.151	0.264	1.082	499.530	223.574	28.003	493	218	23	11	11	7
6.556	26.278	272	165	5342	19.640	37.585	4.000	1	255	468.165	268.772	26.967	1.062	0.173	1.043	468.188	268.927	28.083	464	265	23	9	9	7
16.702	64.537	693	424	8084	11.665	20.977	4.000	1	192	310.036	264.776	27.338	1.585	0.514	1.635	310.130	265.973	28.196	303	254	23	14	20	7
5.833	24.814	242	152	4422	18.273	34.529	4.000	1	219	479.959	317.401	26.967	1.046	0.222	0.997	479.892	317.552	28.132	476	314	23	9	9	7
5.350	23.473	222	140	4131	18.608	33.307	5.000	1	213	411.887	359.757	27.086	1.009	0.207	0.974	411.865	359.836	28.127	408	356	23	9	9	7
6.676	30.354	277	189	3447	12.444	23.718	3.000	1	162	480.505	43.383	27.448	1.138	0.341	1.113	481.123	42.220	28.110	475	38	24	11	13	6
6.290	26.226	261	167	2908	11.142	18.115	3.000	1	107	297.713	45.272	27.284	1.054	0.220	1.044	297.321	45.004	28.099	294	41	24	9	11	6
4.073	18.888	169	114	1477	8.740	12.804	3.000	1	76	388.953	45.006	27.213	0.908	0.177	0.856	388.932	44.994	28.041	386	42	24	7	7	6
4.483	20.441	186	122	2816	15.140	25.254	4.000	1	149	434.419	63.226	27.446	0.918	0.167	0.895	434.321	63.239	28.205	431	60	24	8	8	6
4.820	20.846	200	127	3181	15.905	26.083	5.000	1	147	306.400	84.560	27.265	0.947	0.169	0.936	306.300	84.614	28.106	303	81	24	8	8	6
3.832	17.972	159	107	1626	10.226	15.790	3.000	1	86	386.648	98.698	27.497	0.859	0.146	0.844	386.635	98.680	28.216	383	96	24	8	7	6
3.856	18.413	160	110	1828	11.425	18.108	4.000	1	98	21.556	101.787	27.494	0.866	0.159	0.843	21.526	101.769	28.275	18	98	24	8	8	6
6.074	26.103	252	164	2282	9.056	14.643	3.000	1	95	331.504	120.821	27.282	1.041	0.212	1.039	330.751	121.104	28.177	327	117	24	10	9	6
5.206	22.257	216	139	2799	12.958	21.083	4.000	1	121	276.625	127.259	27.130	0.978	0.173	0.956	276.548	127.266	28.101	273	124	24	9	8	6
5.929	29.702	246	180	1546	6.285	9.209	3.000	1	59	303.740	133.260	27.715	1.112	0.370	1.121	303.239	132.677	28.266	296	128	24	14	12	6
6.507	27.373	270	173	2956	10.948	18.716	4.000	1	133	346.556	154.652	27.344	1.068	0.239	1.062	345.962	154.359	28.219	342	151	24	11	9	6
5.109	26.985	212	154	1706	8.047	13.734	2.500	1	84	290.052	166.236	27.759	1.127	0.405	1.126	289.207	167.181	28.347	286	159	24	11	13	6
3.953	18.607	164	109	1786	10.890	17.201	3.500	1	98	296.372	244.793	27.433	0.879	0.161	0.854	296.382	244.827	28.221	293	242	24	8	7	6
4.531	19.964	188	122	2356	12.532	20.237	4.000	1	123	467.074	282.920	27.239	0.922	0.151	0.895	466.949	282.924	28.141	463	279	24	8	8	6
4.194	19.082	174	113	1865	10.718	16.248	3.000	1	92	375.190	289.126	27.259	0.903	0.154	0.871	375.152	289.190	28.099	372	286	24	7	8	6
4.893	21.234	203	131	1953	9.621	14.844	3.000	1	83	401.222	304.478	27.261	0.946	0.158	0.931	401.142	304.542	28.117	398	301	24	8	8	6
7.447	31.413	309	202	2950	9.547	15.794	3.000	1	110	325.809	309.149	27.443	1.108	0.244	1.106	326.331	308.981	28.199	320	305	24	12	11	6
8.845	35.698	367	227	5314	14.480	25.394	4.000	1	178	297.537	310.986	27.311	1.215	0.318	1.246	298.182	311.588	28.162	291	305	24	13	13	6
5.206	24.675	216	154	1639	7.588	12.637	3.000	1	81	303.935	331.926	27.620	0.992	0.252	0.956	304.242	332.008	28.248	301	326	24	8	12	6
1.470	9.981	61	53	76	1.246	0.567	1.000	1	4	79.705	418.033	27.328	0.672	0.222	0.662	79.645	418.039	27.566	77	416	24	5	5	6
4.386	22.082	182	131	560	3.077	3.333	2.000	1	21	29.335	422.401	27.703	0.920	0.223	0.903	28.896	422.330	28.279	25	419	24	10	8	6
3.109	14.797	129	94	1330	10.310	14.204	5.000	1	72	381.016	1.767	27.481	0.803	0.153	0.786	380.820	1.472	28.215	378	0	25	7	6	5
2.699	14.198	112	84	716	6.393	8.652	3.000	1	45	242.500	5.080	27.812	0.743	0.133	0.740	242.557	5.038	28.353	240	2	25	6	7	5
4.145	19.983	172	119	809	4.703	5.128	2.000	1	27	442.919	11.163	27.721	0.892	0.190	0.873	442.937	11.095	28.265	439	7	25	9	9	5
3.471	17.126	144	100	1088	7.556	10.405	3.000	1	54	291.403	28.028	27.660	0.831	0.149	0.819	291.448	28.017	28.286	288	25	25	8	7	5
2.482	14.268	103	78	469	4.553	5.756	2.000	1	30	447.175	28.379	27.709	0.751	0.173	0.731	447.119	28.401	28.288	444	26	25	7	6	5
7.664	38.556	318	230	1969	6.192	8.600	3.000	1	57	411.755	48.336	27.726	1.307	0.399	1.356	412.021	47.392	28.232	407	41	25	11	16	5
2.338	13.633	97	74	474	4.887	6.311	2.000	1	33	436.041	54.742	27.814	0.721	0.154	0.693	435.954	54.673	28.390	433	52	25	7	6	5
3.446	17.286	143	108	817	5.713	7.027	3.000	1	34	293.140	62.252	27.888	0.815	0.172	0.827	293.137	62.259	28.403	290	58	25	7	9	5
3.302	15.996	137	95	973	7.102	9.639	3.000	1	50	444.752	65.993	27.628	0.809	0.135	0.795	444.653	65.935	28.257	442	63	25	7	7	5
2.482	13.386	103	76	497	4.825	5.894	2.000	1	28	233.680	85.330	27.660	0.741	0.148	0.720	233.581	85.213	28.247	231	83	25	7	6	5
6.242	30.216	259	191	1335	5.154	7.811	2.000	1	54	311.189	99.170	27.907	1.145	0.401	1.049	311.029	98.909	28.321	307	92	25	9	16	5
3.109	15.291	129	91	709	5.496	7.362	2.000	1	38	357.256	100.450	27.636	0.795	0.139	0.781	357.190	100.513	28.245	354	98	25	8	6	5
1.687	11.163	70	57	137	1.957	1.345	1.000	1	7	340.014	105.171	27.886	0.646	0.159	0.629	340.044	105.263	28.175	337	103	25	7	6	5
2.169	12.734	90	68	333	3.700	4.180	2.000	1	21	367.567	108.189	27.911	0.700	0.147	0.672	367.616	108.204	28.336	365	105	25	6	7	5
3.784	18.890	157	111	1114	7.096	9.675	3.000	1	49	424.197	127.414	27.752	0.852	0.160	0.837	424.235	127.429	28.291	421	123	25	8	9	5
2.314	12.363	96	73	362	3.771	4.128	2.000	1	19	284.344	134.573	27.823	0.703	0.126	0.703	284.483	134.544	28.309	282	132	25	6	6	5
3.615	17.814	150	106	849	5.660	7.635	2.000	1	40	422.567	188.767	27.760	0.845	0.173	0.825	422.852	189.160	28.263	419	185	25	8	8	5
2.362	13.316	98	74	535	5.459	6.939	2.000	1	35	19.306	189.735	27.816	0.727	0.155	0.706	19.206	189.690	28.355	16	187	25	7	6	5
3.832	17.884	159	111	1453	9.138	13.668	3.000	1	74	466.767	217.742	27.541	0.860	0.152	0.839	466.714	217.759	28.279	463	214	25	8	8	5
3.687	20.053	153	115	887	5.797	8.301	2.000	1	43	320.085	225.216	27.673	0.898	0.248	0.862	319.583	225.387	28.185	316	222	25	11	8	5
3.326	17.109	138	100	782	5.667	7.058	3.000	1	34	485.565	226.812	27.725	0.822	0.166	0.807	485.546	226.721	28.253	482	223	25	8	8	5
3.374	19.612	140	105	630	4.500	6.259	2.000	1	35	369.864	231.321	27.879	0.874	0.267	0.852	369.002	231.129	28.324	366	228	25	11	7	5
2.675	14.656	111	85	414	3.730	4.653	2.000	1	27	363.964	238.964	27.604	0.766	0.166	0.753	363.976	238.932	28.213	361	236	25	7	7	5
6.363	28.890	264	180	2768	10.485	18.485	3.000	1	115	448.652	240.780	27.606	1.105	0.336	1.110	449.921	240.395	28.222	442	237	25	13	9	5
6.266	26.970	260	188	1348	5.185	7.321	2.000	1	48	335.569	244.773	27.819	1.033	0.266	1.053	334.881	244.139	28.265	331	241	25	11	11	5
6.025	31.166	250	188	1444	5.776	8.027	2.000	1	46	424.624	257.644	27.772	1.114	0.356	1.164	424.221	257.744	28.289	418	253	25	14	9	5
2.892	15.238	120	85	823	6.858	9.102	3.000	1	44	343.608	259.442	27.608	0.784	0.145	0.744	343.644	259.507	28.260	341	257	25	7	7	5
1.687	11.270	70	57	213	3.043	3.286	2.000	1	16	495.757	263.429	28.014	0.642	0.154	0.607	495.798	263.385	28.432	493	261	25	6	6	5
3.687	17.460	153	103	1498	9.791	14.986	4.000	1	81	383.771	278.830	27.536	0.846	0.133	0.830	383.634	278.804	28.265	380	275	25	8	8	5
3.615	17.637	150	105	1142	7.613	10.824	3.000	1	53	457.560	279.520	27.620	0.841	0.153	0.828	457.507	279.524	28.225	454	276	25	9	8	5
2.507	14.074	104	79	535	5.144	6.276	3.000	1	33	369.087	316.971	27.769	0.734	0.154	0.723	369.071	317.077	28.299	366	314	25	7	7	5
3.205	16.067	133	96	888	6.677	9.017	3.000	1	50	58.030	421.669	27.556	0.801	0.144	0.788	57.945	421.735	28.179	55	419	25	7	7	5
2.531	14.091	105	76	519	4.943	5.680	2.000	1	28	17.324	477.514	27.714	0.748	0.146	0.723	17.293	477.566	28.214	14	475	25	7	6	5
3.133	15.999	130	99	907	6.977	9.539	3.000	1	47	264.423	5.200	27.962	0.781	0.149	0.784	264.534	5.362	28.401	261	2	26	8	8	4
2.772	15.681	115	94	436	3.791	3.769	2.000	1	21	340.026	3.791	28.183	0.762	0.206	0.762	340.195	3.564	28.466	336	0	26	9	9	4
2.290	12.293	95	72	443	4.663	5.575	2.000	1	28	336.432	20.589	27.842	0.699	0.111	0.701	336.370	20.743	28.325	334	18	26	6	6	4
1.518	9.382	63	53	166	2.635	2.364	2.000	1	12	278.064	70.000	27.810	0.611	0.124	0.589	278.066	70.000	28.193	276	68	26	5	5	4
3.230	15.698	134	99	1213	9.052	13.345	3.000	1	65	355.560	83.530	27.851	0.789	0.135	0.787	355.471	83.466	28.365	352	80	26	8	8	4
1.398	9.065	58	47	141	2.431	1.666	2.000	1	7	442.362	104.431	27.828	0.592	0.117	0.586	442.270	104.440	28.064	440	102	26	6	5	4
1.446	9.418	60	51	167	2.783	2.505	2.000	1	12	440.183	124.050	28.200	0.581	0.119	0.573	440.275	124.030	28.449	438	122	26	6	5	4
2.169	14.780	90	76	171	1.900	1.281	1.000	1	7	224.489	124.400	28.211	0.797	0.264	0.799	224.860	124.474	28.368	220	122	26	10	6	4
1.253	8.730	52	46	93	1.788	1.054	1.000	1	5	477.423	136.538	28.115	0.554	0.138	0.536	477.441	136.570	28.280	475	133	26	5	7	4
1.928	11.641	80	64	264	3.300	3.595	2.000	1	17	449.925	148.562	28.075	0.655	0.133	0.642	449.966	148.527	28.443	447	146	26	7	6	4
1.880	10.882	78	62	382	4.897	5.674	2.500	1	26	267.705	161.679	28.077	0.640	0.115	0.642	267.691	161.738	28.474	265	159	26	6	6	4
1.181	8.219	49	41	105	2.143	1.646	1.000	1	8	370.000	170.653	28.143	0.550	0.120	0.534	370.057	170.676	28.381	368	169	26	5	5	4
1.350	8.466	56	46	149	2.661	2.525	1.000	1	12	293.982	179.018	28.179	0.565	0.106	0.564	293.940	179.027	28.470	292	177	26	5	5	4
1.663	10.318	69	57	203	2.942	2.722	2.000	1	12	362.855	183.696	28.058	0.610	0.116	0.611	362.828	183.626	28.330	360	181	26	6	6	4
1.832	11.517	76	62	292	3.842	4.147	2.000	1	20	302.211	186.368	28.092	0.642	0.135	0.623	302.247	186.277	28.462	299	184	26	7	6	4
2.169	12.082	90	70	428	4.756	5.406	2.000	1	25	466.989	194.333	27.967	0.686	0.130	0.663	466.967	194.374	28.339	464	192	26	7	6	4
1.591	10.424	66	56	111	1.682	1.152	1.000	1	5	29.455	198.106	28.167	0.612	0.150	0.597	29.477	198.045	28.405	27	195	26	6	7	4
1.832	11.447	76	62	245	3.224	3.393	1.500	1	16	352.342	201.618	28.079	0.650	0.141	0.625	352.343	201.641	28.441	350	199	26	6	7	4
1.783	10.441	74	59	270	3.649	3.866	2.000	1	18	451.622	222.730	28.095	0.624	0.110	0.622	451.552	222.848	28.433	449	220	26	6	6	4
3.784	19.702	157	119	598	3.809	3.924	2.000	1	18	507.013	229.465	28.006	0.881	0.252	0.896	506.935	229.525	28.360	503	225	26	9	10	4
4.724	22.596	196	144	788	4.020	4.617	2.000	1	25	313.663	234.587	27.939	0.945	0.242	0.946	313.562	234.744	28.401	309	230	26	11	10	4
1.567	10.424	65	57	156	2.400	2.068	1.000	1	9	352.292	240.492	28.215	0.597	0.142	0.589	352.288	240.468	28.455	349	238	26	7	6	4
2.073	11.588	86	66	270	3.140	3.080	2.000	1	14	423.372	246.186	27.907	0.677	0.119	0.667	423.444	246.219	28.222	421	244	26	6	6	4
1.663	10.301	69	57	231	3.348	3.442	2.000	1	15	307.565	248.725	28.203	0.608	0.122	0.614	307.528	248.723	28.498	305	246	26	6	6	4
2.049	12.082	85	66	337	3.965	4.576	2.000	1	24	463.012	253.553	28.059	0.674	0.134	0.657	462.941	253.647	28.404	460	251	26	7	6	4
1.880	10.688	78	63	294	3.769	3.894	2.000	1	19	372.590	255.154	28.077	0.637	0.120	0.639	372.752	255.109	28.418	370	253	26	6	6	4
2.820	17.727	117	98	315	2.692	2.637	1.000	1	13	347.462	271.453	28.248	0.850	0.302	0.890	347.314	271.032	28.483	344	267	26	8	11	4
0.506	4.779	21	21	23	1.095	0.301	1.000	1	2	272.524	281.000	28.429	0.402	0.162	0.358	272.522	281.000	28.478	271	280	26	4	3	4
1.687	10.812	70	59	250	3.571	3.642	2.000	1	18	441.843	280.686	28.186	0.616	0.131	0.617	441.908	280.708	28.476	439	278	26	6	7	4
1.494	10.053	62	53	144	2.323	2.047	1.000	1	10	308.468	287.694	28.129	0.595	0.142	0.587	308.535	287.729	28.410	306	285	26	6	6	4
1.567	10.264	65	53	138	2.123	1.980	1.000	1	11	491.892	289.108	27.908	0.626	0.132	0.633	491.899	289.065	28.261	489	287	26	6	5	4
0.940	6.949	39	35	49	1.256	0.442	1.000	1	2	361.949	292.615	28.256	0.502	0.125	0.508	362.020	292.633	28.367	360	291	26	5	4	4
2.482	15.116	103	84	259	2.515	2.363	1.000	1	12	422.495	333.631	28.175	0.759	0.248	0.717	422.564	333.421	28.429	418	330	26	9	9	4
1.759	13.369	73	65	184	2.521	2.593	1.000	1	14	397.548	383.082	28.274	0.756	0.284	0.726	398.038	382.457	28.495	394	380	26	8	9	4
0.578	5.221	24	24	60	2.500	2.167	2.000	1	9	231.667	0.625	28.500	0.425	0.142	0.415	231.633	0.383	28.633	229	0	27	6	3	3
1.253	8.449	52	46	109	2.096	1.741	1.000	1	8	218.385	40.519	28.346	0.548	0.126	0.560	218.486	40.505	28.550	216	38	27	6	6	3
1.060	7.249	44	40	86	1.955	1.430	1.000	1	7	313.909	55.159	28.273	0.509	0.108	0.539	313.872	55.163	28.488	312	53	27	5	5	3
0.988	8.749	41	40	44	1.073	0.264	1.000	1	2	215.463	72.732	28.707	0.673	0.337	0.591	215.455	72.773	28.727	211	70	27	10	6	3
1.542	9.472	64	55	165	2.578	2.245	2.000	1	10	291.641	122.609	28.203	0.586	0.115	0.600	291.685	122.545	28.442	289	120	27	6	6	3
1.181	8.202	49	43	137	2.796	2.828	1.000	1	14	258.245	161.020	28.327	0.534	0.111	0.551	258.131	161.015	28.584	256	159	27	6	5	3
1.205	8.255	50	46	114	2.280	1.885	1.000	1	8	457.520	161.360	28.360	0.535	0.125	0.552	457.482	161.342	28.579	455	159	27	6	6	3
0.940	7.109	39	37	79	2.026	1.614	1.000	1	8	261.846	174.333	28.538	0.480	0.127	0.498	261.899	174.316	28.658	260	172	27	5	6	3
1.398	9.348	58	49	178	3.069	3.111	2.000	1	14	332.362	185.259	28.293	0.570	0.115	0.583	332.354	185.219	28.562	330	183	27	6	6	3
0.651	5.468	27	26	39	1.444	0.641	1.000	1	3	372.630	197.000	28.556	0.414	0.106	0.422	372.667	197.026	28.641	371	195	27	4	5	3
0.554	4.726	23	21	24	1.043	0.209	1.000	1	2	465.130	232.696	28.261	0.415	0.092	0.410	465.125	232.708	28.292	464	231	27	3	4	3
0.988	7.055	41	37	81	1.976	1.313	1.000	1	6	322.293	236.756	28.390	0.497	0.110	0.502	322.309	236.778	28.556	320	235	27	5	5	3
1.398	9.525	58	52	105	1.810	1.344	1.000	1	7	392.810	236.983	28.379	0.580	0.152	0.580	392.857	236.857	28.543	390	234	27	6	7	3
0.482	4.532	20	19	20	1.000	0.000	1.000	1	1	310.000	242.600	28.250	0.401	0.114	0.410	310.000	242.600	28.250	309	241	27	3	4	3
2.627	15.858	109	96	270	2.477	2.591	1.000	1	16	384.532	244.862	28.339	0.804	0.288	0.816	385.119	244.874	28.559	379	242	27	11	6	3
0.651	5.238	27	25	35	1.296	0.542	1.000	1	3	297.926	254.444	28.111	0.438	0.092	0.451	297.943	254.371	28.257	297	253	27	3	4	3
0.554	5.167	23	21	29	1.261	0.541	1.000	1	3	442.826	266.348	28.304	0.426	0.106	0.430	442.828	266.345	28.379	441	265	27	4	4	3
0.627	4.920	26	24	30	1.154	0.368	1.000	1	2	55.000	271.154	28.077	0.427	0.087	0.450	55.000	271.200	28.133	54	270	27	3	4	3
1.036	7.373	43	39	86	2.000	1.464	1.000	1	7	436.674	270.860	28.349	0.508	0.115	0.522	436.674	270.826	28.535	435	269	27	5	5	3
1.687	10.531	70	61	246	3.514	3.748	2.000	1	17	497.186	296.371	28.343	0.609	0.137	0.621	497.207	296.394	28.581	494	294	27	7	6	3
1.326	8.466	55	49	291	5.291	6.082	2.000	1	26	1.182	321.636	28.182	0.566	0.134	0.561	0.773	321.595	28.543	0	319	27	4	7	3
1.301	8.713	54	48	141	2.611	2.551	1.000	1	12	368.630	330.796	28.278	0.549	0.113	0.555	368.702	330.851	28.553	366	329	27	6	5	3
1.470	10.160	61	53	120	1.967	1.414	1.000	1	7	494.492	333.115	28.393	0.592	0.154	0.600	494.583	333.175	28.567	491	330	27	7	7	3
1.085	8.008	45	41	89	1.978	1.390	1.000	1	6	428.422	339.578	28.400	0.517	0.120	0.524	428.438	339.663	28.551	426	337	27	6	6	3
0.458	4.603	19	19	34	1.789	1.182	1.000	1	5	510.579	361.737	28.316	0.401	0.141	0.367	510.706	361.794	28.500	509	360	27	3	5	3
1.422	8.783	59	50	142	2.407	1.940	2.000	1	9	45.797	367.203	28.186	0.567	0.099	0.569	45.739	367.275	28.394	43	365	27	6	6	3
1.615	10.160	67	57	217	3.239	3.134	2.000	1	13	28.567	380.567	28.284	0.598	0.123	0.624	28.567	380.581	28.512	26	378	27	6	6	3
0.988	7.249	41	39	86	2.098	1.530	1.000	1	7	131.244	458.000	28.317	0.495	0.121	0.517	131.314	458.000	28.523	129	456	27	5	5	3
0.337	3.439	14	14	15	1.071	0.267	1.000	1	2	403.000	22.000	28.643	0.318	0.068	0.353	403.000	22.000	28.667	402	21	28	3	3	2
0.530	4.709	22	22	29	1.318	0.568	1.000	1	3	19.000	28.000	28.591	0.375	0.096	0.386	19.000	28.000	28.655	17	26	28	5	5	2
0.651	5.397	27	27	41	1.519	0.849	1.000	1	4	320.704	35.000	28.630	0.406	0.109	0.405	320.707	35.000	28.707	319	33	28	5	5	2
0.337	3.439	14	14	15	1.071	0.267	1.000	1	2	471.000	37.000	28.643	0.318	0.068	0.353	471.000	37.000	28.667	470	36	28	3	3	2
0.578	4.956	24	24	31	1.292	0.550	1.000	1	3	330.000	43.167	28.625	0.390	0.105	0.392	330.000	43.129	28.677	328	41	28	5	5	2
0.337	3.439	14	14	15	1.071	0.267	1.000	1	2	277.000	44.000	28.643	0.318	0.068	0.353	277.000	44.000	28.667	276	43	28	3	3	2
0.482	4.515	20	20	23	1.150	0.489	1.000	1	3	300.700	62.050	28.650	0.367	0.097	0.363	300.696	62.043	28.696	299	60	28	4	5	2
0.241	2.664	10	10	10	1.000	0.000	1.000	1	1	271.000	67.000	28.900	0.281	0.099	0.301	271.000	67.000	28.900	270	66	28	3	3	2
0.241	2.664	10	10	10	1.000	0.000	1.000	1	1	308.000	72.000	28.900	0.281	0.099	0.301	308.000	72.000	28.900	307	71	28	3	3	2
0.844	6.403	35	35	46	1.314	0.676	1.000	1	3	481.514	76.571	28.629	0.455	0.136	0.450	481.457	76.609	28.696	479	75	28	6	5	2
0.241	2.664	10	10	10	1.000	0.000	1.000	1	1	500.000	77.000	28.900	0.281	0.099	0.301	500.000	77.000	28.900	499	76	28	3	3	2
0.554	4.903	23	23	29	1.261	0.541	1.000	1	3	32.913	98.000	28.565	0.382	0.099	0.377	32.931	98.000	28.655	31	96	28	5	5	2
0.530	4.816	22	22	22	1.000	0.000	1.000	1	1	320.273	125.318	28.773	0.400	0.131	0.387	320.273	125.318	28.773	318	124	28	5	4	2
0.651	5.397	27	27	38	1.407	0.636	1.000	1	3	385.000	146.296	28.630	0.406	0.109	0.405	385.000	146.316	28.684	383	144	28	5	5	2
0.313	3.299	13	13	13	1.000	0.000	1.000	1	1	298.923	216.385	28.846	0.324	0.104	0.344	298.923	216.385	28.846	298	215	28	3	4	2
0.819	6.086	34	34	54	1.588	1.048	1.000	1	5	466.618	247.147	28.618	0.446	0.127	0.470	466.648	247.111	28.704	465	245	28	5	5	2
0.434	4.709	18	18	21	1.167	0.514	1.000	1	3	259.000	264.000	28.722	0.360	0.106	0.368	259.000	264.000	28.714	257	262	28	5	5	2
0.362	3.439	15	15	18	1.200	0.414	1.000	1	2	278.067	266.067	28.600	0.325	0.068	0.330	278.111	266.111	28.667	277	265	28	3	3	2
0.241	2.664	10	10	10	1.000	0.000	1.000	1	1	384.000	269.000	28.900	0.281	0.099	0.301	384.000	269.000	28.900	383	268	28	3	3	2
0.530	4.709	22	22	28	1.273	0.550	1.000	1	3	274.000	271.000	28.591	0.375	0.096	0.386	274.000	271.000	28.679	272	269	28	5	5	2
0.241	2.664	10	10	10	1.000	0.000	1.000	1	1	394.000	307.000	28.900	0.281	0.099	0.301	394.000	307.000	28.900	393	306	28	3	3	2
0.241	2.664	10	10	10	1.000	0.000	1.000	1	1	423.000	315.000	28.900	0.281	0.099	0.301	423.000	315.000	28.900	422	314	28	3	3	2
0.241	2.664	10	10	10	1.000	0.000	1.000	1	1	362.000	318.000	28.900	0.281	0.099	0.301	362.000	318.000	28.900	361	317	28	3	3	2
0.241	2.664	10	10	10	1.000	0.000	1.000	1	1	84.000	319.000	28.900	0.281	0.099	0.301	84.000	319.000	28.900	83	318	28	3	3	2
0.337	3.439	14	14	15	1.071	0.267	1.000	1	2	363.000	353.000	28.643	0.318	0.068	0.353	363.000	353.000	28.667	362	352	28	3	3	2
0.241	2.664	10	10	10	1.000	0.000	1.000	1	1	94.000	357.000	28.900	0.281	0.099	0.301	94.000	357.000	28.900	93	356	28	3	3	2
0.723	6.597	30	30	36	1.200	0.551	1.000	1	3	406.567	380.033	28.733	0.487	0.204	0.460	406.472	380.083	28.778	404	377	28	7	6	2
0.482	4.445	20	20	22	1.100	0.308	1.000	1	2	39.600	398.600	28.700	0.372	0.103	0.388	39.591	398.636	28.727	38	397	28	4	4	2
0.434	4.709	18	18	20	1.111	0.471	1.000	1	3	21.000	409.000	28.722	0.360	0.106	0.368	21.000	409.000	28.750	19	407	28	5	5	2
0.241	2.681	10	10	10	1.000	0.000	1.000	1	1	61.600	413.000	28.600	0.292	0.058	0.310	61.600	413.000	28.600	61	412	28	2	3	2
0.241	2.664	10	10	11	1.100	0.316	1.000	1	2	111.000	475.000	28.900	0.281	0.099	0.301	111.000	475.000	28.909	110	474	28	3	3	2
0.434	4.057	18	18	19	1.056	0.236	1.000	1	2	147.500	489.667	28.778	0.358	0.101	0.367	147.474	489.684	28.789	146	488	28	4	4	2
0.265	2.911	11	11	11	1.000	0.000	1.000	1	1	448.182	251.545	29.000	0.318	0.121	0.324	448.182	251.545	29.000	447	250	29	4	4	1
