Volume (micron^3)	Surface (micron^2)	Nb of obj. voxels	Nb of surf. voxels	IntDen	Mean	StdDev	Median	Min	Max	X	Y	Z	Mean dist. to surf. (micron)	SD dist. to surf. (micron)	Median dist. to surf. (micron)	XM	YM	ZM	BX	BY	BZ	B-width	B-height	B-depth
0.675	5.378	28	26	7638	272.786	51.613	252.500	202	382	12.107	0.857	2.179	0.470	0.146	0.467	12.138	0.891	2.089	11	0	1	3	3	4
0.892	9.928	37	37	8242	222.757	18.990	217.000	200	279	69.514	1.216	2.135	0.729	0.257	0.690	69.554	1.184	2.098	67	0	1	9	5	4
0.362	4.179	15	15	4720	314.667	76.957	306.000	216	461	90.000	0.200	2.400	0.437	0.180	0.345	90.024	0.150	2.382	89	0	1	3	2	4
0.265	2.804	11	11	2761	251.000	35.572	245.000	204	314	48.364	2.182	1.364	0.298	0.063	0.298	48.389	2.190	1.344	47	1	1	3	3	2
0.651	5.485	27	26	7667	283.963	70.569	265.000	202	458	55.778	5.741	1.667	0.428	0.111	0.425	55.779	5.750	1.593	54	4	1	4	5	3
1.494	11.038	62	52	16056	258.968	40.873	251.000	203	375	35.097	6.758	3.339	0.771	0.319	0.723	35.077	6.757	3.427	33	5	1	5	4	7
11.328	59.708	470	306	137720	293.021	103.263	256.000	200	803	112.121	10.764	5.647	1.734	0.728	1.639	111.646	10.245	5.273	107	5	1	16	14	15
0.916	7.812	38	36	8299	218.395	13.282	216.000	200	242	49.868	9.026	2.605	0.527	0.186	0.557	49.866	8.999	2.619	49	7	1	3	5	5
4.025	21.602	167	123	46772	280.072	67.379	266.000	200	500	60.802	11.467	2.850	0.927	0.257	0.897	60.913	11.508	2.728	56	9	1	10	7	7
0.723	5.679	30	26	8080	269.333	58.573	248.000	200	396	43.600	14.433	1.733	0.453	0.077	0.465	43.604	14.436	1.685	42	13	1	4	4	3
1.277	8.393	53	43	23188	437.509	199.486	390.000	214	952	9.358	17.245	2.604	0.615	0.171	0.635	9.288	17.232	2.418	8	16	1	4	4	5
5.350	34.814	222	190	57712	259.964	51.573	246.000	200	466	52.883	21.572	2.189	1.364	0.532	1.346	52.576	21.450	2.151	46	17	1	18	13	6
193.630	713.611	8034	4153	2475143	308.084	122.287	269.000	200	1554	146.824	37.934	10.448	4.405	1.496	4.407	146.279	38.201	9.715	120	17	1	49	44	29
2.868	16.399	119	88	29434	247.345	33.554	243.000	200	328	43.882	39.882	3.571	0.855	0.275	0.805	43.904	39.880	3.490	42	37	1	5	7	8
0.988	7.356	41	41	10256	250.146	42.936	240.000	200	365	118.854	41.829	1.390	0.510	0.178	0.520	118.854	41.768	1.364	116	40	1	7	5	2
3.181	18.604	132	98	49192	372.667	176.836	310.500	204	963	91.106	44.379	2.962	0.916	0.312	0.875	91.010	44.310	2.585	88	41	1	7	8	7
1.398	10.104	58	50	16344	281.793	59.160	275.000	201	463	124.500	45.569	2.276	0.623	0.193	0.634	124.548	45.487	2.211	123	43	1	5	6	5
1.277	8.730	53	48	12755	240.660	31.334	233.000	200	317	87.170	50.830	1.906	0.563	0.157	0.556	87.146	50.820	1.861	84	49	1	7	4	4
134.268	454.904	5571	2813	1858467	333.597	149.419	280.000	200	1190	67.864	79.167	5.269	4.640	1.920	4.714	67.753	77.682	4.981	50	51	1	37	63	14
0.386	3.686	16	16	3582	223.875	17.165	226.500	201	261	105.625	56.812	1.312	0.353	0.101	0.352	105.622	56.806	1.302	104	56	1	4	3	2
0.554	4.797	23	22	7107	309.000	83.743	290.000	212	501	88.130	70.130	1.870	0.415	0.104	0.442	88.090	70.211	1.765	87	69	1	3	4	3
0.337	3.914	14	14	3147	224.786	20.230	218.000	203	263	101.929	72.714	2.286	0.418	0.178	0.380	101.957	72.734	2.301	101	72	1	3	2	4
4.145	27.863	172	144	45092	262.163	75.279	237.500	200	665	25.500	78.308	3.413	1.229	0.484	1.250	25.762	78.022	3.201	21	73	1	10	13	8
0.506	4.392	21	21	5616	267.429	62.342	257.000	200	405	99.095	76.619	1.429	0.376	0.103	0.364	99.105	76.600	1.372	98	75	1	3	5	2
0.434	4.198	18	18	6083	337.944	102.252	307.000	219	545	12.611	84.389	1.333	0.353	0.088	0.381	12.612	84.409	1.288	11	83	1	4	4	2
1.687	10.616	70	56	22350	319.286	91.897	305.000	200	529	46.486	90.600	2.529	0.669	0.182	0.686	46.514	90.577	2.443	44	89	1	6	5	5
3.784	19.557	157	111	58445	372.261	154.365	331.000	200	917	113.809	95.350	2.783	0.911	0.232	0.898	113.917	95.531	2.774	111	91	1	7	9	6
0.241	3.192	10	10	2198	219.800	16.192	220.000	202	254	24.500	93.100	1.400	0.332	0.129	0.300	24.519	93.104	1.390	23	92	1	4	3	3
0.530	5.378	22	21	5197	236.227	29.061	228.500	200	304	32.318	93.909	2.273	0.457	0.160	0.400	32.297	93.926	2.238	31	93	1	4	3	4
6.821	32.725	283	179	117555	415.389	256.026	327.000	200	1510	121.534	97.689	6.081	1.268	0.482	1.191	121.287	98.084	6.087	118	94	1	8	8	12
0.434	4.285	18	18	4160	231.111	29.856	223.500	201	292	24.500	97.778	1.778	0.385	0.118	0.387	24.501	97.781	1.752	23	97	1	4	3	3
13.641	55.623	566	351	185963	328.557	157.242	264.500	200	1242	49.110	109.716	3.247	1.465	0.414	1.476	49.270	109.051	3.094	44	103	1	12	16	8
7.086	36.467	294	205	86770	295.136	79.579	277.500	200	662	94.014	104.139	4.459	1.223	0.406	1.218	94.060	104.256	4.302	89	99	1	11	11	9
0.651	5.608	27	26	7969	295.148	89.051	272.000	201	516	124.000	104.704	1.630	0.433	0.116	0.419	123.960	104.714	1.541	122	103	1	5	4	3
0.362	3.703	15	14	4072	271.467	60.678	256.000	211	417	56.133	106.867	1.533	0.349	0.083	0.344	56.148	106.853	1.489	55	106	1	3	3	3
0.988	7.302	41	38	12986	316.732	102.795	284.000	201	568	62.317	113.780	1.512	0.492	0.125	0.495	62.365	113.743	1.431	60	112	1	6	5	3
11.810	69.279	490	354	151475	309.133	122.509	269.000	200	895	127.455	107.941	9.361	2.007	0.938	1.910	127.416	108.332	8.821	122	102	1	12	14	19
0.386	3.985	16	16	4210	263.125	36.787	264.000	208	323	40.500	113.375	3.000	0.458	0.228	0.429	40.500	113.372	3.031	40	113	1	2	2	5
1.494	10.315	62	49	18528	298.839	91.698	257.500	200	544	141.613	113.516	3.742	0.691	0.239	0.637	141.698	113.524	3.680	139	112	1	5	4	6
0.289	2.998	12	12	2853	237.750	37.065	225.000	200	323	85.667	114.917	1.417	0.306	0.060	0.325	85.675	114.932	1.395	85	114	1	3	3	2
6131.338	14868.879	254399	92328	85846408	337.448	142.789	296.000	200	2529	361.959	190.178	18.356	21.380	9.892	21.557	367.544	191.047	17.653	187	101	1	325	197	29
0.362	3.774	15	15	3351	223.400	17.431	222.000	206	262	46.000	122.133	1.667	0.358	0.109	0.361	46.001	122.148	1.640	45	121	1	3	3	3
0.265	3.262	11	11	2562	232.909	28.119	227.000	201	290	78.818	130.091	1.545	0.323	0.100	0.314	78.808	130.104	1.534	78	129	1	3	3	3
23.378	90.659	970	513	328356	338.511	167.890	280.000	200	1400	123.724	136.218	5.380	1.804	0.502	1.830	123.839	136.189	5.137	115	130	1	21	17	11
0.337	3.757	14	14	3174	226.714	20.745	220.500	205	263	36.786	132.857	1.286	0.353	0.117	0.333	36.767	132.838	1.270	35	132	1	5	3	2
0.241	2.804	10	10	2479	247.900	31.221	240.500	214	314	71.100	134.900	1.300	0.295	0.076	0.298	71.129	134.921	1.287	70	134	1	3	3	2
0.627	6.401	26	25	6202	238.538	35.367	222.500	200	313	24.538	137.538	2.077	0.515	0.214	0.461	24.624	137.507	2.031	22	136	1	5	5	4
0.241	2.627	10	10	2609	260.900	38.866	254.500	206	322	37.500	136.600	1.800	0.320	0.121	0.350	37.523	136.628	1.736	37	136	1	2	2	3
1.904	11.057	79	61	29368	371.747	140.392	329.000	202	693	96.557	138.114	2.595	0.710	0.183	0.695	96.538	138.008	2.498	95	136	1	4	6	5
0.675	6.209	28	28	6385	228.036	22.536	219.000	201	266	80.857	139.071	1.214	0.469	0.186	0.473	80.813	139.081	1.196	77	137	1	7	5	2
0.578	6.365	24	24	7591	316.292	109.806	287.000	201	576	510.792	138.542	4.083	0.558	0.296	0.463	510.838	138.600	4.141	510	137	1	2	4	7
1.085	7.354	45	37	16817	373.711	166.975	316.000	200	793	116.333	143.533	2.222	0.554	0.119	0.522	116.312	143.518	2.031	115	142	1	4	4	4
12.436	50.982	516	302	163141	316.165	115.308	280.500	200	1008	100.424	149.359	3.886	1.496	0.464	1.423	100.274	149.434	3.652	94	144	1	15	14	10
0.482	4.743	20	18	5120	256.000	38.331	251.000	203	346	90.700	150.800	2.600	0.439	0.146	0.383	90.688	150.794	2.637	90	150	1	3	3	4
0.892	6.736	37	34	11969	323.486	95.298	300.000	200	596	129.081	150.838	3.108	0.559	0.208	0.509	129.109	150.816	3.132	128	150	1	3	3	5
9.134	45.427	379	257	103783	273.834	59.863	262.000	201	499	81.528	157.177	3.836	1.365	0.452	1.317	81.623	157.202	3.678	76	151	1	13	12	10
2.193	12.608	91	71	24257	266.560	49.221	256.000	203	417	70.560	153.538	2.890	0.747	0.192	0.757	70.612	153.548	2.806	68	152	1	6	4	6
0.313	3.333	13	13	3118	239.846	35.019	229.000	200	305	137.615	152.769	1.846	0.348	0.121	0.368	137.623	152.783	1.852	137	152	1	2	3	3
0.699	5.625	29	27	9312	321.103	96.571	315.000	201	577	43.138	156.897	1.966	0.451	0.128	0.467	43.155	156.908	1.881	42	155	1	4	4	4
0.627	5.150	26	26	8516	327.538	112.911	319.000	204	587	134.385	156.731	1.423	0.403	0.108	0.417	134.393	156.649	1.368	133	155	1	4	5	2
7.447	34.952	309	205	90756	293.709	89.663	263.000	200	683	99.388	162.854	3.220	1.203	0.349	1.175	99.477	162.985	3.209	93	159	1	11	13	7
20.751	64.838	861	445	294489	342.031	117.685	311.000	200	709	64.661	171.425	3.160	1.629	0.385	1.607	64.689	171.209	2.922	56	165	1	19	17	8
1.157	7.688	48	42	13584	283.000	65.467	268.000	200	444	93.438	168.000	2.667	0.588	0.186	0.590	93.424	168.036	2.660	92	167	1	4	3	5
0.554	5.272	23	23	5119	222.565	15.456	220.000	200	250	53.348	168.478	3.000	0.570	0.275	0.442	53.338	168.494	3.000	52	168	1	3	2	6
86.789	396.528	3601	2275	1025054	284.658	86.837	256.000	200	827	85.259	188.467	5.009	4.716	2.786	3.692	85.364	188.640	4.776	49	172	1	79	44	15
4.435	21.762	184	132	56445	306.766	91.863	277.000	200	564	508.728	177.533	3.370	1.015	0.308	1.013	508.684	177.440	3.195	505	174	1	7	9	7
0.362	3.580	15	15	4070	271.333	50.506	251.000	217	379	42.600	180.000	1.667	0.347	0.105	0.318	42.593	179.970	1.602	42	179	1	3	3	3
5.447	29.487	226	164	75721	335.049	111.554	290.500	201	717	469.500	187.823	2.783	1.111	0.379	1.078	469.518	187.773	2.567	465	185	1	11	11	8
5.037	25.129	209	151	72221	345.555	130.680	313.000	201	861	131.981	189.316	3.541	1.113	0.374	1.096	132.247	189.132	3.603	126	187	1	11	7	8
0.458	4.355	19	19	4482	235.895	27.016	240.000	203	280	487.368	190.000	2.000	0.406	0.156	0.420	487.383	190.001	1.964	486	189	1	3	3	4
0.892	7.564	37	34	8705	235.270	29.179	227.000	202	312	44.892	191.730	3.811	0.600	0.276	0.534	44.914	191.747	3.876	43	190	1	4	4	6
71.677	363.665	2974	2067	785419	264.095	67.494	243.000	200	790	83.830	217.621	4.686	4.082	1.540	3.960	84.424	217.326	4.536	58	189	1	47	53	15
0.362	4.603	15	15	3394	226.267	21.668	231.000	201	269	118.200	194.733	1.467	0.518	0.193	0.498	118.244	194.754	1.457	115	193	1	6	4	3
10.219	49.416	424	302	144965	341.899	147.443	302.500	200	1130	160.267	201.698	2.917	1.431	0.473	1.448	160.375	202.026	2.664	151	196	1	18	13	9
11.978	55.263	497	348	153615	309.085	96.738	283.000	200	728	509.016	203.193	5.161	1.585	0.592	1.629	509.047	203.242	5.168	503	195	1	9	16	13
2598.984	8996.602	107836	55931	33133584	307.259	114.992	271.000	200	1960	344.397	318.389	5.674	26.467	13.862	24.620	346.601	317.757	5.338	66	191	1	446	239	24
6.435	40.045	267	209	68072	254.951	53.683	235.000	200	450	40.318	209.333	3.966	1.468	0.460	1.501	40.432	209.062	3.892	35	202	1	10	15	10
0.916	7.160	38	33	9894	260.368	47.291	256.500	200	378	87.000	206.895	2.026	0.514	0.134	0.505	87.001	206.822	1.964	86	205	1	4	5	4
0.627	5.608	26	25	6940	266.923	48.847	257.000	203	375	471.615	207.846	1.538	0.453	0.152	0.455	471.622	207.835	1.478	470	206	1	4	5	3
0.289	3.122	12	12	2883	240.250	35.584	233.000	200	320	481.833	207.917	1.333	0.307	0.070	0.326	481.856	207.893	1.299	481	207	1	3	3	2
0.241	2.627	10	10	2113	211.300	6.816	211.500	200	221	61.500	209.400	1.800	0.320	0.121	0.350	61.493	209.407	1.789	61	209	1	2	2	3
0.482	5.361	20	20	4286	214.300	19.505	207.500	202	273	44.650	211.650	1.600	0.497	0.157	0.480	44.690	211.617	1.579	43	210	1	5	4	3
4.001	25.553	166	134	52932	318.867	124.055	278.500	200	979	150.783	218.675	2.627	0.960	0.289	0.960	150.602	218.434	2.487	146	215	1	10	10	6
1.615	10.494	67	60	24131	360.164	142.824	316.000	201	821	187.179	219.358	1.746	0.642	0.202	0.632	187.242	219.303	1.601	184	217	1	6	7	3
3.615	21.990	150	117	48452	323.013	133.366	281.000	200	886	455.727	215.920	3.740	1.038	0.400	1.043	455.882	216.379	3.366	453	211	1	6	11	8
5.760	37.858	239	188	59216	247.766	42.222	235.000	200	384	109.803	225.569	4.803	1.307	0.538	1.284	109.762	225.580	4.884	105	218	1	13	12	11
0.627	6.719	26	25	5653	217.423	11.700	215.000	202	242	94.923	221.154	2.077	0.542	0.230	0.500	94.927	221.167	2.045	93	220	1	6	3	5
0.386	3.827	16	16	4521	282.562	65.404	278.500	203	441	164.125	224.062	1.500	0.347	0.099	0.336	164.148	224.102	1.442	163	223	1	3	3	3
0.362	3.580	15	15	3959	263.933	53.876	245.000	206	381	459.000	225.400	1.667	0.347	0.105	0.318	458.986	225.395	1.632	458	224	1	3	3	3
2.844	16.716	118	85	37644	319.017	99.726	290.000	200	610	169.737	227.373	3.864	0.860	0.262	0.835	169.695	227.300	3.820	167	225	1	6	7	7
5.688	31.828	236	167	65602	277.975	67.676	261.000	200	502	64.314	228.860	4.843	1.249	0.546	1.184	64.564	228.851	4.623	59	226	1	12	7	12
0.844	7.336	35	32	11360	324.571	132.361	259.000	200	688	132.657	232.743	2.000	0.548	0.215	0.512	132.835	232.628	1.772	130	231	1	6	4	5
0.265	2.874	11	11	3086	280.545	55.075	277.000	208	370	165.455	234.818	1.545	0.320	0.103	0.302	165.446	234.773	1.493	165	234	1	2	3	3
1.157	8.253	48	41	19587	408.062	184.192	383.500	202	903	447.771	236.979	2.312	0.562	0.126	0.570	447.802	236.985	2.168	446	235	1	5	5	4
8.917	52.037	370	275	132038	356.859	227.660	269.500	200	1507	455.403	241.595	4.922	1.472	0.525	1.456	454.803	241.751	4.845	449	236	1	14	11	12
1.880	16.241	78	71	17141	219.756	17.246	216.000	200	268	89.077	240.769	2.667	0.886	0.363	0.898	89.031	240.754	2.627	85	238	1	9	7	8
0.819	6.525	34	29	12974	381.588	152.603	352.500	200	804	184.706	239.176	2.059	0.489	0.116	0.475	184.747	239.153	1.897	183	238	1	4	4	4
3.013	17.157	125	92	45606	364.848	157.963	310.000	200	849	144.640	242.552	3.648	0.853	0.217	0.848	144.633	242.373	3.616	143	240	1	6	8	6
4.049	19.949	168	124	47061	280.125	63.640	263.500	200	491	82.685	249.048	2.083	0.872	0.198	0.864	82.815	249.076	1.983	78	245	1	10	9	5
13.931	63.622	578	354	169920	293.979	79.014	273.500	200	594	185.805	251.777	5.175	1.671	0.626	1.640	185.837	251.809	5.093	180	245	1	13	17	15
0.313	3.492	13	13	3081	237.000	32.642	223.000	200	309	435.308	246.769	1.154	0.338	0.127	0.344	435.360	246.755	1.135	433	246	1	5	3	2
2.916	18.396	121	105	37438	309.405	93.754	289.000	201	596	207.934	252.388	1.934	0.964	0.388	0.968	207.912	252.123	1.845	205	247	1	7	13	4
53.360	251.739	2214	1527	594754	268.633	74.307	247.000	200	820	113.888	268.439	3.203	3.879	1.669	3.875	114.218	268.690	3.066	88	244	1	54	39	12
0.675	5.836	28	25	7612	271.857	58.913	254.000	201	418	125.750	249.929	2.714	0.495	0.177	0.428	125.726	249.898	2.715	125	249	1	3	3	5
1.880	14.867	78	72	19895	255.064	48.673	247.500	200	408	139.167	251.051	1.910	0.859	0.339	0.827	139.058	251.030	1.881	134	249	1	12	6	4
0.530	5.325	22	19	5808	264.000	51.660	246.000	212	407	178.773	249.000	3.182	0.454	0.171	0.441	178.781	248.992	3.171	178	248	1	3	3	5
14.967	64.948	621	392	213288	343.459	132.179	308.000	200	945	227.560	256.480	3.673	1.713	0.627	1.579	227.128	256.251	3.488	216	250	1	23	14	10
13.690	65.016	568	350	156352	275.268	70.048	255.000	200	607	54.951	257.775	6.158	1.713	0.648	1.637	55.009	257.879	5.989	49	252	1	15	12	15
3.181	17.191	132	90	37782	286.227	70.636	265.500	200	499	82.189	256.189	3.879	0.914	0.283	0.905	82.210	256.184	3.806	80	254	1	6	5	8
0.362	4.268	15	15	3210	214.000	15.199	209.000	200	251	46.000	257.267	1.267	0.413	0.172	0.414	46.029	257.294	1.259	44	255	1	5	5	2
0.434	3.880	18	18	5079	282.167	63.694	270.500	206	434	89.667	256.056	1.389	0.349	0.084	0.355	89.700	256.058	1.337	88	255	1	4	3	2
0.747	5.679	31	29	9668	311.871	83.950	291.000	201	531	155.968	256.871	1.806	0.458	0.110	0.467	155.964	256.853	1.695	155	255	1	3	5	3
0.410	4.355	17	16	3690	217.059	11.903	215.000	203	244	76.000	256.882	2.000	0.384	0.093	0.419	75.999	256.879	1.995	75	256	1	3	3	3
0.627	5.907	26	23	6410	246.538	36.627	238.000	201	337	216.000	258.231	2.808	0.503	0.196	0.445	215.993	258.231	2.793	215	257	1	3	3	5
0.410	4.549	17	17	3622	213.059	10.997	209.000	202	240	104.647	261.647	2.294	0.477	0.188	0.537	104.657	261.661	2.276	104	260	1	2	4	4
1.711	10.298	71	56	34547	486.577	281.262	361.000	202	1342	494.859	264.254	2.563	0.657	0.146	0.646	494.930	264.242	2.280	493	262	1	5	5	5
1.085	8.711	45	37	11592	257.600	42.618	252.000	200	352	160.933	265.578	3.133	0.577	0.172	0.541	160.925	265.573	3.171	159	264	1	5	4	5
2.723	20.776	113	103	28272	250.195	45.371	237.000	200	405	219.416	270.115	1.832	1.012	0.389	0.988	219.207	270.161	1.793	213	265	1	13	10	4
0.578	4.920	24	24	5155	214.792	11.405	212.500	200	236	76.125	269.458	1.917	0.429	0.140	0.456	76.135	269.464	1.903	74	269	1	5	2	3
5.808	30.752	241	164	79611	330.336	117.060	293.000	200	727	145.369	270.867	4.510	1.199	0.442	1.170	145.439	270.844	4.600	142	268	1	9	8	10
6.676	38.282	277	189	79972	288.708	83.873	260.000	200	645	178.061	271.224	4.906	1.237	0.417	1.259	178.084	271.285	4.816	173	266	1	12	11	9
0.578	6.367	24	24	6295	262.292	58.987	238.000	200	454	398.333	272.000	1.292	0.636	0.277	0.649	398.468	271.917	1.267	394	270	1	8	6	2
2.531	16.188	105	89	35114	334.419	129.465	290.000	201	790	26.886	272.362	2.581	0.888	0.298	0.920	26.386	272.288	2.640	23	271	1	10	4	6
0.313	3.650	13	12	3044	234.154	28.304	230.000	203	292	243.000	275.077	1.692	0.363	0.099	0.361	242.989	275.088	1.677	242	274	1	3	3	3
0.578	5.061	24	22	6378	265.750	55.657	252.000	200	373	403.292	275.083	2.292	0.452	0.144	0.417	403.315	275.137	2.246	402	274	1	3	3	4
0.482	4.673	20	19	5223	261.150	43.152	258.000	202	337	399.150	280.700	1.950	0.407	0.110	0.433	399.178	280.686	1.926	398	279	1	3	4	3
1.567	11.360	65	60	16917	260.262	56.135	241.000	200	432	52.415	284.077	1.554	0.712	0.341	0.659	52.311	283.954	1.525	50	280	1	8	11	3
0.289	2.998	12	12	2795	232.917	25.347	231.500	201	276	104.917	283.667	1.417	0.306	0.060	0.325	104.936	283.659	1.379	104	283	1	3	3	2
0.988	8.216	41	33	10482	255.659	49.689	239.000	202	397	122.098	283.561	3.707	0.639	0.247	0.619	122.116	283.586	3.781	121	282	1	4	4	6
4.531	30.611	188	142	49153	261.452	55.530	244.500	200	440	159.181	282.543	4.957	1.284	0.705	1.163	159.229	282.743	4.820	156	274	1	7	14	14
1.518	11.127	63	52	17476	277.397	65.948	260.000	201	415	356.841	290.651	2.270	0.691	0.256	0.640	356.790	290.776	2.233	355	286	1	5	8	5
3.181	22.834	132	106	33349	252.644	38.196	245.500	200	346	298.356	287.371	3.886	1.009	0.373	1.000	298.281	287.353	3.886	294	285	1	11	5	8
0.289	2.821	12	12	2585	215.417	8.005	216.000	206	230	188.500	290.500	2.000	0.344	0.124	0.428	188.504	290.512	1.997	188	290	1	2	2	3
0.289	3.316	12	12	2782	231.833	30.286	222.500	200	296	214.750	292.167	1.333	0.315	0.084	0.323	214.737	292.153	1.312	214	291	1	3	4	2
0.289	3.299	12	12	2874	239.500	27.418	233.000	202	285	185.167	295.083	1.083	0.333	0.136	0.325	185.184	295.065	1.070	184	293	1	3	5	2
0.313	3.985	13	13	2959	227.615	22.112	227.000	200	268	366.846	293.538	2.615	0.456	0.228	0.350	366.843	293.560	2.574	366	293	1	3	2	5
6.435	36.220	267	203	78846	295.303	102.352	261.000	200	792	250.929	296.764	4.112	1.256	0.475	1.250	250.984	296.809	3.834	246	294	1	10	8	11
0.265	2.945	11	11	2962	269.273	41.809	250.000	209	343	316.545	301.273	1.727	0.333	0.120	0.322	316.549	301.272	1.694	316	300	1	2	3	3
0.916	7.123	38	34	10940	287.895	66.116	276.000	204	470	291.026	302.947	3.368	0.574	0.239	0.585	291.037	302.917	3.301	290	302	1	3	3	6
0.675	5.696	28	25	6610	236.071	34.961	221.500	200	317	62.464	304.179	1.964	0.455	0.118	0.448	62.453	304.196	1.918	61	303	1	4	3	4
3.663	25.717	152	143	36875	242.599	43.717	225.000	200	391	95.447	308.059	1.961	1.059	0.406	1.021	95.552	307.838	1.907	91	303	1	11	13	6
4.627	33.450	192	161	54063	281.578	84.866	252.000	200	612	258.417	306.021	5.146	1.230	0.478	1.224	258.445	306.148	4.805	254	302	1	11	10	10
0.386	4.091	16	16	3995	249.688	43.306	236.500	204	342	297.500	311.875	1.688	0.371	0.119	0.367	297.498	311.864	1.633	296	311	1	4	3	3
0.675	5.749	28	25	7606	271.643	64.151	252.000	201	415	310.393	312.429	1.750	0.445	0.091	0.466	310.392	312.409	1.661	309	311	1	4	4	3
33.525	142.019	1391	851	426437	306.569	122.848	266.000	200	1027	132.408	330.275	3.821	2.953	1.058	3.006	132.896	331.495	3.552	121	312	1	29	36	10
0.916	9.031	38	38	8699	228.921	24.559	220.500	201	277	323.500	315.500	1.921	0.693	0.355	0.636	323.510	315.571	1.865	321	312	1	6	8	5
0.554	5.378	23	22	5162	224.435	21.088	220.000	200	273	329.696	316.087	2.261	0.446	0.161	0.433	329.705	316.080	2.283	329	314	1	3	5	4
0.578	4.867	24	22	7218	300.750	84.572	288.000	204	505	472.833	319.917	2.042	0.431	0.124	0.460	472.830	319.934	1.970	472	319	1	3	3	4
3.133	21.513	130	100	35234	271.031	74.520	242.000	200	570	249.977	320.385	7.823	1.304	0.768	1.132	249.827	320.363	8.065	246	319	1	11	4	13
0.554	5.238	23	23	6074	264.087	51.038	245.000	201	371	76.217	324.522	1.739	0.423	0.135	0.438	76.235	324.519	1.673	74	323	1	5	4	3
6.411	33.716	266	164	72919	274.132	65.305	256.000	200	465	325.643	325.861	4.338	1.117	0.298	1.090	325.638	325.758	4.337	322	322	1	11	11	8
2.338	15.201	97	83	22334	230.247	25.442	227.000	200	320	108.216	328.103	2.639	0.802	0.269	0.785	108.256	328.038	2.574	106	325	1	7	7	6
0.434	3.810	18	18	4307	239.278	36.899	231.500	200	315	173.000	326.500	1.333	0.352	0.089	0.381	173.014	326.501	1.303	172	325	1	3	4	2
0.410	3.827	17	16	4082	240.118	27.760	236.000	201	306	448.000	330.118	1.529	0.357	0.081	0.340	448.012	330.128	1.491	447	329	1	3	3	3
0.675	6.736	28	27	6939	247.821	38.388	236.000	201	323	314.679	330.036	3.250	0.632	0.301	0.569	314.680	329.995	3.322	314	329	1	3	4	6
0.554	4.990	23	22	5511	239.609	34.621	231.000	206	322	100.087	332.783	1.957	0.446	0.158	0.446	100.085	332.800	1.918	98	332	1	4	3	4
1.109	7.812	46	38	18016	391.652	152.937	356.000	201	808	445.848	334.761	2.522	0.580	0.161	0.612	445.884	334.822	2.427	444	333	1	4	4	5
1.735	9.981	72	58	39364	546.722	328.016	485.000	201	1447	456.722	335.514	2.625	0.659	0.164	0.657	456.677	335.574	2.304	455	334	1	5	4	5
33.187	172.057	1377	954	359917	261.378	61.118	243.000	200	708	126.138	352.948	4.075	2.464	0.889	2.461	126.244	353.043	3.967	112	335	1	30	32	12
3.278	19.683	136	115	32402	238.250	29.244	233.000	200	321	162.088	337.809	2.324	0.882	0.287	0.835	162.127	337.784	2.301	159	335	1	9	9	7
1.205	8.553	50	44	12976	259.520	45.355	248.500	201	372	179.120	337.060	1.980	0.558	0.152	0.538	179.074	337.041	1.934	177	335	1	6	5	4
1.133	9.205	47	44	10731	228.319	21.353	224.000	200	278	170.681	339.128	2.319	0.580	0.195	0.587	170.677	339.052	2.309	169	337	1	4	6	4
172.469	750.663	7156	4456	2020560	282.359	83.806	257.000	200	1168	200.870	363.691	4.813	5.581	2.682	5.128	200.494	363.180	4.640	155	331	1	83	71	20
0.699	5.238	29	28	12459	429.621	176.843	389.000	200	932	431.069	339.069	1.931	0.440	0.107	0.464	431.069	339.028	1.763	430	338	1	4	4	3
0.506	4.549	21	21	5390	256.667	42.475	244.000	200	340	100.429	340.000	2.143	0.425	0.160	0.440	100.431	340.003	2.090	99	339	1	3	3	4
1.085	9.293	45	43	10438	231.956	27.416	225.000	200	306	80.000	341.267	3.956	0.757	0.372	0.784	79.968	341.245	4.008	79	339	1	5	5	7
0.747	6.314	31	29	7900	254.839	54.113	236.000	200	413	95.129	346.226	1.645	0.483	0.153	0.463	95.097	346.115	1.601	94	344	1	3	6	3
0.675	7.424	28	28	5855	209.107	4.917	209.500	201	221	213.036	348.750	2.250	0.647	0.306	0.619	213.033	348.746	2.243	212	346	1	4	7	5
2.820	16.045	117	80	44465	380.043	178.800	317.000	201	991	424.906	347.171	5.239	0.897	0.341	0.845	424.933	347.326	5.291	423	345	1	5	5	9
0.747	5.960	31	28	9293	299.774	72.435	285.000	201	489	100.290	349.871	2.290	0.499	0.145	0.493	100.257	349.855	2.186	99	349	1	4	3	4
1.808	10.211	75	61	42896	571.947	375.210	443.000	201	1703	372.133	352.453	2.240	0.643	0.116	0.641	372.148	352.467	1.964	370	350	1	5	6	4
0.651	5.502	27	25	7186	266.148	60.330	240.000	201	379	398.556	351.111	2.037	0.458	0.129	0.450	398.565	351.173	1.959	397	350	1	4	3	4
4.531	29.589	188	150	44749	238.027	29.347	230.500	200	338	86.660	351.388	5.957	1.259	0.607	1.190	86.594	351.254	6.012	83	347	1	11	12	11
0.844	6.719	35	31	9350	267.143	50.583	257.000	201	387	184.971	351.971	2.171	0.498	0.128	0.495	184.983	351.931	2.128	183	350	1	5	4	4
1.253	8.483	52	43	14857	285.712	71.550	267.000	201	460	340.962	353.673	1.942	0.563	0.124	0.549	340.912	353.681	1.874	338	352	1	6	4	4
5.206	26.220	216	138	62429	289.023	79.493	265.000	200	571	151.231	353.926	6.787	1.158	0.453	1.051	151.261	353.967	6.780	148	350	1	7	7	12
0.241	2.487	10	10	2191	219.100	16.589	217.500	201	256	417.800	354.500	1.400	0.289	0.056	0.282	417.805	354.513	1.382	417	354	1	3	2	2
0.289	2.998	12	12	3274	272.833	53.981	266.000	214	382	355.667	356.917	1.417	0.306	0.060	0.325	355.641	356.893	1.378	355	356	1	3	3	2
0.578	4.726	24	22	8826	367.750	139.492	327.000	206	745	401.250	358.917	1.750	0.415	0.090	0.419	401.251	358.934	1.612	400	358	1	4	3	3
1.157	10.633	48	46	10944	228.000	26.694	216.500	201	301	105.854	360.396	2.625	0.644	0.240	0.633	105.909	360.394	2.572	103	357	1	6	7	5
0.747	6.190	31	28	7506	242.129	32.589	232.000	201	320	95.677	362.871	1.806	0.472	0.113	0.475	95.697	362.877	1.760	94	361	1	4	5	3
1.036	7.477	43	36	17354	403.581	204.104	327.000	205	1021	230.209	370.558	2.070	0.539	0.118	0.529	230.156	370.649	1.865	228	369	1	5	4	4
0.916	7.603	38	38	9604	252.737	44.989	237.000	200	383	400.947	380.632	1.289	0.522	0.194	0.502	400.824	380.706	1.274	398	378	1	7	6	2
49.022	227.575	2034	1292	606920	298.387	123.943	255.000	200	1107	309.866	402.436	4.372	2.871	1.189	2.642	309.205	403.152	4.109	291	380	1	32	40	11
22.607	100.704	938	588	265930	283.507	88.242	257.000	200	735	155.284	393.527	3.163	2.971	1.356	2.992	156.021	394.061	3.046	135	380	1	36	28	8
132.870	490.711	5513	2910	1718398	311.699	124.994	272.000	200	1196	190.039	407.038	5.915	4.117	1.417	4.204	190.808	407.329	5.691	172	382	1	45	56	18
2.627	17.351	109	84	32780	300.734	111.639	249.000	200	679	198.367	386.229	3.688	0.953	0.377	0.928	198.539	386.257	3.538	193	383	1	9	6	7
0.554	4.886	23	23	6022	261.826	43.202	248.000	212	356	370.870	384.565	1.304	0.393	0.115	0.405	370.842	384.586	1.284	369	383	1	5	4	2
1.036	7.230	43	38	12179	283.233	61.553	273.000	200	435	217.302	386.953	2.233	0.538	0.139	0.529	217.224	386.949	2.169	215	386	1	5	3	4
1.181	8.764	49	43	12649	258.143	57.187	239.000	202	453	223.571	391.918	2.265	0.584	0.161	0.574	223.597	392.022	2.186	221	390	1	5	5	4
0.747	5.873	31	27	12575	405.645	171.167	327.000	206	825	124.516	399.484	1.774	0.462	0.080	0.492	124.474	399.518	1.636	123	398	1	4	4	3
0.241	2.487	10	10	2229	222.900	18.550	224.000	200	256	248.200	409.500	1.400	0.289	0.056	0.282	248.216	409.495	1.388	247	409	1	3	2	2
15.449	68.357	641	416	176589	275.490	74.956	253.000	200	651	227.228	419.318	3.090	1.658	0.535	1.654	227.054	419.061	2.935	222	410	1	14	20	8
0.289	3.262	12	12	2736	228.000	21.162	225.000	207	266	169.750	413.667	1.667	0.343	0.119	0.323	169.749	413.653	1.637	169	413	1	3	3	3
0.434	4.355	18	17	4570	253.889	38.966	240.000	200	343	245.278	414.778	1.944	0.417	0.145	0.422	245.274	414.774	1.906	244	414	1	3	3	4
0.265	3.333	11	10	2457	223.364	23.602	220.000	200	272	241.000	418.000	1.636	0.333	0.079	0.319	240.983	418.006	1.626	240	417	1	3	3	3
0.940	7.247	39	34	10047	257.615	47.239	244.000	201	354	236.590	418.795	3.282	0.569	0.193	0.535	236.567	418.777	3.282	235	418	1	4	3	5
0.747	5.962	31	31	10001	322.613	110.170	282.000	200	609	252.968	428.871	1.355	0.430	0.120	0.420	252.960	428.903	1.315	251	427	1	5	5	2
2.651	18.321	110	86	26766	243.327	38.327	232.000	200	363	202.191	427.745	4.027	0.906	0.368	0.816	202.135	427.837	3.975	200	424	1	6	8	8
1.253	9.469	52	44	12286	236.269	25.082	234.000	200	298	217.577	429.615	2.827	0.651	0.237	0.625	217.563	429.638	2.850	216	428	1	5	4	6
1.398	9.028	58	47	29160	502.759	257.316	427.500	210	1186	286.621	436.759	2.517	0.618	0.157	0.628	286.680	436.790	2.293	285	435	1	5	4	5
1.301	8.059	54	45	28203	522.278	274.274	442.000	200	1249	281.463	439.796	2.407	0.585	0.119	0.595	281.411	439.849	2.187	280	438	1	4	5	4
0.313	3.122	13	13	4211	323.923	93.752	306.000	216	540	178.231	442.846	1.385	0.314	0.067	0.324	178.241	442.833	1.322	177	442	1	3	3	2
0.964	7.705	40	36	11890	297.250	80.209	275.500	200	523	70.025	140.975	5.250	0.594	0.259	0.547	70.043	141.013	5.272	69	140	2	3	3	7
2.579	16.964	107	75	26470	247.383	41.514	235.000	201	365	57.673	158.093	5.673	0.834	0.245	0.816	57.565	158.216	5.697	55	154	2	7	8	7
0.723	6.013	30	27	6946	231.533	23.549	231.500	202	281	108.667	202.933	3.667	0.486	0.135	0.492	108.656	202.942	3.690	107	201	2	4	4	4
2.290	15.042	95	68	25740	270.947	59.261	260.000	200	422	153.705	237.116	5.242	0.794	0.266	0.751	153.697	237.124	5.214	152	234	2	5	7	7
0.241	3.139	10	10	2191	219.100	16.636	219.000	200	249	442.800	242.500	3.600	0.340	0.146	0.282	442.818	242.517	3.614	442	242	2	3	2	4
0.530	4.743	22	20	5837	265.318	49.557	248.000	204	382	136.636	243.000	3.773	0.438	0.140	0.421	136.637	243.038	3.810	136	242	2	3	3	4
0.554	4.814	23	23	5781	251.348	43.122	236.000	200	352	43.087	250.478	4.261	0.467	0.193	0.416	43.092	250.467	4.243	42	250	2	3	2	5
1.085	9.045	45	38	11499	255.533	39.398	250.000	200	350	68.222	253.000	4.844	0.656	0.284	0.574	68.236	253.019	4.819	67	252	2	4	4	7
0.458	4.426	19	19	5702	300.105	74.217	329.000	202	406	120.316	253.474	3.684	0.459	0.206	0.373	120.365	253.476	3.770	119	253	2	3	2	5
3.471	19.591	144	100	43574	302.597	81.349	288.500	200	551	428.486	255.208	5.556	0.894	0.254	0.892	428.569	255.202	5.589	426	252	2	7	7	8
1.133	8.781	47	39	12215	259.894	45.464	254.000	201	348	200.340	296.553	4.915	0.607	0.193	0.557	200.356	296.544	4.904	199	295	2	4	4	6
0.603	5.325	25	23	7414	296.560	71.202	281.000	200	468	149.920	331.600	4.280	0.484	0.178	0.448	149.896	331.622	4.279	149	331	2	3	3	5
0.819	7.899	34	32	7986	234.882	23.611	231.500	200	278	91.971	82.618	5.735	0.726	0.344	0.689	91.994	82.641	5.719	91	81	3	3	4	7
1.663	12.555	69	58	17954	260.203	51.641	248.000	200	411	28.971	84.478	5.449	0.715	0.242	0.703	29.014	84.429	5.416	26	82	3	6	6	6
2.507	16.857	104	82	30612	294.346	92.182	265.000	200	589	134.981	107.596	6.692	0.813	0.267	0.799	134.951	107.408	6.625	133	105	3	6	7	8
16.461	93.207	683	470	194695	285.059	107.997	246.000	200	902	145.148	113.858	12.373	2.171	0.865	2.043	145.314	113.870	11.785	137	105	3	15	18	20
0.627	6.154	26	26	5830	224.231	17.049	222.500	203	274	86.500	117.577	5.808	0.649	0.310	0.621	86.480	117.610	5.770	86	115	3	2	5	6
0.771	6.471	32	27	8030	250.938	46.753	237.000	200	350	112.594	131.938	5.344	0.512	0.157	0.492	112.582	131.970	5.343	111	131	3	4	3	5
0.410	4.162	17	16	4629	272.294	62.281	260.000	200	407	145.353	175.824	4.176	0.396	0.131	0.376	145.368	175.825	4.154	144	175	3	3	3	4
0.578	4.867	24	22	6650	277.083	60.429	259.500	202	438	166.083	186.833	4.875	0.431	0.120	0.445	166.103	186.853	4.858	165	186	3	3	3	4
0.265	3.333	11	10	2741	249.182	44.452	236.000	203	346	182.000	211.818	4.182	0.352	0.094	0.350	182.004	211.811	4.180	181	211	3	3	3	3
1.832	12.872	76	61	20848	274.316	62.696	261.000	200	473	77.803	213.539	6.184	0.767	0.294	0.724	77.841	213.592	6.085	76	211	3	5	6	7
1.133	9.028	47	40	14375	305.851	80.516	307.000	200	480	339.809	222.340	5.191	0.643	0.238	0.574	339.783	222.329	5.124	338	221	3	4	4	6
0.651	5.766	27	24	7390	273.704	55.734	253.000	202	424	133.889	224.963	5.370	0.475	0.170	0.413	133.883	224.968	5.364	133	224	3	3	3	5
2.000	12.308	83	62	25594	308.361	94.145	284.000	200	576	160.831	245.494	5.976	0.753	0.244	0.682	160.804	245.526	5.874	159	244	3	5	4	7
1.350	9.416	56	45	16551	295.554	83.056	276.500	201	551	174.071	253.982	5.018	0.621	0.173	0.631	174.042	253.980	4.967	173	252	3	4	6	5
0.410	4.232	17	15	3994	234.941	23.520	235.000	201	289	76.765	263.235	4.765	0.409	0.131	0.402	76.770	263.227	4.760	76	262	3	3	3	4
0.603	5.432	25	21	6904	276.160	60.194	246.000	202	394	390.400	264.280	4.200	0.446	0.101	0.446	390.383	264.307	4.176	389	263	3	4	4	4
0.771	6.277	32	28	7072	221.000	16.716	220.500	200	261	188.281	279.000	4.406	0.495	0.134	0.466	188.297	279.000	4.402	187	278	3	4	3	4
0.651	6.224	27	25	6379	236.259	26.815	228.000	200	295	236.296	280.852	5.111	0.513	0.200	0.475	236.294	280.837	5.077	235	280	3	4	3	5
0.337	3.527	14	14	3977	284.071	49.436	276.000	201	369	40.429	290.643	4.857	0.377	0.157	0.380	40.439	290.632	4.860	40	290	3	2	3	4
0.458	4.620	19	19	4374	230.211	25.774	231.000	200	280	363.526	297.789	5.263	0.444	0.199	0.372	363.531	297.784	5.241	363	297	3	2	3	5
0.699	5.890	29	25	8012	276.276	63.497	272.000	200	441	280.621	305.793	4.414	0.482	0.128	0.457	280.656	305.805	4.418	279	305	3	4	3	4
1.229	9.998	51	42	12912	253.176	40.081	245.000	201	341	288.294	308.392	6.196	0.670	0.273	0.628	288.286	308.396	6.196	287	306	3	4	6	7
0.386	4.990	16	15	3496	218.500	25.639	207.000	201	287	271.438	311.125	4.875	0.444	0.234	0.428	271.457	311.118	4.848	269	310	3	5	3	5
0.265	3.139	11	11	2397	217.909	17.044	212.000	203	251	72.000	334.727	4.273	0.342	0.125	0.336	72.017	334.745	4.265	71	334	3	3	2	3
0.289	2.821	12	12	2766	230.500	17.568	228.500	211	262	153.500	344.500	4.000	0.344	0.124	0.428	153.506	344.484	3.977	153	344	3	2	2	3
0.819	6.542	34	31	10329	303.794	82.464	269.000	200	537	71.118	345.941	4.882	0.532	0.200	0.496	71.113	345.951	4.828	70	345	3	3	3	5
0.458	4.673	19	16	4352	229.053	23.086	223.000	205	288	130.053	347.368	4.684	0.412	0.109	0.387	130.052	347.357	4.688	129	346	3	3	4	4
0.241	3.139	10	10	2263	226.300	18.050	226.500	203	263	145.000	356.600	4.000	0.338	0.135	0.402	145.021	356.615	4.013	144	356	3	3	2	3
0.362	4.302	15	15	3174	211.600	10.662	209.000	201	238	237.400	389.133	4.800	0.434	0.219	0.392	237.389	389.121	4.771	237	388	3	2	3	5
1.277	8.500	53	43	13961	263.415	54.304	253.000	201	387	243.943	403.189	4.623	0.586	0.119	0.588	243.905	403.219	4.591	242	402	3	5	4	4
0.289	2.998	12	12	2582	215.167	10.125	215.000	201	232	287.083	414.667	3.500	0.307	0.059	0.327	287.082	414.678	3.504	286	414	3	3	3	2
2.410	16.256	100	79	23743	237.430	25.267	233.500	201	293	111.290	1.300	9.100	1.011	0.492	0.897	111.278	1.289	9.103	110	0	4	4	5	12
0.916	7.758	38	32	9988	262.842	51.157	247.000	200	367	116.316	22.737	6.053	0.576	0.190	0.528	116.260	22.691	6.018	115	21	4	4	4	5
4.314	25.975	179	131	45286	252.994	46.685	239.000	200	431	86.268	169.218	7.615	0.994	0.386	0.960	86.256	169.137	7.526	83	165	4	8	11	9
2.458	16.222	102	85	24428	239.490	28.862	236.000	200	322	113.402	193.049	8.520	0.930	0.411	0.841	113.402	193.034	8.522	111	190	4	5	7	9
0.434	4.426	18	16	4330	240.556	33.512	235.500	201	307	147.222	208.722	5.333	0.428	0.144	0.388	147.236	208.702	5.334	146	208	4	3	3	4
0.241	3.015	10	10	2278	227.800	18.492	224.000	200	259	76.400	244.300	5.300	0.355	0.166	0.310	76.394	244.280	5.302	76	244	4	2	2	4
0.723	6.013	30	27	7567	252.233	45.202	242.500	200	373	192.367	255.200	5.433	0.507	0.159	0.503	192.411	255.170	5.483	190	254	4	5	3	4
0.892	7.317	37	33	11103	300.081	74.157	282.000	206	491	202.324	262.027	6.811	0.600	0.237	0.549	202.335	262.055	6.783	201	261	4	4	3	6
0.386	3.914	16	16	3832	239.500	25.799	235.500	200	287	130.562	279.750	5.688	0.405	0.162	0.353	130.559	279.744	5.690	130	279	4	2	3	4
1.350	9.486	56	43	21243	379.339	169.229	331.500	200	838	349.786	281.375	6.732	0.632	0.198	0.587	349.808	281.372	6.701	348	280	4	4	4	6
0.289	3.333	12	12	2858	238.167	22.176	239.000	201	269	205.667	282.500	5.333	0.358	0.153	0.316	205.656	282.498	5.330	205	282	4	3	2	4
0.675	6.154	28	23	8334	297.643	78.752	281.000	201	510	308.607	304.964	6.036	0.492	0.163	0.480	308.621	304.959	6.046	307	304	4	4	3	5
0.844	6.736	35	31	10488	299.657	84.685	271.000	200	545	314.029	317.000	6.514	0.533	0.208	0.409	314.011	317.013	6.544	313	316	4	3	3	6
0.386	3.844	16	16	3562	222.625	22.595	209.000	202	268	444.500	326.000	5.500	0.377	0.139	0.340	444.507	326.000	5.486	444	325	4	2	3	4
0.289	3.333	12	12	2613	217.750	14.623	214.000	201	249	366.750	330.583	5.583	0.361	0.148	0.299	366.754	330.587	5.565	366	330	4	3	2	4
0.241	3.139	10	10	2289	228.900	25.230	228.500	200	263	60.600	31.900	6.400	0.372	0.157	0.334	60.594	31.912	6.375	60	31	5	2	3	4
2.555	14.477	106	75	36475	344.104	126.735	306.500	200	695	125.255	35.783	8.075	0.825	0.254	0.812	125.274	35.800	8.135	123	34	5	6	5	7
1.277	9.433	53	45	13643	257.415	43.887	253.000	200	374	125.623	52.151	7.679	0.710	0.304	0.655	125.647	52.167	7.595	124	51	5	4	4	7
1.277	9.099	53	46	14357	270.887	48.713	269.000	200	384	114.887	58.717	7.811	0.639	0.231	0.590	114.863	58.685	7.835	114	57	5	3	5	6
10.291	61.061	427	317	118612	277.780	68.537	258.000	200	584	508.731	61.340	14.190	2.622	1.334	2.382	508.614	61.669	13.816	504	52	5	8	17	25
2.868	20.720	119	99	27245	228.950	26.215	221.000	200	325	25.269	67.874	7.244	0.963	0.353	0.970	25.327	67.861	7.229	21	62	5	9	10	8
69.122	319.065	2868	1716	779954	271.951	73.399	249.000	200	861	169.326	71.932	12.194	2.985	0.968	2.948	168.962	72.208	11.976	152	56	5	36	34	20
4.772	32.817	198	160	49989	252.470	56.626	233.000	200	477	107.318	78.414	8.232	1.265	0.414	1.268	107.282	78.556	8.263	103	72	5	10	14	7
0.530	5.449	22	21	4968	225.818	28.870	212.500	201	297	120.955	91.545	7.182	0.483	0.201	0.475	120.962	91.534	7.165	120	90	5	3	4	5
4.868	28.476	202	142	60920	301.584	127.611	246.500	200	809	143.109	104.550	10.960	1.297	0.574	1.231	143.370	104.678	10.378	138	102	5	9	7	13
0.578	5.449	24	22	6014	250.583	45.572	241.000	200	373	150.875	124.917	6.667	0.467	0.144	0.438	150.892	124.924	6.668	149	124	5	4	3	4
0.265	2.821	11	11	2450	222.727	12.900	222.000	204	239	25.455	148.545	6.091	0.334	0.126	0.396	25.444	148.548	6.109	25	148	5	2	2	3
0.771	6.154	32	30	9833	307.281	88.034	297.500	205	532	142.969	170.875	6.625	0.499	0.168	0.447	142.916	170.838	6.635	142	170	5	3	3	5
0.362	3.456	15	15	3351	223.400	19.261	220.000	202	263	129.467	181.933	5.800	0.353	0.116	0.339	129.458	181.929	5.795	129	181	5	2	3	3
0.410	4.232	17	16	4108	241.647	31.243	234.000	209	312	61.647	205.353	6.471	0.435	0.165	0.404	61.650	205.349	6.507	61	204	5	3	3	4
0.241	3.139	10	9	2231	223.100	21.661	216.000	205	270	129.900	227.000	6.100	0.348	0.099	0.352	129.914	227.004	6.106	129	226	5	3	3	3
0.362	3.456	15	15	3545	236.333	26.594	237.000	203	291	188.800	269.467	5.933	0.357	0.120	0.391	188.788	269.456	5.962	188	269	5	3	2	3
0.362	3.456	15	15	3402	226.800	17.869	231.000	204	263	184.200	274.533	6.067	0.357	0.120	0.391	184.206	274.526	6.056	183	274	5	3	2	3
0.892	7.758	37	32	9487	256.405	48.435	243.000	200	385	141.919	277.811	7.595	0.560	0.213	0.573	141.933	277.794	7.549	140	276	5	4	5	6
5.037	32.286	209	158	52435	250.885	48.144	235.000	200	427	169.775	280.158	11.297	1.252	0.541	1.170	169.847	280.178	11.368	164	276	5	11	9	13
2.049	13.842	85	68	25084	295.106	82.182	276.000	200	577	343.071	281.235	8.800	0.805	0.306	0.740	342.968	281.305	8.696	341	279	5	6	5	8
0.241	3.139	10	9	2342	234.200	34.656	224.000	201	307	236.100	287.000	5.900	0.348	0.099	0.352	236.105	286.999	5.898	235	286	5	3	3	3
0.747	5.960	31	28	8240	265.806	45.180	252.000	207	391	226.032	289.129	6.871	0.502	0.182	0.484	226.049	289.121	6.849	225	288	5	3	3	5
0.265	3.580	11	11	2315	210.455	8.275	209.000	201	227	226.455	301.455	6.091	0.394	0.192	0.402	226.446	301.479	6.090	226	299	5	2	5	3
1.085	7.812	45	38	17042	378.711	147.506	339.000	201	764	492.156	302.444	7.156	0.570	0.171	0.538	492.135	302.421	7.114	491	301	5	4	4	5
1.374	12.960	57	53	12508	219.439	16.514	213.000	201	263	280.123	314.632	9.737	0.972	0.464	0.971	280.132	314.644	9.765	279	311	5	3	7	10
0.651	5.449	27	25	7180	265.926	51.907	252.000	204	400	340.185	328.074	6.556	0.473	0.148	0.412	340.173	328.082	6.546	339	327	5	3	3	4
0.337	3.844	14	14	3183	227.357	25.388	219.500	200	278	92.071	346.357	6.786	0.369	0.151	0.334	92.071	346.353	6.782	91	346	5	3	2	4
3.374	22.359	140	105	37159	265.421	59.821	250.500	200	428	137.229	368.350	11.021	1.093	0.509	0.963	137.088	368.413	11.184	133	366	5	10	5	12
0.337	3.527	14	14	3288	234.857	26.807	231.500	203	279	47.357	3.429	7.214	0.387	0.157	0.368	47.342	3.434	7.204	46	3	6	3	2	4
7.230	42.212	300	206	85608	285.360	98.161	248.500	200	660	171.470	46.133	13.127	1.608	0.854	1.380	171.294	46.213	12.533	168	40	6	8	11	18
1.036	7.758	43	37	13589	316.023	84.751	293.000	200	545	132.116	52.023	8.070	0.585	0.190	0.523	132.136	52.061	8.043	131	51	6	4	4	5
0.313	3.262	13	13	2939	226.077	16.439	223.000	206	258	20.462	90.231	7.077	0.366	0.132	0.423	20.450	90.236	7.081	20	89	6	2	3	3
6.074	32.992	252	165	73373	291.163	77.215	272.000	200	547	165.429	93.480	10.496	1.182	0.393	1.125	165.365	93.542	10.419	160	89	6	11	10	10
2.097	13.789	87	64	31546	362.598	150.309	316.000	202	790	148.345	97.782	9.805	0.809	0.306	0.771	148.345	97.831	9.709	146	96	6	5	5	8
0.699	6.929	29	27	7069	243.759	37.600	233.000	202	323	134.931	114.000	9.586	0.643	0.356	0.598	134.861	113.950	9.678	134	113	6	4	3	7
0.386	4.426	16	14	3911	244.438	35.217	244.000	202	323	42.062	125.875	7.438	0.427	0.145	0.350	42.067	125.865	7.474	41	125	6	3	3	4
0.844	6.736	35	29	11847	338.486	102.999	310.000	203	590	140.629	138.086	8.000	0.548	0.186	0.499	140.603	138.080	8.035	139	137	6	4	3	5
0.410	4.549	17	15	4415	259.706	49.463	254.000	202	373	173.176	218.000	7.353	0.419	0.143	0.357	173.167	218.001	7.363	172	217	6	3	3	4
0.795	7.177	33	29	7963	241.303	31.708	242.000	202	311	100.939	227.333	8.576	0.541	0.195	0.557	100.950	227.345	8.588	99	226	6	5	4	5
0.844	6.154	35	32	10554	301.543	78.002	294.000	203	527	212.943	227.000	8.343	0.514	0.169	0.509	212.919	226.982	8.282	212	226	6	3	3	5
0.386	4.355	16	16	3628	226.750	17.594	223.500	200	259	159.375	229.562	7.688	0.401	0.159	0.364	159.388	229.538	7.694	158	228	6	3	4	4
0.675	7.000	28	27	6488	231.714	28.279	228.500	200	298	76.107	236.286	9.143	0.688	0.356	0.728	76.046	236.316	9.237	75	235	6	4	3	7
0.554	5.325	23	20	6434	279.739	63.529	266.000	209	432	435.957	242.261	7.870	0.458	0.168	0.458	435.923	242.282	7.851	435	241	6	3	3	5
3.760	26.486	156	126	41164	263.872	49.123	251.500	200	436	381.006	276.923	10.519	1.172	0.599	1.060	381.137	276.882	10.474	377	275	6	9	7	13
0.241	3.068	10	10	2120	212.000	9.615	209.500	200	226	292.500	282.000	7.300	0.324	0.106	0.302	292.494	282.008	7.288	292	281	6	2	3	3
0.916	6.983	38	33	9113	239.816	29.243	229.500	202	309	408.711	283.868	7.842	0.530	0.165	0.531	408.702	283.861	7.844	407	283	6	4	3	5
1.181	8.464	49	42	13534	276.204	66.374	266.000	200	460	342.633	286.061	8.918	0.605	0.220	0.544	342.646	286.074	8.937	341	285	6	4	3	6
0.554	5.325	23	21	5280	229.565	23.637	222.000	200	271	231.174	300.304	8.217	0.480	0.189	0.429	231.193	300.327	8.219	230	299	6	3	3	5
2.675	17.599	111	95	27269	245.667	35.504	240.000	200	353	335.360	305.739	8.559	0.848	0.280	0.833	335.276	305.711	8.590	331	303	6	9	7	6
0.482	5.078	20	20	4509	225.450	16.031	227.500	202	254	158.600	348.750	8.450	0.543	0.283	0.583	158.607	348.740	8.467	158	348	6	2	3	6
1.759	11.796	73	58	20812	285.096	66.102	268.000	200	455	219.767	349.137	9.082	0.701	0.230	0.666	219.720	349.136	9.058	217	348	6	6	4	7
1.036	9.099	43	41	10074	234.279	22.833	232.000	201	285	169.698	369.395	8.163	0.655	0.251	0.636	169.678	369.371	8.155	168	367	6	4	6	6
0.771	6.348	32	29	7883	246.344	38.791	236.000	201	358	339.969	370.938	7.969	0.525	0.200	0.477	339.988	370.934	7.973	339	370	6	3	3	5
0.675	6.542	28	24	6643	237.250	30.995	229.500	200	318	171.000	392.714	8.143	0.505	0.176	0.458	170.996	392.685	8.135	170	391	6	3	5	5
2.940	16.576	122	84	30775	252.254	41.161	240.000	201	364	228.795	405.852	8.836	0.841	0.228	0.807	228.787	405.839	8.826	227	403	6	5	7	7
0.289	3.333	12	12	3070	255.833	35.042	249.000	204	312	34.583	30.667	8.333	0.357	0.152	0.317	34.572	30.679	8.331	34	30	7	2	3	4
0.337	3.914	14	14	3448	246.286	38.384	238.000	207	326	12.714	54.929	8.643	0.400	0.170	0.335	12.725	54.946	8.604	12	54	7	2	3	4
0.313	3.527	13	13	2999	230.692	24.978	224.000	201	278	128.692	84.615	8.846	0.386	0.165	0.384	128.707	84.619	8.824	128	84	7	3	2	4
2.410	15.623	100	77	24604	246.040	43.961	235.000	200	424	120.270	86.890	10.830	0.833	0.327	0.773	120.312	86.819	10.704	117	85	7	7	5	9
0.530	4.867	22	21	5259	239.045	31.219	230.500	202	309	176.864	89.136	8.455	0.459	0.164	0.397	176.863	89.157	8.425	176	88	7	3	3	4
1.350	11.144	56	47	13721	245.018	40.228	229.000	201	372	137.750	95.536	10.179	0.669	0.253	0.615	137.766	95.547	10.093	134	94	7	7	4	7
0.554	5.325	23	22	5709	248.217	38.773	243.000	202	331	158.087	113.348	9.478	0.476	0.194	0.384	158.080	113.367	9.438	157	112	7	3	3	5
1.157	10.897	48	44	11044	230.083	22.515	224.500	200	275	78.375	135.667	8.604	0.677	0.290	0.652	78.375	135.685	8.607	76	132	7	6	7	6
0.964	8.975	40	38	9495	237.375	28.963	232.000	200	304	144.800	163.275	9.875	0.662	0.262	0.632	144.735	163.280	9.884	143	161	7	6	5	6
12.509	68.821	519	367	129238	249.013	48.803	236.000	200	454	184.198	167.559	19.838	2.305	1.173	2.043	184.025	167.424	20.071	179	161	7	12	14	23
0.434	4.549	18	17	4208	233.778	28.704	230.000	201	293	89.667	220.222	9.056	0.423	0.168	0.424	89.666	220.241	9.055	89	219	7	3	3	5
1.085	9.416	45	43	9937	220.822	17.079	216.000	200	257	192.511	294.800	9.044	0.599	0.223	0.556	192.522	294.780	9.046	190	293	7	6	6	5
0.458	4.355	19	18	4773	251.211	37.391	247.000	200	323	262.947	310.579	8.842	0.408	0.130	0.423	262.913	310.568	8.864	262	310	7	3	3	4
0.434	4.743	18	16	4183	232.389	28.332	224.500	200	297	200.333	316.333	9.111	0.445	0.203	0.434	200.322	316.322	9.136	199	315	7	4	4	5
1.374	10.138	57	46	17477	306.614	96.493	287.000	200	562	255.807	347.754	10.018	0.685	0.272	0.589	255.769	347.819	9.981	254	346	7	4	4	7
0.506	5.325	21	19	4867	231.762	25.700	220.000	203	294	326.952	373.190	9.381	0.491	0.195	0.393	326.960	373.190	9.388	326	372	7	3	3	5
0.289	3.139	12	12	2788	232.333	22.260	233.000	201	267	366.417	383.167	8.250	0.334	0.113	0.326	366.419	383.186	8.260	366	382	7	2	3	3
0.337	4.038	14	13	3500	250.000	36.986	244.000	203	324	143.786	15.143	9.643	0.421	0.159	0.334	143.784	15.141	9.632	143	14	8	3	3	4
72.135	284.092	2993	1598	844154	282.043	88.915	256.000	200	1043	501.205	82.831	19.954	2.930	1.062	2.956	501.173	83.139	19.741	488	65	8	24	35	22
119.036	518.637	4939	2851	1338409	270.988	68.561	250.000	200	708	182.375	97.199	16.419	4.130	1.605	4.068	182.352	97.546	16.327	157	68	8	46	54	22
1.759	13.648	73	58	18210	249.452	44.917	236.000	200	386	129.356	93.274	10.397	0.711	0.218	0.728	129.377	93.322	10.380	127	90	8	6	7	6
1.229	13.277	51	48	10869	213.118	12.249	209.000	200	246	39.451	92.961	12.431	0.889	0.473	0.789	39.443	92.961	12.452	35	91	8	9	5	10
0.482	4.990	20	17	4625	231.250	29.347	214.000	202	290	115.300	92.950	9.650	0.429	0.123	0.403	115.323	92.965	9.667	114	92	8	4	3	4
3.784	33.203	157	141	36413	231.930	26.624	224.000	200	307	147.573	123.223	13.631	1.654	0.545	1.688	147.582	123.265	13.511	144	118	8	9	12	13
0.265	3.139	11	11	2550	231.818	18.787	236.000	205	266	510.364	134.455	9.545	0.340	0.142	0.274	510.371	134.448	9.531	509	134	8	3	2	4
0.289	2.821	12	12	3012	251.000	26.139	254.000	215	292	144.500	140.500	9.000	0.344	0.124	0.428	144.522	140.492	9.001	144	140	8	2	2	3
0.554	4.814	23	23	6011	261.348	41.571	255.000	205	344	87.087	150.478	9.739	0.467	0.193	0.416	87.063	150.489	9.723	86	150	8	3	2	5
0.458	4.760	19	19	4161	219.000	15.513	217.000	200	255	57.421	164.526	10.316	0.542	0.279	0.540	57.420	164.520	10.371	57	164	8	2	2	6
0.337	3.844	14	13	3219	229.929	28.580	222.000	200	298	110.143	168.143	9.143	0.368	0.095	0.398	110.133	168.144	9.151	109	167	8	3	3	3
0.313	3.527	13	13	3014	231.846	24.152	231.000	201	271	136.308	213.538	9.538	0.381	0.162	0.295	136.303	213.560	9.549	135	213	8	3	2	4
0.241	2.751	10	10	2258	225.800	17.370	218.500	208	262	465.400	215.700	9.300	0.306	0.100	0.310	465.385	215.704	9.304	465	215	8	2	3	3
0.458	4.549	19	18	4790	252.105	46.597	239.000	201	356	138.000	218.368	9.684	0.415	0.141	0.376	138.004	218.383	9.722	137	217	8	3	3	4
0.747	6.471	31	26	8462	272.968	68.312	245.000	200	412	195.806	219.484	10.355	0.506	0.161	0.452	195.754	219.496	10.331	195	218	8	3	4	5
0.458	5.625	19	19	4066	214.000	10.312	213.000	200	234	464.842	223.421	9.526	0.484	0.223	0.445	464.841	223.446	9.540	464	220	8	3	7	4
1.470	10.192	61	48	17003	278.738	60.927	258.000	200	433	106.967	233.820	10.574	0.700	0.251	0.677	106.953	233.841	10.567	105	232	8	5	4	6
0.410	4.038	17	17	3916	230.353	25.904	233.000	202	290	148.882	234.471	9.824	0.399	0.149	0.411	148.893	234.445	9.825	148	234	8	3	2	4
1.880	12.732	78	62	21602	276.949	78.146	239.500	202	523	97.821	237.205	10.346	0.702	0.200	0.682	97.892	237.173	10.329	95	235	8	6	6	6
0.964	8.340	40	35	9784	244.600	36.263	232.500	201	342	272.000	267.475	10.300	0.639	0.271	0.580	271.985	267.459	10.278	271	266	8	3	5	6
2.266	15.412	94	72	23758	252.745	44.907	239.000	200	378	287.064	274.904	10.521	0.779	0.239	0.785	287.098	274.826	10.518	285	271	8	5	9	6
0.362	4.232	15	14	3676	245.067	37.440	241.000	200	336	407.000	276.200	9.867	0.403	0.144	0.407	406.996	276.197	9.866	406	275	8	3	3	4
1.711	11.445	71	56	19269	271.394	47.740	264.000	200	378	375.648	282.634	10.507	0.704	0.223	0.638	375.620	282.619	10.506	373	281	8	6	5	6
1.639	11.021	68	53	22805	335.368	119.873	298.500	203	696	337.103	282.750	10.662	0.702	0.223	0.680	337.080	282.777	10.668	335	281	8	5	4	6
0.410	4.038	17	17	3837	225.706	19.846	224.000	200	268	350.588	296.118	9.824	0.411	0.174	0.402	350.592	296.104	9.834	350	295	8	2	3	4
1.205	8.711	50	38	14503	290.060	82.236	264.000	200	501	378.240	320.480	10.200	0.612	0.169	0.601	378.226	320.482	10.137	376	319	8	5	4	5
0.265	3.527	11	10	2638	239.818	36.842	230.000	202	312	336.000	344.909	9.455	0.357	0.125	0.317	335.985	344.908	9.453	335	344	8	3	3	4
3.230	22.078	134	111	29868	222.896	14.988	221.500	200	261	175.291	55.642	13.127	0.981	0.364	0.979	175.287	55.665	13.116	173	50	9	6	12	8
2.217	13.384	92	69	24406	265.283	56.864	251.000	200	416	188.500	57.891	12.576	0.779	0.252	0.723	188.508	57.956	12.475	187	55	9	4	6	7
0.506	5.255	21	21	4865	231.667	21.511	223.000	202	271	121.714	76.190	10.524	0.433	0.158	0.392	121.750	76.221	10.516	120	75	9	4	3	4
11.038	75.191	458	369	111301	243.015	36.283	235.000	200	388	126.749	72.476	14.410	1.895	0.713	1.894	126.588	72.373	14.355	118	61	9	17	23	13
0.337	3.456	14	14	3273	233.786	26.507	232.500	201	291	129.143	117.571	10.000	0.350	0.122	0.406	129.150	117.586	10.008	128	117	9	3	2	3
4.001	27.507	166	125	61159	368.428	211.769	273.000	200	1175	172.488	166.488	15.398	1.668	0.996	1.512	172.689	166.793	14.362	168	163	9	8	8	17
0.844	7.123	35	31	9181	262.314	50.073	250.000	201	386	185.229	174.771	11.229	0.561	0.211	0.536	185.249	174.770	11.168	184	173	9	3	4	5
0.675	5.960	28	26	7811	278.964	56.465	266.500	204	414	158.000	181.786	10.643	0.492	0.173	0.440	157.992	181.762	10.674	157	181	9	3	3	5
0.289	3.333	12	12	2737	228.083	20.129	227.500	201	268	358.250	215.417	10.667	0.364	0.163	0.320	358.250	215.395	10.668	357	215	9	3	2	4
0.916	7.123	38	34	10861	285.816	74.028	267.000	201	498	349.026	217.895	11.632	0.573	0.239	0.582	349.058	217.908	11.589	348	217	9	3	3	6
0.337	4.162	14	14	3159	225.643	16.232	225.500	201	251	162.143	222.143	10.143	0.402	0.179	0.400	162.162	222.134	10.121	161	221	9	4	3	4
1.808	14.671	75	63	18747	249.960	42.693	239.000	200	356	236.067	223.667	11.547	0.721	0.227	0.748	236.091	223.697	11.550	233	221	9	7	6	6
1.036	8.270	43	36	12374	287.767	69.167	277.000	202	418	203.395	223.581	11.395	0.591	0.200	0.567	203.368	223.568	11.404	202	222	9	4	4	6
7.013	34.984	291	193	75935	260.945	71.679	235.000	200	576	486.337	239.340	14.168	1.232	0.436	1.179	486.553	239.355	13.988	481	236	9	13	7	12
0.506	5.907	21	21	4857	231.286	24.912	228.000	202	284	385.810	239.333	11.714	0.675	0.329	0.675	385.785	239.314	11.712	384	239	9	4	2	7
0.410	4.302	17	17	4530	266.471	36.184	272.000	201	316	233.588	246.294	11.294	0.458	0.213	0.436	233.581	246.336	11.232	233	245	9	2	3	5
0.578	5.255	24	22	7226	301.083	73.888	282.500	201	453	499.042	268.708	11.375	0.473	0.178	0.400	499.095	268.657	11.327	498	268	9	3	3	5
0.627	5.836	26	24	7285	280.192	68.708	251.000	200	423	349.154	274.500	11.000	0.515	0.211	0.460	349.185	274.510	11.032	348	273	9	3	4	5
0.819	6.736	34	30	10001	294.147	75.576	270.000	204	506	40.029	280.941	11.618	0.526	0.207	0.435	40.049	280.935	11.603	39	280	9	3	3	6
1.326	10.121	55	45	13024	236.800	30.945	230.000	200	315	235.727	281.200	11.709	0.659	0.234	0.612	235.726	281.203	11.710	234	280	9	5	4	6
0.241	2.821	10	10	2078	207.800	7.115	206.500	200	222	413.600	287.400	10.500	0.332	0.143	0.265	413.599	287.394	10.510	413	287	9	2	2	4
0.313	3.262	13	13	3226	248.154	36.168	237.000	211	328	332.538	287.923	10.077	0.340	0.122	0.378	332.550	287.928	10.079	332	287	9	2	3	3
0.386	4.232	16	15	3619	226.188	17.755	223.500	202	260	140.750	290.688	10.562	0.408	0.155	0.363	140.743	290.684	10.565	140	290	9	3	3	4
0.675	6.348	28	25	6356	227.000	21.241	224.500	200	279	387.214	293.000	11.143	0.526	0.198	0.460	387.198	292.997	11.141	386	292	9	4	3	5
0.337	3.968	14	14	2951	210.786	10.489	206.500	200	236	441.714	326.214	9.643	0.398	0.141	0.405	441.736	326.228	9.647	440	325	9	4	3	3
1.711	12.749	71	55	18765	264.296	66.938	241.000	200	442	221.282	380.225	11.775	0.767	0.353	0.645	221.182	380.261	11.680	219	377	9	6	6	8
0.844	7.829	35	31	8047	229.914	21.634	226.000	200	278	220.886	400.914	11.400	0.623	0.285	0.613	220.882	400.931	11.369	219	400	9	4	3	7
0.506	4.673	21	19	4862	231.524	27.946	229.000	200	297	147.857	14.000	11.667	0.430	0.134	0.385	147.860	13.994	11.662	147	13	10	3	3	4
3.278	21.564	136	103	40447	297.404	87.508	274.000	200	567	146.110	134.625	15.610	1.190	0.531	1.125	146.100	134.624	15.467	143	132	10	7	6	12
0.651	6.207	27	26	6360	235.556	31.267	229.000	201	312	508.259	156.556	11.741	0.504	0.206	0.476	508.236	156.495	11.761	507	155	10	3	5	5
0.337	3.844	14	13	3077	219.786	17.165	213.000	201	257	167.214	194.714	11.357	0.378	0.133	0.340	167.209	194.711	11.352	166	194	10	3	3	4
0.795	6.401	33	29	9411	285.182	65.154	281.000	202	436	469.848	206.242	11.667	0.514	0.147	0.525	469.918	206.263	11.641	468	205	10	4	4	4
8.219	40.873	341	207	111478	326.915	153.561	277.000	200	1103	230.334	203.422	17.067	1.543	0.655	1.543	229.965	203.776	16.590	226	198	10	9	11	14
2.193	13.825	91	65	27869	306.253	97.582	278.000	201	608	318.000	218.473	12.846	0.747	0.176	0.741	318.067	218.556	12.843	316	215	10	5	7	6
2.193	14.724	91	72	24705	271.484	61.583	255.000	202	460	460.978	217.275	13.308	0.787	0.268	0.770	460.969	217.407	13.245	459	213	10	4	9	7
1.422	11.355	59	50	14967	253.678	46.172	234.000	201	385	237.932	249.695	13.915	0.780	0.362	0.719	237.890	249.765	13.756	236	248	10	5	4	8
0.627	6.224	26	22	6221	239.269	34.989	221.000	200	302	417.500	256.462	12.308	0.516	0.188	0.482	417.501	256.467	12.302	416	255	10	4	4	5
0.265	3.333	11	10	2632	239.273	36.873	235.000	200	315	350.182	327.818	11.000	0.357	0.096	0.395	350.170	327.809	11.025	349	327	10	3	3	3
1.880	12.766	78	61	18800	241.026	33.224	232.000	201	338	293.679	327.897	13.628	0.823	0.345	0.718	293.712	327.909	13.567	292	326	10	4	5	8
0.819	7.123	34	32	8469	249.088	42.437	240.500	203	364	187.941	350.971	12.735	0.604	0.295	0.548	187.956	351.005	12.658	187	350	10	3	3	7
0.916	8.534	38	35	8956	235.684	26.111	229.000	201	294	144.237	5.711	14.105	0.682	0.318	0.635	144.246	5.720	14.090	143	4	11	4	4	7
1.591	11.408	66	52	17951	271.985	62.426	253.500	200	422	155.364	12.909	14.273	0.774	0.316	0.734	155.357	12.924	14.218	154	11	11	4	5	7
2.482	18.074	103	84	24205	235.000	29.471	232.000	200	333	182.680	53.447	13.631	0.891	0.393	0.843	182.694	53.387	13.634	181	50	11	5	8	9
0.627	5.836	26	25	5880	226.154	17.706	225.500	202	256	128.731	56.000	13.192	0.547	0.224	0.499	128.730	56.020	13.173	128	55	11	3	3	5
12.918	65.401	536	326	161792	301.851	117.410	257.000	200	883	200.455	63.517	21.354	1.949	0.833	1.812	200.483	63.240	20.863	194	58	11	13	13	19
1.542	11.549	64	55	18252	285.188	76.919	259.500	200	512	152.109	72.984	14.156	0.792	0.429	0.669	152.153	72.946	13.985	151	71	11	3	5	10
2.555	17.579	106	83	26490	249.906	37.161	245.500	200	352	509.311	73.349	16.736	0.946	0.428	0.896	509.303	73.363	16.680	506	71	11	6	6	11
0.578	5.061	24	22	5741	239.208	29.453	230.500	203	313	158.125	79.792	12.292	0.456	0.149	0.406	158.145	79.784	12.260	157	79	11	3	3	4
0.723	8.658	30	27	6664	222.133	16.214	217.500	201	252	157.767	115.867	14.933	0.958	0.407	0.943	157.786	115.875	14.884	156	114	11	5	5	9
22.438	151.749	931	721	227701	244.577	47.036	229.000	200	474	159.786	134.652	20.267	2.709	1.090	2.628	159.866	134.902	20.320	143	118	11	27	30	19
0.458	4.549	19	19	4913	258.579	52.217	253.000	203	363	171.421	142.842	12.316	0.434	0.173	0.368	171.440	142.850	12.273	170	142	11	3	3	4
3.230	19.150	134	93	36812	274.716	59.519	257.500	200	463	146.381	191.970	14.470	0.958	0.341	0.878	146.396	191.922	14.500	144	188	11	5	9	8
0.747	7.882	31	30	7364	237.548	29.818	231.000	201	316	171.194	192.097	14.452	0.730	0.376	0.709	171.198	192.041	14.504	170	190	11	3	6	7
1.567	12.572	65	54	16027	246.569	38.448	240.000	200	333	154.692	198.723	14.077	0.833	0.428	0.774	154.663	198.771	13.976	153	197	11	4	5	10
0.699	5.890	29	25	6769	233.414	23.553	228.000	206	294	230.552	293.966	12.621	0.494	0.144	0.467	230.553	293.960	12.632	229	293	11	4	3	4
1.181	10.580	49	46	11091	226.347	18.700	222.000	200	277	195.673	297.306	15.000	0.762	0.353	0.802	195.666	297.335	14.986	194	295	11	4	5	8
0.723	6.542	30	26	7150	238.333	33.548	229.000	200	316	374.633	313.067	13.633	0.516	0.171	0.508	374.623	313.084	13.640	373	312	11	4	3	5
3.013	17.916	125	83	34335	274.680	65.778	256.000	200	465	230.448	316.720	14.184	0.866	0.238	0.841	230.487	316.632	14.213	227	314	11	7	7	7
0.362	3.844	15	15	4055	270.333	55.690	245.000	209	373	436.533	342.000	12.733	0.374	0.145	0.315	436.533	342.012	12.762	436	341	11	2	3	4
0.651	5.713	27	25	6774	250.889	41.856	241.000	201	347	332.963	372.370	13.037	0.514	0.206	0.479	332.941	372.376	13.050	332	371	11	3	3	5
1.133	9.169	47	41	11192	238.128	27.185	231.000	200	297	174.681	382.234	13.660	0.666	0.284	0.620	174.678	382.235	13.645	173	380	11	4	5	7
0.313	3.333	13	13	2948	226.769	18.579	227.000	206	267	195.615	391.231	12.000	0.351	0.127	0.406	195.621	391.230	12.005	195	390	11	2	3	3
0.337	3.720	14	14	3153	225.214	14.230	223.000	205	254	175.714	392.429	12.500	0.384	0.158	0.300	175.714	392.421	12.507	175	392	11	3	2	4
0.916	7.635	38	33	9691	255.026	41.616	243.500	204	352	136.816	55.553	14.158	0.592	0.222	0.546	136.819	55.545	14.157	136	54	12	3	4	6
1.856	13.595	77	62	19985	259.545	50.508	243.000	202	417	148.507	85.610	15.987	0.863	0.387	0.810	148.446	85.631	15.889	146	84	12	6	5	9
19.835	107.652	823	558	208334	253.140	50.013	239.000	200	533	204.802	110.524	19.949	1.994	0.789	1.913	204.969	110.511	19.887	192	102	12	22	16	16
0.506	4.549	21	21	4835	230.238	21.338	230.000	204	268	218.238	128.571	13.667	0.454	0.173	0.479	218.251	128.578	13.654	217	128	12	3	3	4
1.036	7.882	43	33	10962	254.930	47.889	239.000	202	377	156.465	129.605	14.233	0.593	0.176	0.517	156.453	129.627	14.184	155	128	12	4	4	5
0.362	3.720	15	15	3331	222.067	18.057	216.000	200	251	88.467	139.333	13.333	0.408	0.168	0.336	88.460	139.342	13.335	88	138	12	2	3	4
0.699	6.665	29	27	6919	238.586	29.923	232.000	202	321	158.931	155.862	13.759	0.527	0.211	0.486	158.943	155.861	13.773	157	155	12	4	3	5
0.458	4.814	19	19	4062	213.789	8.632	212.000	202	232	190.895	159.211	13.632	0.477	0.220	0.386	190.892	159.212	13.619	190	158	12	3	3	5
1.663	10.386	69	54	23837	345.464	122.564	319.000	207	649	371.580	204.551	14.594	0.702	0.228	0.681	371.577	204.547	14.579	370	203	12	4	4	6
1.639	11.302	68	52	23047	338.926	116.782	298.000	202	605	22.691	207.324	15.618	0.778	0.312	0.715	22.646	207.330	15.595	21	206	12	4	4	8
0.916	7.424	38	32	10701	281.605	67.454	269.000	203	454	222.763	208.263	14.368	0.548	0.169	0.521	222.765	208.252	14.325	221	207	12	4	4	5
0.241	3.139	10	9	2265	226.500	26.370	220.500	201	280	322.000	213.100	12.700	0.331	0.080	0.297	322.004	213.102	12.687	321	212	12	3	3	3
1.904	14.654	79	72	20745	262.595	52.483	257.000	200	446	308.924	223.316	14.570	0.883	0.309	0.941	309.113	223.249	14.528	304	221	12	10	6	5
0.651	5.836	27	24	6995	259.074	45.714	244.000	205	389	255.037	226.778	14.444	0.493	0.181	0.406	255.035	226.783	14.436	254	226	12	3	3	5
0.892	6.983	37	32	8957	242.081	33.480	234.000	201	325	435.892	271.676	14.027	0.531	0.172	0.495	435.879	271.676	14.011	435	270	12	3	4	5
0.362	3.844	15	14	3424	228.267	23.181	222.000	203	284	184.800	281.800	12.933	0.379	0.101	0.418	184.809	281.799	12.935	184	281	12	3	3	3
2.121	15.429	88	69	20119	228.625	19.923	225.500	200	283	204.295	295.909	15.443	0.833	0.315	0.790	204.264	295.887	15.470	201	293	12	8	7	8
0.337	3.720	14	14	2992	213.714	10.622	209.500	200	234	393.286	306.357	13.857	0.383	0.164	0.383	393.288	306.350	13.862	392	306	12	3	2	4
0.675	6.418	28	25	6688	238.857	28.993	235.500	202	316	339.143	316.214	14.357	0.573	0.249	0.565	339.142	316.204	14.354	338	315	12	3	3	6
0.241	2.821	10	10	2167	216.700	12.517	217.500	201	241	298.400	331.600	13.000	0.326	0.129	0.415	298.388	331.609	12.990	298	331	12	2	2	3
0.458	4.232	19	19	4443	233.842	25.498	234.000	201	282	169.211	342.474	13.789	0.436	0.180	0.388	169.236	342.482	13.804	168	342	12	3	2	4
1.060	9.276	44	40	9838	223.591	18.025	222.500	200	260	210.545	381.932	13.795	0.601	0.256	0.548	210.554	381.926	13.777	208	379	12	5	7	6
0.337	3.456	14	14	3288	234.857	22.572	235.000	202	276	214.857	384.500	13.000	0.350	0.123	0.411	214.846	384.501	13.016	214	384	12	3	2	3
0.868	7.371	36	31	9103	252.861	50.350	229.500	201	378	503.639	52.361	15.306	0.547	0.180	0.541	503.627	52.358	15.297	502	51	13	4	4	5
1.036	8.393	43	34	10418	242.279	41.224	221.000	200	332	169.465	116.535	15.512	0.581	0.178	0.605	169.469	116.503	15.491	168	115	13	4	5	6
0.241	2.821	10	10	2248	224.800	10.475	225.000	208	239	96.500	172.500	14.500	0.332	0.147	0.263	96.504	172.500	14.511	96	172	13	2	2	4
1.398	9.680	58	44	15743	271.431	57.736	256.500	201	412	312.552	228.397	15.603	0.663	0.215	0.660	312.539	228.404	15.547	311	227	13	4	4	6
0.337	3.720	14	14	3121	222.929	19.925	218.000	200	255	98.500	245.214	14.643	0.399	0.173	0.341	98.505	245.198	14.661	98	244	13	2	3	4
1.687	11.602	70	53	20585	294.071	81.309	267.000	201	530	419.129	308.129	15.900	0.719	0.240	0.682	419.124	308.122	15.906	417	306	13	5	5	7
1.181	9.293	49	43	11073	225.980	19.235	222.000	201	273	187.102	390.735	15.184	0.671	0.255	0.632	187.120	390.744	15.203	185	389	13	5	4	6
0.506	4.743	21	20	5116	243.619	40.043	235.000	200	337	232.905	412.571	14.524	0.441	0.158	0.364	232.903	412.579	14.539	232	412	13	3	3	4
1.518	15.570	63	57	14102	223.841	23.384	214.000	200	284	500.810	101.349	19.079	0.895	0.433	0.835	500.791	101.327	19.105	499	97	14	5	9	10
0.313	3.527	13	13	2800	215.385	11.449	215.000	200	233	195.231	120.538	15.385	0.363	0.146	0.328	195.235	120.533	15.381	194	120	14	3	2	4
0.458	5.007	19	19	4083	214.895	11.756	214.000	200	243	167.421	157.526	16.105	0.472	0.221	0.459	167.408	157.533	16.084	167	156	14	2	4	5
1.783	13.437	74	61	18678	252.405	32.018	252.000	200	316	147.324	181.851	17.108	0.780	0.299	0.752	147.312	181.854	17.107	144	179	14	7	6	7
0.289	3.209	12	12	2749	229.083	20.584	226.000	200	263	387.583	191.500	15.250	0.369	0.163	0.342	387.586	191.525	15.208	387	191	14	2	2	4
0.723	6.084	30	26	7637	254.567	43.491	239.000	200	365	218.900	202.367	16.167	0.510	0.172	0.482	218.870	202.342	16.187	218	201	14	3	4	5
0.241	3.333	10	10	2093	209.300	6.516	209.000	201	221	321.900	223.600	15.400	0.385	0.166	0.342	321.903	223.603	15.401	321	223	14	3	3	4
1.446	13.049	60	51	15385	256.417	58.771	234.000	200	407	432.817	259.750	16.800	0.734	0.287	0.733	432.888	259.710	16.691	431	256	14	5	9	6
0.458	4.884	19	19	4299	226.263	17.594	227.000	203	262	481.632	268.737	15.632	0.520	0.285	0.545	481.644	268.731	15.625	481	268	14	2	3	6
2.434	15.958	101	76	27600	273.267	62.513	246.000	200	452	360.267	275.040	18.079	0.914	0.400	0.822	360.225	275.057	18.025	358	273	14	6	5	10
0.289	2.821	12	12	2736	228.000	15.356	229.000	202	254	408.500	281.500	15.000	0.344	0.124	0.428	408.502	281.484	14.991	408	281	14	2	2	3
1.085	8.675	45	40	10687	237.489	26.130	234.000	201	307	156.733	289.111	17.156	0.693	0.318	0.651	156.749	289.118	17.218	155	288	14	4	3	7
0.819	6.736	34	31	8240	242.353	32.700	232.000	203	330	227.029	300.029	16.441	0.540	0.209	0.608	227.011	300.036	16.448	226	299	14	3	3	6
0.723	6.224	30	28	7733	257.767	49.562	236.500	200	361	352.167	308.300	16.233	0.546	0.215	0.501	352.200	308.316	16.240	351	307	14	3	3	5
1.735	13.418	72	59	17206	238.972	31.564	233.000	200	333	358.708	314.667	17.528	0.855	0.394	0.750	358.749	314.616	17.624	357	313	14	5	5	9
0.578	5.255	24	21	5512	229.667	24.713	225.000	201	286	450.375	323.000	15.542	0.470	0.147	0.402	450.376	322.999	15.539	449	322	14	4	3	4
0.265	3.209	11	11	2373	215.727	10.393	215.000	201	231	254.636	330.545	15.818	0.368	0.173	0.358	254.651	330.547	15.814	254	330	14	2	2	4
1.181	9.804	49	40	12157	248.102	42.719	232.000	200	355	240.816	372.388	16.327	0.636	0.220	0.612	240.809	372.323	16.324	239	370	14	4	7	6
0.795	6.348	33	30	8705	263.788	44.847	254.000	207	383	195.030	385.939	15.697	0.513	0.185	0.453	195.002	385.958	15.690	194	385	14	3	3	5
1.326	11.198	55	50	12107	220.127	14.633	219.000	200	268	203.800	386.709	16.527	0.743	0.335	0.680	203.800	386.750	16.507	203	383	14	3	9	6
0.964	7.371	40	34	12234	305.850	83.138	289.000	203	507	271.650	396.125	16.175	0.567	0.187	0.537	271.644	396.125	16.216	270	395	14	4	3	5
0.265	2.821	11	11	2541	231.000	24.216	225.000	200	268	324.455	404.455	14.909	0.334	0.126	0.396	324.417	404.456	14.939	324	404	14	2	2	3
0.578	5.449	24	22	5275	219.792	17.295	216.500	200	265	128.167	8.042	16.708	0.506	0.209	0.443	128.170	8.028	16.726	127	7	15	3	3	5
0.747	6.595	31	27	7582	244.581	38.333	238.000	200	332	186.871	50.645	17.419	0.508	0.172	0.469	186.848	50.645	17.427	186	49	15	3	4	5
0.530	5.325	22	19	5213	236.955	36.965	221.500	200	338	140.000	77.955	17.091	0.464	0.171	0.440	139.997	77.960	17.079	139	77	15	3	3	5
0.265	3.209	11	11	2302	209.273	7.901	207.000	200	224	132.545	88.455	16.455	0.388	0.178	0.276	132.553	88.454	16.459	132	88	15	2	2	4
0.434	4.549	18	17	4135	229.722	20.970	228.500	201	278	165.889	127.722	16.333	0.428	0.154	0.386	165.863	127.726	16.324	165	127	15	3	3	4
0.506	5.502	21	21	4443	211.571	10.058	210.000	200	233	223.000	131.857	16.429	0.451	0.197	0.396	223.006	131.847	16.431	221	131	15	5	4	4
0.362	4.162	15	14	3236	215.733	10.402	213.000	200	238	234.733	195.133	16.000	0.386	0.108	0.414	234.732	195.127	16.008	233	194	15	4	3	3
0.241	2.627	10	10	2478	247.800	22.205	251.000	209	294	312.500	206.400	15.800	0.320	0.121	0.350	312.472	206.397	15.785	312	206	15	2	2	3
0.506	5.325	21	18	5361	255.286	48.374	246.000	203	384	199.952	238.000	16.905	0.470	0.174	0.463	199.954	238.009	16.900	199	237	15	3	3	5
0.434	4.937	18	17	4024	223.556	17.164	218.500	202	257	354.167	293.222	16.778	0.475	0.216	0.415	354.172	293.237	16.763	353	292	15	3	4	5
0.506	4.743	21	19	5156	245.524	36.978	240.000	205	332	343.667	296.952	16.571	0.439	0.145	0.371	343.669	296.952	16.573	343	296	15	3	3	4
1.326	12.342	55	48	12814	232.982	25.542	229.000	200	300	205.327	374.455	18.836	0.912	0.475	0.839	205.314	374.452	18.828	203	373	15	5	4	10
1.783	15.621	74	70	16438	222.135	18.229	216.000	200	281	171.811	28.500	23.270	1.340	0.753	1.315	171.804	28.508	23.314	170	27	16	5	4	14
11.111	55.968	461	301	147260	319.436	169.389	252.000	200	1234	187.358	30.095	23.978	1.675	0.692	1.593	187.012	29.847	23.152	183	22	16	12	19	14
1.181	9.804	49	45	11605	236.837	32.205	230.000	201	329	193.755	57.653	18.878	0.742	0.379	0.624	193.725	57.694	18.803	192	55	16	4	5	8
1.783	12.678	74	59	18430	249.054	43.484	234.000	200	375	158.865	87.716	19.703	0.776	0.322	0.702	158.868	87.756	19.667	157	85	16	5	6	8
13.400	63.833	556	335	140191	252.142	41.800	244.000	200	448	199.721	96.333	22.478	1.526	0.507	1.540	199.771	96.333	22.390	194	91	16	14	12	13
0.988	7.758	41	36	11134	271.561	61.240	256.000	201	416	152.000	101.220	18.561	0.608	0.245	0.616	152.052	101.224	18.516	151	100	16	3	4	6
0.482	5.184	20	20	4300	215.000	9.894	215.000	201	232	164.400	104.950	18.200	0.473	0.224	0.443	164.404	104.955	18.202	163	103	16	3	5	5
0.265	3.262	11	10	2574	234.000	27.229	230.000	205	289	306.818	240.909	16.909	0.345	0.095	0.332	306.818	240.923	16.882	306	240	16	3	3	3
0.386	3.844	16	16	3605	225.312	16.969	224.000	204	254	241.062	303.562	17.750	0.406	0.172	0.357	241.081	303.561	17.759	240	303	16	3	2	4
0.265	3.527	11	11	2399	218.091	19.300	207.000	201	253	347.727	309.455	17.636	0.432	0.243	0.291	347.751	309.468	17.603	347	309	16	3	2	5
1.229	9.433	51	46	12821	251.392	42.991	234.000	200	362	342.275	312.667	19.118	0.688	0.295	0.596	342.242	312.647	19.187	340	312	16	5	3	7
2.555	15.623	106	79	26568	250.642	39.103	237.000	201	363	150.292	6.255	20.057	0.871	0.326	0.811	150.235	6.221	20.095	148	4	17	6	6	8
0.771	7.177	32	27	7951	248.469	44.574	235.500	200	354	136.531	39.688	19.469	0.546	0.195	0.593	136.543	39.698	19.459	135	38	17	4	4	6
0.458	4.355	19	18	4272	224.842	18.084	224.000	201	259	191.368	62.053	18.368	0.415	0.153	0.373	191.373	62.051	18.355	190	61	17	3	3	4
1.615	12.448	67	52	16444	245.433	44.248	230.000	200	363	509.672	77.910	20.478	0.789	0.338	0.717	509.653	77.966	20.368	508	75	17	4	6	8
2.507	21.159	104	91	24851	238.952	43.842	223.500	200	392	216.587	115.327	22.298	1.235	0.622	1.215	216.588	115.493	22.027	214	111	17	7	9	13
0.265	2.821	11	11	2481	225.545	11.396	224.000	206	245	229.545	124.455	17.909	0.334	0.126	0.396	229.544	124.448	17.898	229	124	17	2	2	3
0.241	2.681	10	10	2088	208.800	4.541	210.000	201	215	185.500	152.000	17.500	0.296	0.056	0.340	185.502	152.004	17.497	185	151	17	2	3	2
0.410	4.038	17	17	4122	242.471	40.039	230.000	200	324	187.941	229.471	18.706	0.404	0.159	0.380	187.942	229.464	18.710	187	229	17	3	2	4
0.434	4.566	18	18	3960	220.000	14.888	218.000	200	247	53.500	229.444	19.556	0.519	0.270	0.587	53.497	229.429	19.583	53	229	17	2	2	6
0.313	3.720	13	13	2829	217.615	17.443	209.000	200	249	191.308	293.231	18.231	0.375	0.158	0.351	191.293	293.244	18.230	191	292	17	2	3	4
2.121	15.323	88	70	20970	238.295	29.636	233.000	200	316	362.614	301.466	20.227	0.786	0.239	0.800	362.679	301.505	20.221	359	299	17	8	6	7
0.530	5.766	22	21	4880	221.818	20.669	214.500	200	265	334.545	378.091	18.955	0.506	0.216	0.450	334.543	378.092	18.950	333	377	17	4	3	5
0.386	3.844	16	16	3809	238.062	27.920	228.500	201	288	299.250	390.500	18.250	0.399	0.165	0.359	299.267	390.520	18.253	298	390	17	3	2	4
0.265	3.403	11	11	2408	218.909	14.010	219.000	200	240	180.727	46.182	19.545	0.392	0.174	0.302	180.738	46.200	19.538	180	45	18	2	3	4
0.627	5.572	26	24	6102	234.692	26.789	233.000	200	300	217.115	123.885	20.308	0.492	0.177	0.461	217.122	123.880	20.329	216	123	18	3	3	5
6.724	39.463	279	209	64777	232.176	25.022	229.000	200	345	176.158	155.355	25.082	1.426	0.598	1.386	176.142	155.438	25.007	172	150	18	8	14	12
0.313	3.403	13	13	3104	238.769	29.101	228.000	208	285	416.385	250.538	19.385	0.394	0.174	0.307	416.372	250.549	19.389	416	250	18	2	2	4
2.820	18.003	117	86	29489	252.043	37.148	248.000	201	346	450.650	250.692	20.915	0.848	0.242	0.851	450.591	250.757	20.943	447	247	18	8	7	7
0.313	3.527	13	13	3177	244.385	30.772	246.000	203	304	177.692	258.615	19.462	0.380	0.161	0.292	177.698	258.627	19.441	177	258	18	3	2	4
0.506	4.867	21	19	5037	239.857	26.887	241.000	200	299	154.905	272.143	19.429	0.448	0.150	0.382	154.920	272.174	19.405	154	271	18	3	3	4
0.265	3.139	11	11	2324	211.273	8.344	209.000	202	225	153.273	277.545	19.000	0.329	0.123	0.412	153.270	277.546	19.001	152	277	18	3	2	3
0.675	6.154	28	24	6670	238.214	33.908	231.000	201	305	231.607	281.143	19.857	0.499	0.174	0.461	231.602	281.144	19.822	230	280	18	4	3	5
4.411	25.956	183	135	47942	261.978	52.802	244.000	200	417	235.519	300.503	25.929	1.155	0.547	1.038	235.378	300.483	26.097	232	298	18	9	6	12
0.362	4.302	15	15	3515	234.333	36.527	218.000	200	306	309.133	313.400	19.800	0.429	0.209	0.407	309.123	313.403	19.818	308	313	18	3	2	5
0.482	4.549	20	20	4432	221.600	14.431	221.000	201	247	307.950	368.450	19.400	0.425	0.160	0.364	307.954	368.445	19.405	307	368	18	4	2	4
0.241	2.821	10	10	2148	214.800	9.247	216.000	200	230	209.500	383.500	19.500	0.332	0.147	0.263	209.503	383.503	19.495	209	383	18	2	2	4
0.410	4.603	17	17	3627	213.353	9.676	210.000	200	236	294.059	388.412	18.824	0.425	0.167	0.423	294.060	388.396	18.831	293	387	18	3	5	3
1.133	8.323	47	40	11932	253.872	41.996	239.000	202	363	179.043	33.574	20.957	0.598	0.193	0.552	179.042	33.594	20.923	178	32	19	4	5	5
2.025	17.686	84	75	19745	235.060	30.036	226.500	200	327	166.845	159.476	24.060	1.221	0.540	1.238	166.833	159.472	24.009	165	156	19	5	10	11
3.350	22.870	139	117	32528	234.014	29.180	227.000	200	345	485.619	269.187	25.309	1.104	0.491	0.990	485.605	269.107	25.314	484	263	19	4	12	11
0.410	4.038	17	17	3793	223.118	18.688	213.000	203	259	402.176	334.529	20.353	0.407	0.156	0.351	402.187	334.529	20.352	401	334	19	3	2	4
1.542	10.526	64	52	20903	326.609	108.370	292.500	201	633	229.828	405.812	22.141	0.733	0.279	0.696	229.820	405.826	22.146	228	404	19	4	4	7
0.578	5.007	24	24	6212	258.833	49.573	254.000	200	362	493.542	55.958	22.167	0.485	0.212	0.453	493.535	55.938	22.149	493	55	20	2	3	5
9.086	49.874	377	281	98466	261.183	53.666	246.000	200	407	207.435	82.135	27.095	1.552	0.638	1.472	207.454	82.074	27.180	203	72	20	10	21	10
9.279	49.162	385	268	114233	296.709	117.840	255.000	200	877	220.774	104.104	25.340	1.491	0.497	1.524	220.989	103.797	25.132	217	96	20	8	17	10
15.545	62.393	645	365	192359	298.231	102.361	258.000	200	712	228.743	113.298	25.685	1.562	0.439	1.559	229.078	112.772	25.530	221	107	20	14	16	10
0.603	5.960	25	22	5431	217.240	16.236	213.000	200	252	188.840	126.480	22.320	0.494	0.184	0.477	188.846	126.483	22.324	188	125	20	3	4	5
0.362	3.580	15	15	3312	220.800	12.225	219.000	204	242	484.933	221.600	21.000	0.356	0.123	0.403	484.925	221.601	21.019	484	221	20	3	3	3
0.916	7.635	38	31	9618	253.105	45.570	240.000	203	363	355.342	255.789	22.316	0.589	0.219	0.556	355.369	255.778	22.333	354	254	20	4	4	6
1.735	11.215	72	54	18603	258.375	45.369	253.000	200	381	440.542	269.806	23.014	0.710	0.229	0.622	440.530	269.814	23.038	439	268	20	4	5	7
1.542	11.038	64	52	18325	286.328	67.046	263.500	203	462	82.406	318.188	23.750	0.762	0.322	0.705	82.381	318.166	23.763	81	317	20	4	4	8
3.230	20.066	134	97	32795	244.739	34.264	239.500	200	331	171.993	13.679	25.701	0.948	0.340	0.914	171.981	13.685	25.720	169	11	21	7	6	9
1.542	11.743	64	53	15215	237.734	28.951	231.000	201	301	174.734	59.141	25.188	0.813	0.369	0.741	174.732	59.142	25.185	173	58	21	4	4	9
0.241	2.627	10	10	2148	214.800	10.108	213.500	201	228	196.500	74.600	22.200	0.320	0.121	0.350	196.499	74.614	22.211	196	74	21	2	2	3
1.350	10.950	56	50	12689	226.589	21.064	220.500	200	287	380.393	163.482	23.268	0.639	0.216	0.670	380.393	163.490	23.260	379	160	21	4	7	5
0.337	3.650	14	14	3378	241.286	35.720	232.500	203	304	203.429	287.786	22.429	0.380	0.156	0.322	203.415	287.778	22.443	203	287	21	2	3	4
0.795	6.789	33	28	7720	233.939	24.861	226.000	200	293	473.939	293.545	23.303	0.543	0.185	0.526	473.932	293.550	23.308	473	292	21	3	4	5
0.265	3.139	11	11	2367	215.182	11.626	212.000	203	238	162.364	13.727	23.000	0.327	0.123	0.406	162.362	13.736	22.987	162	13	22	2	3	3
6.435	41.833	267	227	64382	241.131	33.699	234.000	200	371	172.333	42.307	27.693	1.624	0.714	1.657	172.225	42.293	27.740	164	38	22	21	12	8
0.747	6.612	31	28	7334	236.581	27.133	232.000	201	308	180.839	65.871	24.323	0.557	0.249	0.502	180.830	65.876	24.293	180	65	22	3	3	6
3.615	19.150	150	99	41857	279.047	60.296	270.000	200	428	483.420	95.347	26.067	0.946	0.274	0.914	483.385	95.305	26.132	481	93	22	6	7	8
0.578	5.589	24	23	5646	235.250	25.611	231.000	200	287	497.625	108.667	24.792	0.552	0.263	0.503	497.627	108.659	24.796	497	108	22	3	3	6
0.603	5.502	25	23	5599	223.960	15.445	222.000	202	259	160.360	114.720	23.440	0.463	0.148	0.440	160.347	114.718	23.444	159	114	22	4	3	4
2.796	18.251	116	93	29743	256.405	43.169	248.500	201	382	146.621	118.241	25.957	0.929	0.379	0.884	146.671	118.251	25.932	142	117	22	9	4	8
2.193	18.180	91	85	22166	243.582	53.568	221.000	200	442	248.538	129.220	27.077	0.955	0.362	0.912	248.343	129.055	27.223	245	125	22	8	8	8
1.759	13.772	73	62	18537	253.932	37.599	247.000	201	347	379.082	149.822	25.863	0.868	0.384	0.806	379.127	149.859	25.823	376	148	22	7	6	8
0.386	4.426	16	15	3962	247.625	31.998	245.500	203	317	104.688	154.750	24.188	0.447	0.201	0.376	104.681	154.748	24.202	104	154	22	3	3	5
1.808	12.378	75	60	17735	236.467	32.337	227.000	202	334	207.733	193.413	25.427	0.805	0.327	0.720	207.742	193.396	25.476	205	192	22	6	4	8
0.482	4.232	20	20	4656	232.800	20.608	229.000	204	279	477.500	230.000	23.500	0.431	0.166	0.340	477.505	230.015	23.502	477	229	22	2	3	4
1.253	9.751	52	45	12758	245.346	33.321	241.500	200	330	160.654	0.865	25.615	0.637	0.216	0.636	160.676	0.846	25.622	159	0	23	5	4	6
0.844	7.635	35	34	8728	249.371	41.913	237.000	200	366	187.743	2.457	26.857	0.709	0.368	0.748	187.781	2.467	26.999	187	1	23	3	4	7
0.988	10.897	41	40	8909	217.293	15.338	213.000	200	275	202.293	41.537	25.610	0.811	0.345	0.743	202.303	41.548	25.563	201	38	23	4	8	7
2.940	18.023	122	94	32484	266.262	56.360	250.000	201	442	160.008	73.910	27.016	0.903	0.320	0.850	159.990	73.781	27.196	157	69	23	7	9	7
0.675	6.595	28	25	6099	217.821	15.100	213.500	200	250	188.250	87.821	25.250	0.551	0.237	0.493	188.239	87.807	25.271	187	87	23	4	3	6
0.699	6.471	29	26	7287	251.276	41.812	235.000	203	342	151.724	150.552	24.828	0.547	0.205	0.496	151.699	150.578	24.770	151	149	23	3	4	5
3.350	19.998	139	106	33029	237.619	31.901	228.000	200	339	193.230	188.072	27.079	0.923	0.316	0.896	193.170	188.067	27.170	190	184	23	7	10	7
3.760	25.216	156	118	39039	250.250	43.611	241.500	200	377	365.994	221.397	26.891	1.058	0.394	1.023	366.030	221.469	26.959	362	215	23	8	13	7
0.964	9.152	40	37	8868	221.700	19.609	218.500	200	284	285.800	229.650	26.575	0.724	0.314	0.679	285.791	229.679	26.644	284	228	23	4	5	7
0.265	2.821	11	11	2494	226.727	17.516	223.000	203	258	467.545	262.455	23.909	0.334	0.126	0.396	467.549	262.431	23.924	467	262	23	2	2	3
0.747	6.612	31	28	7620	245.806	33.530	241.000	200	321	462.742	264.097	25.419	0.576	0.258	0.571	462.727	264.099	25.423	462	263	23	3	3	6
0.313	3.209	13	13	3081	237.000	23.899	236.000	201	278	279.538	369.538	24.846	0.378	0.164	0.374	279.564	369.531	24.884	279	369	23	2	2	4
0.940	7.952	39	32	9997	256.333	48.314	231.000	203	372	212.538	62.385	26.410	0.583	0.200	0.572	212.547	62.400	26.394	211	61	24	4	4	6
0.313	3.456	13	13	2878	221.385	14.683	222.000	200	248	215.154	96.462	25.462	0.348	0.130	0.319	215.159	96.466	25.456	214	96	24	3	2	4
1.350	9.557	56	47	14958	267.107	50.440	263.500	201	404	157.071	99.232	26.661	0.683	0.258	0.661	157.031	99.207	26.708	156	97	24	4	5	6
1.350	9.363	56	47	15047	268.696	56.216	261.000	200	429	505.857	100.304	27.196	0.657	0.236	0.630	505.883	100.257	27.354	505	98	24	3	5	6
0.337	3.403	14	14	3314	236.714	16.245	239.500	214	260	171.500	119.429	25.286	0.404	0.176	0.336	171.508	119.437	25.284	171	119	24	2	2	4
0.265	3.403	11	11	2387	217.000	16.894	211.000	200	252	159.727	131.818	25.727	0.386	0.164	0.356	159.732	131.819	25.739	159	131	24	2	3	4
0.699	6.665	29	26	7670	264.483	48.936	254.000	200	370	384.448	157.207	25.966	0.546	0.208	0.485	384.464	157.157	25.990	383	156	24	4	4	5
0.627	6.277	26	24	5990	230.385	23.673	227.500	201	292	209.231	199.923	26.154	0.516	0.238	0.452	209.219	199.933	26.139	208	198	24	4	4	6
0.554	5.642	23	20	5398	234.696	29.644	225.000	203	306	316.696	293.000	26.217	0.483	0.169	0.438	316.694	292.992	26.217	315	292	24	4	3	5
8.556	49.685	355	290	94870	267.239	64.219	248.000	200	540	244.738	117.208	27.955	1.498	0.623	1.486	244.798	117.437	27.988	236	105	25	19	19	5
1.229	8.306	51	46	16340	320.392	78.101	315.000	201	524	433.020	124.118	27.824	0.584	0.185	0.566	433.008	124.055	27.915	432	121	25	3	6	5
0.603	5.255	25	23	6257	250.280	36.845	249.000	205	344	389.080	153.920	26.520	0.472	0.150	0.407	389.058	153.919	26.529	388	153	25	3	3	4
1.856	12.574	77	64	19227	249.701	39.149	240.000	200	380	315.974	218.442	27.610	0.723	0.214	0.681	315.912	218.470	27.561	314	215	25	6	8	5
0.337	3.262	14	14	3126	223.286	13.997	222.000	200	252	324.929	229.571	26.286	0.343	0.111	0.317	324.926	229.572	26.293	324	229	25	3	2	3
0.410	4.549	17	15	3910	230.000	27.416	222.000	200	273	191.235	323.353	26.294	0.405	0.129	0.371	191.249	323.376	26.296	190	322	25	3	4	4
0.241	2.945	10	10	2606	260.600	40.675	253.000	204	340	266.600	429.200	25.900	0.314	0.120	0.343	266.615	429.194	25.909	266	428	25	2	3	3
0.868	7.530	36	34	8062	223.944	17.208	223.000	200	265	173.667	50.139	28.111	0.536	0.194	0.507	173.665	50.135	28.130	172	48	26	6	5	4
0.554	4.867	23	23	5026	218.522	12.402	218.000	201	240	197.565	53.609	27.913	0.426	0.146	0.425	197.572	53.617	27.934	197	52	26	2	4	4
0.241	2.945	10	10	2122	212.200	9.727	208.000	201	228	154.300	109.100	27.100	0.321	0.129	0.323	154.293	109.082	27.118	154	108	26	2	3	3
0.386	4.038	16	16	3713	232.062	27.108	227.500	201	281	508.062	144.625	27.938	0.386	0.157	0.411	508.065	144.633	27.973	507	144	26	3	2	4
0.241	3.209	10	10	2187	218.700	21.119	208.000	201	253	180.900	179.100	27.900	0.372	0.190	0.385	180.908	179.093	27.906	180	178	26	2	3	4
0.434	4.355	18	18	4068	226.000	24.115	218.000	203	279	308.333	251.333	27.944	0.429	0.181	0.432	308.345	251.325	27.991	307	250	26	3	3	4
0.386	4.496	16	14	3743	233.938	26.985	227.000	201	295	162.000	302.000	27.875	0.421	0.135	0.422	162.010	302.004	27.881	161	301	26	3	3	4
0.747	6.508	31	29	6754	217.871	14.971	214.000	200	259	193.129	21.903	28.194	0.472	0.126	0.469	193.168	21.909	28.223	191	20	27	5	4	3
0.530	4.726	22	22	4903	222.864	19.819	217.500	200	271	168.636	33.364	28.045	0.414	0.131	0.431	168.636	33.354	28.093	168	32	27	3	4	3
0.434	4.091	18	17	4293	238.500	35.416	234.000	201	322	502.111	47.778	28.278	0.381	0.096	0.362	502.106	47.767	28.328	501	47	27	3	3	3
0.482	4.462	20	19	4550	227.500	23.043	217.500	203	278	210.300	52.750	28.500	0.377	0.095	0.383	210.316	52.744	28.518	209	51	27	4	4	3
0.530	5.625	22	22	4797	218.045	14.157	215.000	200	245	157.136	53.045	28.227	0.494	0.186	0.486	157.115	53.075	28.239	156	50	27	4	6	3
0.530	5.027	22	22	5836	265.273	53.445	255.000	204	400	478.318	69.045	28.591	0.393	0.119	0.368	478.289	69.043	28.626	477	67	27	4	5	3
0.458	4.021	19	18	5215	274.474	56.718	268.000	205	416	497.947	96.105	28.368	0.375	0.088	0.365	497.930	96.055	28.434	497	95	27	3	3	3
0.530	4.726	22	21	5103	231.955	24.498	223.500	203	279	184.864	175.591	28.273	0.414	0.107	0.426	184.846	175.569	28.302	184	174	27	3	4	3
0.241	3.139	10	10	2157	215.700	9.989	216.000	201	230	216.700	197.100	28.000	0.355	0.151	0.398	216.688	197.096	28.019	216	196	27	3	3	3
0.482	4.603	20	18	4750	237.500	29.465	232.500	204	311	236.900	224.450	28.200	0.410	0.096	0.404	236.897	224.440	28.246	236	223	27	3	4	3
0.578	5.361	24	23	6109	254.542	39.170	239.000	201	333	312.125	229.417	28.333	0.431	0.138	0.434	312.135	229.424	28.358	310	228	27	5	4	3
0.603	5.361	25	25	6089	243.560	41.328	227.000	203	351	349.280	231.760	28.280	0.427	0.132	0.429	349.303	231.794	28.324	348	230	27	4	4	3
0.410	4.091	17	17	4170	245.294	33.020	237.000	204	321	223.176	368.353	28.294	0.372	0.119	0.354	223.138	368.357	28.333	222	367	27	4	3	3
0.627	5.361	26	23	8975	345.192	128.249	294.000	202	635	135.577	407.423	28.308	0.432	0.085	0.457	135.575	407.377	28.396	134	406	27	4	4	3
0.289	3.316	12	12	2835	236.250	32.469	228.000	201	296	209.000	29.583	28.667	0.309	0.073	0.307	208.977	29.576	28.684	208	28	28	3	4	2
0.337	3.369	14	14	3283	234.500	42.025	216.000	200	316	215.286	82.500	28.714	0.325	0.083	0.353	215.322	82.517	28.744	214	81	28	3	4	2
0.506	4.445	21	21	5207	247.952	35.482	237.000	200	331	163.571	109.810	28.667	0.372	0.095	0.381	163.529	109.811	28.688	162	108	28	4	4	2
0.506	4.569	21	21	5316	253.143	48.932	236.000	201	386	252.381	110.190	28.714	0.396	0.129	0.377	252.471	110.188	28.728	250	109	28	5	4	2
0.241	2.681	10	10	2309	230.900	24.287	225.000	202	271	435.000	131.600	28.600	0.292	0.058	0.310	434.987	131.600	28.621	434	131	28	3	2	2
0.482	4.692	20	20	4540	227.000	23.551	221.500	200	274	294.350	135.550	28.800	0.402	0.151	0.378	294.339	135.537	28.819	293	133	28	4	6	2
0.241	2.487	10	10	2390	239.000	24.235	228.000	216	279	393.500	300.200	28.600	0.289	0.056	0.282	393.500	300.187	28.609	393	299	28	2	3	2
