Volume (micron^3)	Surface (micron^2)	Nb of obj. voxels	Nb of surf. voxels	IntDen	Mean	StdDev	Median	Min	Max	X	Y	Z	Mean dist. to surf. (micron)	SD dist. to surf. (micron)	Median dist. to surf. (micron)	XM	YM	ZM	BX	BY	BZ	B-width	B-height	B-depth
4.772	48.595	198	198	1669	8.429	6.826	6.000	1	34	0.000	33.202	2.000	4.215	2.450	4.111	0.000	35.668	2.064	0	0	1	1	69	3
1.928	19.748	80	80	1069	13.363	10.913	9.000	1	45	46.263	0.000	2.037	1.768	0.955	1.764	48.133	0.000	1.985	33	0	1	28	1	3
18328.324	16553.195	760471	199192	112216088	147.561	223.001	74.000	1	3804	262.596	221.938	10.572	37.751	15.891	34.672	272.316	219.553	12.083	33	0	1	479	350	21
0.337	3.580	14	14	17	1.214	0.426	1.000	1	2	420.571	0.429	1.786	0.364	0.126	0.360	420.529	0.353	1.706	419	0	1	4	2	3
5.977	29.159	248	207	4086	16.476	31.807	2.000	1	194	446.871	3.875	1.831	1.141	0.401	1.128	449.409	2.404	1.719	439	0	1	15	12	3
3.350	15.911	139	111	576	4.144	4.106	3.000	1	21	399.446	10.353	1.856	0.802	0.214	0.792	399.410	10.606	1.623	396	6	1	7	10	3
0.434	4.338	18	17	18	1.000	0.000	1.000	1	1	469.944	7.778	1.556	0.379	0.102	0.350	469.944	7.778	1.556	469	6	1	3	4	3
7.905	29.709	328	253	21442	65.372	127.547	10.000	1	755	411.787	17.954	1.954	1.142	0.361	1.145	412.293	19.049	1.761	407	11	1	11	14	3
0.892	6.614	37	35	48	1.297	0.661	1.000	1	4	466.108	12.757	1.649	0.479	0.118	0.505	466.104	12.792	1.542	464	11	1	5	5	3
0.603	5.344	25	24	35	1.400	0.764	1.000	1	4	200.840	15.000	1.440	0.407	0.108	0.391	200.829	15.000	1.371	199	13	1	5	5	3
0.916	7.179	38	37	47	1.237	0.490	1.000	1	3	156.789	16.105	1.632	0.491	0.139	0.534	156.851	16.128	1.532	155	14	1	5	5	3
0.916	6.561	38	36	54	1.421	0.722	1.000	1	4	173.895	17.658	1.789	0.483	0.113	0.501	173.889	17.667	1.648	172	16	1	5	5	3
0.892	6.597	37	37	59	1.595	0.985	1.000	1	5	395.622	20.622	1.405	0.458	0.130	0.460	395.627	20.627	1.322	393	18	1	6	6	2
1.036	7.373	43	39	86	2.000	1.431	1.000	1	7	479.860	22.256	1.651	0.507	0.113	0.531	479.837	22.233	1.465	478	20	1	5	5	3
3.302	17.516	137	113	639	4.664	6.030	2.000	1	35	289.577	25.343	1.818	0.835	0.267	0.829	290.446	25.862	1.613	284	21	1	11	9	3
3.013	16.915	125	107	925	7.400	10.483	3.000	1	53	494.648	32.440	1.872	0.811	0.269	0.780	495.269	33.143	1.638	490	28	1	9	9	3
0.289	3.299	12	12	12	1.000	0.000	1.000	1	1	476.000	35.000	1.083	0.317	0.125	0.353	476.000	35.000	1.083	474	34	1	5	3	2
4.579	19.069	190	149	6953	36.595	58.617	8.500	1	324	487.200	37.947	1.974	0.880	0.216	0.928	487.256	37.931	1.729	482	34	1	10	9	3
0.362	3.439	15	15	18	1.200	0.414	1.000	1	2	237.067	36.933	1.400	0.325	0.068	0.330	237.111	36.889	1.333	236	36	1	3	3	2
4.001	17.058	166	132	4804	28.940	44.832	8.500	1	245	466.048	42.349	1.964	0.831	0.194	0.862	466.032	42.279	1.683	462	39	1	9	8	3
2.193	11.941	91	76	675	7.418	9.270	3.000	1	44	195.615	43.440	1.846	0.664	0.134	0.678	195.730	43.393	1.553	192	41	1	8	6	3
3.157	15.153	131	105	1441	11.000	14.425	4.000	1	71	493.702	55.664	1.855	0.767	0.181	0.791	493.546	55.804	1.666	490	52	1	9	8	3
0.892	6.614	37	33	65	1.757	1.116	1.000	1	5	471.351	57.351	1.595	0.480	0.104	0.479	471.338	57.308	1.431	469	55	1	5	5	3
2.844	14.077	118	97	1480	12.542	16.943	5.000	1	80	377.695	62.373	1.856	0.731	0.159	0.746	377.641	62.414	1.628	374	59	1	8	8	3
1.157	7.390	48	44	87	1.812	1.065	1.000	1	5	504.729	61.521	1.896	0.526	0.107	0.529	504.747	61.471	1.782	503	60	1	5	5	3
1.759	10.301	73	60	337	4.616	4.847	3.000	1	22	234.479	65.781	1.808	0.614	0.115	0.632	234.543	65.843	1.537	232	63	1	6	6	3
0.337	3.439	14	14	15	1.071	0.267	1.000	1	2	366.000	71.000	1.357	0.318	0.068	0.353	366.000	71.000	1.333	365	70	1	3	3	2
1.735	17.633	72	72	1041	14.458	9.345	15.000	1	34	0.000	82.486	2.028	1.549	0.832	1.520	0.000	84.748	2.118	0	70	1	1	25	3
0.747	5.839	31	31	47	1.516	0.811	1.000	1	4	350.774	80.677	1.387	0.431	0.121	0.447	350.766	80.702	1.319	349	79	1	5	5	2
1.759	9.983	73	61	222	3.041	2.811	2.000	1	13	227.082	84.521	1.849	0.612	0.113	0.626	227.122	84.468	1.649	225	82	1	6	6	3
3.037	17.850	126	106	256	2.032	1.512	1.000	1	9	166.516	87.802	1.770	0.853	0.282	0.880	165.883	87.621	1.629	162	84	1	11	8	3
1.422	8.977	59	50	152	2.576	1.905	2.000	1	8	329.373	89.627	1.831	0.569	0.104	0.579	329.408	89.678	1.671	327	87	1	6	6	3
0.627	6.066	26	24	30	1.154	0.464	1.000	1	3	205.154	91.000	1.692	0.442	0.110	0.444	205.167	91.000	1.633	203	89	1	5	5	3
0.651	5.591	27	26	36	1.333	0.734	1.000	1	4	180.222	93.000	1.407	0.418	0.113	0.407	180.194	93.000	1.333	178	91	1	5	5	3
17.257	56.867	716	531	12893	18.007	36.181	4.000	1	228	387.230	114.317	1.944	1.618	0.562	1.653	386.539	111.753	1.873	378	104	1	19	22	3
1.711	10.531	71	62	261	3.676	3.745	2.000	1	18	238.690	108.901	1.704	0.613	0.137	0.608	238.736	108.866	1.498	236	106	1	6	7	3
2.531	12.576	105	86	714	6.800	8.479	3.000	1	42	428.714	109.533	1.895	0.699	0.146	0.713	428.891	109.564	1.612	425	107	1	8	6	3
3.181	14.905	132	106	1977	14.977	20.577	6.000	1	103	267.288	114.697	1.902	0.761	0.168	0.793	267.267	114.667	1.630	264	111	1	8	8	3
4.748	18.999	197	153	9935	50.431	82.045	12.000	1	454	477.102	117.041	1.954	0.889	0.217	0.950	477.225	117.029	1.743	473	113	1	9	9	3
0.241	2.664	10	10	10	1.000	0.000	1.000	1	1	242.000	121.000	1.100	0.281	0.099	0.301	242.000	121.000	1.100	241	120	1	3	3	2
1.639	9.842	68	58	269	3.956	4.216	2.000	1	19	187.691	126.779	1.750	0.600	0.121	0.606	187.684	126.818	1.494	185	124	1	6	6	3
1.277	8.519	53	46	138	2.604	2.514	1.000	1	12	285.943	126.792	1.698	0.548	0.109	0.562	285.949	126.790	1.428	283	124	1	6	6	3
0.554	4.569	23	23	27	1.174	0.491	1.000	1	3	443.696	145.304	1.348	0.384	0.101	0.392	443.704	145.296	1.296	442	144	1	4	4	2
1.253	8.660	52	45	116	2.231	1.699	1.500	1	8	210.154	159.558	1.808	0.548	0.108	0.557	210.103	159.578	1.603	208	157	1	5	6	3
0.289	3.105	12	12	12	1.000	0.000	1.000	1	1	187.667	160.917	1.083	0.318	0.112	0.326	187.667	160.917	1.083	186	160	1	4	3	2
2.482	13.563	103	77	505	4.903	5.864	2.000	1	30	320.893	163.777	2.087	0.715	0.120	0.726	320.879	163.804	1.671	318	161	1	7	7	4
3.446	15.962	143	106	1514	10.587	14.559	4.000	1	70	374.755	175.434	2.252	0.804	0.128	0.803	374.672	175.515	1.810	371	172	1	8	8	4
3.181	14.956	132	96	955	7.235	9.831	3.000	1	55	244.803	179.833	2.258	0.783	0.118	0.778	244.734	179.909	1.756	241	177	1	8	7	4
2.651	13.810	110	87	449	4.082	4.417	2.000	1	21	355.900	186.718	2.191	0.737	0.134	0.734	355.886	186.521	1.802	353	183	1	7	7	4
4.290	17.938	178	123	2778	15.607	23.506	5.000	1	130	260.433	194.713	2.337	0.867	0.133	0.874	260.351	194.759	1.859	257	191	1	8	8	4
2.868	14.321	119	87	747	6.277	8.181	2.000	1	42	374.899	199.941	2.176	0.755	0.119	0.762	374.736	199.926	1.708	372	197	1	7	7	4
0.313	3.245	13	13	14	1.077	0.277	1.000	1	2	473.000	198.231	1.308	0.322	0.084	0.331	473.000	198.214	1.286	472	197	1	3	3	2
3.543	21.483	147	119	685	4.660	6.695	2.000	1	39	220.680	206.048	1.912	0.931	0.325	0.927	221.877	205.946	1.663	214	203	1	12	7	4
1.518	9.595	63	54	175	2.778	2.744	2.000	1	13	256.444	205.571	1.730	0.584	0.121	0.619	256.394	205.577	1.480	254	203	1	6	6	3
0.434	3.810	18	18	20	1.111	0.323	1.000	1	2	232.000	212.500	1.333	0.352	0.089	0.381	232.000	212.500	1.300	231	211	1	3	4	2
0.651	5.608	27	24	32	1.185	0.396	1.000	1	2	407.519	212.074	1.704	0.442	0.099	0.458	407.531	212.031	1.656	406	210	1	4	5	3
2.241	12.540	93	71	397	4.269	4.910	2.000	1	25	452.441	214.269	2.086	0.696	0.120	0.689	452.564	214.227	1.640	450	211	1	6	7	4
0.434	4.057	18	18	19	1.056	0.236	1.000	1	2	270.500	218.500	1.222	0.360	0.104	0.403	270.526	218.474	1.211	269	217	1	4	4	2
0.482	4.709	20	20	23	1.150	0.489	1.000	1	3	385.000	227.100	1.350	0.368	0.100	0.361	385.000	227.130	1.304	383	225	1	5	5	2
1.639	10.070	68	56	176	2.588	2.339	2.000	1	12	285.265	235.397	2.088	0.623	0.126	0.594	285.273	235.312	1.710	283	233	1	6	6	4
3.157	19.404	131	114	183	1.397	0.838	1.000	1	5	434.710	236.832	1.679	0.855	0.307	0.828	434.803	236.989	1.557	429	233	1	13	8	4
0.241	3.139	10	10	10	1.000	0.000	1.000	1	1	334.200	236.000	1.600	0.321	0.110	0.302	334.200	236.000	1.600	333	235	1	3	3	3
4.242	22.118	176	138	708	4.023	5.027	2.000	1	28	316.511	247.364	2.045	0.995	0.350	0.989	315.527	247.249	1.726	312	244	1	13	7	4
0.651	6.154	27	24	27	1.000	0.000	1.000	1	1	446.519	244.630	2.593	0.479	0.143	0.462	446.519	244.630	2.593	445	243	1	4	4	4
0.241	2.664	10	10	10	1.000	0.000	1.000	1	1	394.000	248.000	1.100	0.281	0.099	0.301	394.000	248.000	1.100	393	247	1	3	3	2
34.995	318.522	1452	1452	35333	24.334	24.740	19.000	1	165	0.000	48.764	12.530	6.360	3.147	6.278	0.000	57.395	13.625	0	0	5	1	99	17
1.277	8.626	53	49	133	2.509	2.198	2.000	1	10	449.528	2.434	5.604	0.551	0.137	0.565	449.541	2.331	5.346	447	0	5	6	6	3
6.652	28.766	276	176	2281	8.264	14.228	2.000	1	88	412.264	18.971	6.859	1.082	0.228	1.060	412.325	19.205	5.741	408	13	5	10	11	7
0.482	4.392	20	20	26	1.300	0.571	1.000	1	3	495.050	33.150	5.400	0.363	0.092	0.361	495.038	33.115	5.308	493	32	5	5	4	2
2.796	17.426	116	92	385	3.319	4.163	2.000	1	22	487.371	38.362	6.000	0.795	0.234	0.778	487.343	38.060	5.509	484	35	5	9	9	5
1.446	9.438	60	56	186	3.100	3.251	2.000	1	15	466.083	42.100	5.500	0.573	0.164	0.580	466.059	42.156	5.247	463	40	5	7	6	3
0.337	3.282	14	14	18	1.286	0.469	1.000	1	2	493.500	55.714	5.000	0.347	0.120	0.380	493.500	55.667	5.000	492	54	5	4	4	1
0.578	5.204	24	24	30	1.250	0.532	1.000	1	3	378.458	62.458	5.292	0.418	0.128	0.416	378.400	62.467	5.233	376	61	5	5	4	2
12.653	51.737	525	351	2751	5.240	9.652	2.000	1	84	388.105	114.562	6.309	1.455	0.492	1.452	386.478	112.229	5.727	381	106	5	15	19	6
0.337	3.475	14	14	18	1.286	0.469	1.000	1	2	267.143	115.357	5.000	0.357	0.138	0.369	267.167	115.278	5.000	266	113	5	4	5	1
2.868	15.116	119	92	635	5.336	7.353	2.000	1	39	476.933	116.941	5.924	0.752	0.162	0.769	477.080	116.956	5.422	473	114	5	9	7	4
4.652	47.195	193	193	1202	6.228	10.062	3.000	1	65	0.000	130.565	14.891	2.062	0.926	2.001	0.000	132.679	17.115	0	116	5	1	29	16
0.362	3.757	15	15	19	1.267	0.458	1.000	1	2	259.867	194.933	6.333	0.334	0.089	0.342	259.947	194.947	6.263	258	194	6	4	3	2
0.434	4.164	18	18	24	1.333	0.485	1.000	1	2	334.333	247.333	6.000	0.398	0.145	0.423	334.292	247.292	6.000	332	245	6	5	5	1
15.545	53.536	645	369	8326	12.909	20.152	4.000	1	126	275.271	271.571	7.750	1.476	0.364	1.441	275.273	271.579	6.673	267	265	6	17	15	9
0.289	3.720	12	11	12	1.000	0.000	1.000	1	1	275.167	289.833	7.333	0.399	0.159	0.392	275.167	289.833	7.333	274	289	6	3	3	4
2.675	26.516	111	111	518	4.667	4.343	3.000	1	20	0.000	107.964	16.748	1.349	0.565	1.333	0.000	107.595	18.272	0	99	11	1	18	10
5871.747	8668.808	243628	98616	53013544	217.600	298.042	124.000	1	3967	263.441	227.194	25.817	36.810	15.399	33.561	256.081	222.791	25.832	51	0	22	461	350	8
2.314	22.003	96	96	4438	46.229	44.530	27.500	1	159	40.510	0.000	25.490	1.232	0.508	1.210	36.669	0.000	25.267	33	0	23	17	1	6
19.643	183.253	815	815	57645	70.730	201.538	22.000	1	2416	0.000	73.688	25.713	8.786	4.940	8.544	0.000	99.207	26.670	0	3	23	1	141	7
1.229	9.540	51	44	72	1.412	0.753	1.000	1	4	509.863	213.059	24.863	0.616	0.196	0.567	510.111	213.069	24.917	507	211	23	5	5	5
0.313	3.209	13	13	13	1.000	0.000	1.000	1	1	366.538	266.462	27.846	0.378	0.164	0.374	366.538	266.462	27.846	366	266	26	2	2	4
2.579	25.141	107	107	1032	9.645	7.078	8.000	1	33	43.542	0.000	33.028	1.560	0.759	1.589	42.966	0.000	32.636	33	0	31	23	1	5
3712.103	5738.307	154021	72427	29638558	192.432	262.343	114.000	1	3345	250.878	217.050	33.106	37.873	15.468	35.443	262.089	225.906	33.066	57	0	31	455	350	5
6.098	57.847	253	253	11887	46.984	51.973	35.000	1	345	0.000	33.391	32.933	3.382	1.845	3.409	0.000	32.543	32.698	0	6	31	1	55	5
6.941	65.058	288	288	63193	219.420	347.887	111.500	1	2483	0.000	111.434	32.951	3.672	2.041	3.630	0.000	118.812	32.961	0	80	31	1	61	5
0.434	5.078	18	18	57	3.167	1.823	3.000	1	7	0.000	144.333	32.889	0.562	0.242	0.543	0.000	144.193	32.684	0	143	31	1	4	5
0.868	9.062	36	36	172	4.778	4.561	2.500	1	17	0.000	151.750	33.250	0.728	0.283	0.743	0.000	151.419	32.552	0	148	31	1	9	5
0.289	3.509	12	10	14	1.167	0.389	1.000	1	2	326.500	266.000	32.000	0.349	0.063	0.373	326.500	266.000	32.000	325	265	31	4	3	3
0.434	5.308	18	17	18	1.000	0.000	1.000	1	1	499.000	218.778	33.222	0.483	0.180	0.540	499.000	218.778	33.222	497	218	32	6	3	3
0.241	2.664	10	10	10	1.000	0.000	1.000	1	1	351.000	255.000	34.900	0.281	0.099	0.301	351.000	255.000	34.900	350	254	34	3	3	2
0.241	2.664	10	10	10	1.000	0.000	1.000	1	1	359.000	271.000	34.900	0.281	0.099	0.301	359.000	271.000	34.900	358	270	34	3	3	2
0.241	2.664	10	10	10	1.000	0.000	1.000	1	1	254.000	280.000	34.900	0.281	0.099	0.301	254.000	280.000	34.900	253	279	34	3	3	2
0.578	4.956	24	24	25	1.042	0.204	1.000	1	2	307.125	283.958	34.625	0.411	0.126	0.400	307.120	283.920	34.640	306	282	34	3	5	2
0.337	3.439	14	14	15	1.071	0.267	1.000	1	2	260.000	322.000	34.643	0.318	0.068	0.353	260.000	322.000	34.667	259	321	34	3	3	2
