Volume (micron^3)	Surface (micron^2)	Nb of obj. voxels	Nb of surf. voxels	IntDen	Mean	StdDev	Median	Min	Max	X	Y	Z	Mean dist. to surf. (micron)	SD dist. to surf. (micron)	Median dist. to surf. (micron)	XM	YM	ZM	BX	BY	BZ	B-width	B-height	B-depth
0.241	2.593	10	10	2589	258.900	38.495	255.500	212	325	69.800	5.000	1.000	0.291	0.113	0.308	69.771	5.016	1.000	68	4	1	4	3	1
1.301	9.777	54	54	17319	320.722	83.622	308.000	205	493	81.574	22.167	1.000	0.689	0.247	0.715	81.721	22.185	1.000	78	19	1	8	8	1
0.603	5.611	25	25	6097	243.880	37.285	243.000	200	310	84.560	46.080	1.000	0.488	0.201	0.490	84.654	45.990	1.000	82	44	1	6	7	1
0.651	5.858	27	27	8429	312.185	100.987	282.000	203	547	77.889	49.667	1.000	0.490	0.181	0.498	77.766	49.590	1.000	75	47	1	7	6	1
1.735	13.746	72	72	23761	330.014	89.799	315.500	202	514	92.167	66.556	1.000	0.983	0.454	0.991	92.270	66.522	1.000	86	61	1	13	11	1
4.483	33.847	186	186	87347	469.608	328.595	341.500	200	1960	95.500	84.478	1.000	1.861	0.707	1.899	97.116	84.912	1.000	84	75	1	21	21	1
0.241	2.593	10	10	2839	283.900	55.135	281.500	210	391	102.200	100.000	1.000	0.291	0.113	0.308	102.183	100.037	1.000	101	99	1	4	3	1
0.699	5.468	29	29	7858	270.966	47.511	268.000	204	371	113.034	118.690	1.483	0.427	0.128	0.446	113.032	118.739	1.482	112	116	1	4	6	2
2.097	11.573	87	87	42981	494.034	320.696	376.000	200	1464	119.667	121.241	1.517	0.669	0.225	0.687	119.722	121.065	1.512	117	117	1	7	9	2
3.519	20.623	146	146	36559	250.404	34.799	244.000	203	356	118.370	134.288	1.541	0.985	0.404	0.952	118.380	134.204	1.544	113	127	1	11	15	2
1.277	8.943	53	53	14247	268.811	59.106	253.000	200	417	136.132	132.340	1.547	0.618	0.232	0.646	136.116	132.169	1.562	134	129	1	5	8	2
1815.405	4386.073	75324	39083	32938588	437.292	291.187	344.000	200	3350	415.831	211.596	14.528	17.580	8.460	16.389	423.595	209.683	14.706	241	137	1	271	120	29
0.265	2.928	11	11	2418	219.818	15.549	215.000	201	256	125.818	140.182	1.727	0.297	0.075	0.316	125.819	140.181	1.730	125	139	1	3	3	2
1.856	10.497	77	77	21615	280.714	50.519	276.000	201	397	128.416	146.597	1.532	0.638	0.213	0.649	128.389	146.637	1.558	126	143	1	6	8	2
0.844	7.283	35	35	11130	318.000	119.169	273.000	200	666	510.286	180.314	2.371	0.552	0.202	0.569	510.395	180.396	2.156	509	179	1	3	4	5
1.157	7.356	48	48	14184	295.500	70.396	281.500	200	465	134.250	195.958	1.521	0.513	0.154	0.538	134.265	195.940	1.574	132	194	1	6	5	2
1.301	8.980	54	54	13569	251.278	47.071	237.000	200	379	223.981	197.667	1.648	0.564	0.203	0.547	224.056	197.576	1.661	221	195	1	7	7	2
1.783	11.890	74	74	19776	267.243	61.677	251.000	200	435	222.108	209.770	1.595	0.693	0.292	0.645	222.070	209.943	1.606	220	204	1	6	11	2
8.676	47.781	360	360	84598	234.994	26.970	228.000	200	328	275.658	219.272	1.625	1.582	0.644	1.571	275.702	219.318	1.644	263	209	1	25	20	2
0.651	5.591	27	27	6100	225.926	19.217	226.000	200	263	441.333	218.519	1.630	0.429	0.138	0.430	441.343	218.525	1.634	439	217	1	6	4	2
5.977	27.825	248	248	64156	258.694	39.229	255.500	200	348	315.004	229.891	1.504	1.217	0.520	1.237	314.957	229.661	1.509	311	222	1	10	19	2
3.880	21.682	161	161	38296	237.863	37.376	224.000	200	350	339.000	227.242	1.516	1.029	0.451	1.030	339.279	227.267	1.515	331	222	1	16	11	2
0.337	3.316	14	14	3642	260.143	42.122	266.000	213	344	472.000	224.500	1.571	0.319	0.065	0.324	472.012	224.499	1.607	471	223	1	3	4	2
1.928	11.326	80	80	21702	271.275	49.669	266.500	200	412	299.737	227.887	1.538	0.694	0.268	0.657	299.895	227.969	1.539	296	225	1	9	7	2
10.074	41.169	418	418	176790	422.943	194.288	377.000	200	1367	219.187	235.196	1.517	1.428	0.539	1.466	219.723	235.016	1.523	210	227	1	19	16	2
0.337	3.492	14	14	3359	239.929	34.348	234.000	201	310	231.643	239.000	1.786	0.332	0.100	0.332	231.686	238.987	1.816	230	238	1	4	3	2
0.313	3.369	13	13	2835	218.077	13.793	218.000	202	245	380.923	244.462	1.231	0.324	0.096	0.322	380.918	244.471	1.228	380	243	1	3	4	2
1.181	8.572	49	49	12418	253.429	45.471	235.000	202	371	242.449	246.735	1.510	0.565	0.212	0.518	242.527	246.598	1.519	240	244	1	6	7	2
2.723	15.560	113	113	33997	300.858	82.294	281.000	200	489	310.522	249.257	1.504	0.788	0.328	0.778	310.569	249.252	1.513	303	246	1	14	7	2
2.241	13.936	93	93	23958	257.613	39.900	255.000	201	374	267.430	252.989	1.538	0.756	0.332	0.685	267.407	252.979	1.549	261	250	1	12	7	2
0.386	3.439	16	16	4608	288.000	56.467	275.000	218	430	361.000	250.875	1.438	0.331	0.067	0.333	361.012	250.865	1.401	360	250	1	3	3	2
0.627	5.344	26	26	6034	232.077	24.480	230.000	201	289	284.115	260.692	1.462	0.414	0.122	0.388	284.137	260.689	1.447	282	259	1	5	4	2
0.313	2.998	13	13	3590	276.154	57.052	258.000	203	375	288.000	271.615	1.462	0.311	0.058	0.339	288.073	271.595	1.413	287	271	1	3	3	2
1.157	9.224	48	48	12459	259.562	49.475	244.000	201	386	341.458	282.146	1.542	0.666	0.201	0.662	341.439	282.088	1.550	338	280	1	8	5	2
1092.752	3143.207	45340	27249	17272622	380.958	217.908	308.000	200	2349	64.325	40.892	19.135	7.369	2.670	7.158	65.035	42.210	19.638	26	0	3	73	105	30
0.723	7.070	30	30	6689	222.967	19.494	216.500	200	264	40.533	27.033	6.767	0.656	0.356	0.559	40.543	27.023	6.799	40	26	3	2	4	8
4.483	30.842	186	157	41368	222.409	18.511	216.500	200	283	61.226	38.737	8.989	1.220	0.385	1.220	61.254	38.709	8.959	57	35	3	9	10	10
1.229	8.781	51	44	14384	282.039	60.204	267.000	206	450	88.765	75.176	4.725	0.627	0.217	0.597	88.783	75.174	4.731	87	74	3	4	4	6
12.798	60.672	531	376	217292	409.213	276.978	296.000	200	1631	96.834	89.115	4.996	1.584	0.612	1.520	96.713	89.591	4.949	89	77	3	15	19	10
0.627	5.044	26	24	6439	247.654	37.843	236.500	202	347	102.385	99.962	3.769	0.433	0.096	0.426	102.373	99.931	3.731	101	99	3	4	3	3
117.277	410.097	4866	2832	1545788	317.671	158.272	270.000	200	1728	121.558	130.584	9.229	4.287	2.071	3.795	122.714	132.118	9.205	88	99	4	57	56	9
0.482	4.338	20	19	4658	232.900	24.348	228.500	200	296	113.050	118.850	4.550	0.378	0.087	0.362	113.050	118.859	4.516	112	117	4	3	4	3
6.435	28.726	267	160	99431	372.401	174.919	312.000	200	973	133.498	197.685	7.127	1.166	0.355	1.154	133.687	197.356	6.699	130	193	4	8	10	9
73.051	180.932	3031	1380	1357889	448.000	244.453	366.000	200	1961	221.888	208.763	8.920	2.839	0.899	2.944	221.339	208.402	9.183	210	193	4	27	33	9
8.122	42.003	337	238	105138	311.982	104.407	282.000	200	726	505.463	197.042	8.457	1.287	0.424	1.326	505.437	197.232	8.443	501	192	4	10	12	9
94.790	234.601	3933	1704	1138792	289.548	87.931	262.000	200	954	147.232	216.894	8.858	2.978	0.924	2.918	147.225	216.147	9.094	132	203	4	32	35	9
7.279	32.359	302	176	84558	279.993	67.891	263.000	200	512	176.719	215.013	7.089	1.208	0.375	1.184	176.670	214.815	7.099	174	210	4	8	12	9
0.868	7.036	36	32	9641	267.806	65.337	237.000	200	450	472.389	224.861	5.222	0.530	0.154	0.519	472.317	224.822	5.108	471	223	4	4	4	4
41.719	104.635	1731	726	808577	467.116	247.569	386.000	200	1440	219.637	235.890	7.433	2.126	0.465	2.060	219.786	235.460	7.160	210	228	4	25	16	9
0.313	3.456	13	13	2907	223.615	26.088	208.000	201	281	214.154	249.385	4.846	0.355	0.128	0.366	214.125	249.374	4.800	213	249	4	3	2	3
7.327	33.188	304	201	85400	280.921	76.489	254.000	200	586	266.803	252.645	6.622	1.164	0.307	1.138	266.712	252.824	6.480	261	249	4	12	8	9
0.578	5.255	24	22	5889	245.375	33.505	236.500	207	313	286.000	259.500	5.083	0.454	0.132	0.453	285.993	259.503	5.051	285	258	4	3	4	4
1.446	9.574	60	52	17350	289.167	75.049	275.500	201	495	328.017	278.083	6.650	0.736	0.301	0.695	328.001	278.126	6.708	327	277	4	3	4	7
0.916	8.466	38	38	8809	231.816	28.118	226.000	200	306	341.158	282.447	4.421	0.613	0.205	0.575	341.162	282.417	4.392	338	280	4	8	5	3
4.989	26.593	207	141	58584	283.014	78.256	264.000	200	580	85.213	87.005	9.401	1.088	0.373	1.062	85.294	87.057	9.452	80	84	5	12	8	8
2.241	13.418	93	66	27763	298.527	91.046	263.000	200	579	105.032	153.538	8.376	0.830	0.303	0.748	104.995	153.563	8.433	103	152	5	5	4	8
0.241	2.627	10	10	2262	226.200	15.831	226.000	203	248	133.400	156.500	5.800	0.320	0.121	0.350	133.380	156.511	5.793	133	156	5	2	2	3
0.651	5.713	27	25	7042	260.815	51.516	247.000	202	376	137.630	182.889	7.037	0.513	0.204	0.475	137.611	182.863	7.020	137	182	5	3	3	5
0.386	4.038	16	16	3409	213.062	11.790	208.500	201	239	128.062	194.625	6.250	0.405	0.172	0.359	128.060	194.627	6.248	127	194	5	3	2	4
0.916	8.076	38	33	8335	219.342	15.055	218.000	200	250	183.658	218.263	7.079	0.594	0.232	0.541	183.649	218.244	7.107	182	217	5	4	4	6
19.787	66.600	821	453	263038	320.387	123.087	279.000	200	896	416.894	249.089	9.856	1.617	0.417	1.615	416.901	249.234	10.159	408	242	5	20	15	8
0.337	3.597	14	14	3322	237.286	29.177	236.000	201	289	297.571	275.429	6.500	0.412	0.178	0.280	297.581	275.389	6.470	297	275	5	2	2	4
0.241	3.279	10	10	2231	223.100	23.340	213.000	202	265	342.900	289.000	7.200	0.461	0.248	0.426	342.915	289.000	7.190	342	289	5	3	1	5
8.749	34.302	363	218	134308	369.994	168.385	314.000	200	1163	48.110	7.780	9.953	1.193	0.258	1.185	48.269	7.894	10.203	40	3	6	13	11	7
0.362	3.914	15	15	3291	219.400	13.026	216.000	202	248	116.400	111.267	7.600	0.396	0.161	0.332	116.397	111.270	7.612	116	110	6	2	3	4
24.728	115.783	1026	747	335851	327.340	155.398	275.000	200	1288	162.339	161.173	10.637	2.318	0.874	2.286	163.068	161.214	10.703	148	149	6	29	31	7
0.506	5.131	21	20	5250	250.000	44.588	238.000	200	350	332.381	285.095	8.000	0.463	0.190	0.440	332.382	285.113	8.034	331	284	6	3	3	5
10.147	38.713	421	253	128732	305.777	121.671	266.000	200	890	48.656	45.487	10.112	1.269	0.295	1.242	48.540	45.622	10.351	42	40	7	14	12	6
4.386	25.909	182	146	44021	241.874	36.097	234.000	200	416	105.038	177.808	10.863	1.050	0.376	0.995	105.176	177.728	10.890	100	173	7	13	12	6
1.060	8.604	44	35	12612	286.636	75.628	260.500	202	445	251.659	190.795	9.500	0.637	0.232	0.639	251.651	190.771	9.513	250	189	7	4	4	6
13.280	53.459	551	351	212637	385.911	199.030	321.000	200	1268	196.365	201.368	10.365	1.590	0.590	1.526	197.045	201.210	10.598	185	197	7	23	13	6
10.026	49.809	416	304	113849	273.675	73.900	252.500	200	672	245.534	216.127	10.577	1.646	0.559	1.683	245.549	216.367	10.663	240	207	7	14	21	6
0.289	3.403	12	12	2869	239.083	27.773	235.000	202	291	504.417	229.667	8.333	0.399	0.181	0.317	504.401	229.697	8.314	504	229	7	2	2	4
2.338	15.817	97	80	24517	252.753	48.943	241.000	200	422	185.866	248.515	10.124	0.814	0.282	0.842	185.704	248.488	10.089	182	247	7	9	5	6
0.482	4.990	20	18	4337	216.850	15.305	210.500	200	250	352.800	254.550	8.400	0.418	0.139	0.399	352.804	254.553	8.414	351	253	7	4	4	4
2.699	16.033	112	93	26917	240.330	36.656	227.000	200	347	379.491	256.348	10.857	0.804	0.250	0.768	379.529	256.436	10.892	374	253	7	10	7	6
1.687	11.057	70	60	17192	245.600	34.918	240.500	200	347	37.329	22.114	10.729	0.674	0.194	0.691	37.319	22.171	10.767	36	18	8	4	8	5
1.012	8.464	42	36	9546	227.286	19.401	221.500	200	268	83.024	126.595	10.262	0.596	0.210	0.576	83.026	126.592	10.281	81	125	8	5	4	5
0.747	6.736	31	28	7405	238.871	30.671	237.000	200	290	96.516	159.806	9.806	0.530	0.193	0.486	96.516	159.797	9.760	95	158	8	4	4	5
1.735	12.150	72	56	18546	257.583	46.410	244.000	200	358	149.625	177.653	10.458	0.703	0.206	0.682	149.559	177.697	10.469	147	175	8	7	6	5
0.627	5.642	26	24	6551	251.962	40.576	240.000	201	328	149.731	186.192	9.846	0.493	0.196	0.464	149.707	186.232	9.816	149	185	8	3	3	5
5.350	29.738	222	177	54094	243.667	44.574	228.000	200	442	416.878	227.054	10.928	1.251	0.606	1.126	417.047	226.961	10.984	408	221	8	15	15	5
1.060	8.076	44	39	10700	243.182	35.061	238.000	200	328	334.250	253.091	10.182	0.598	0.207	0.546	334.260	253.092	10.186	332	252	8	5	3	5
0.771	6.488	32	32	8650	270.312	52.012	253.000	202	364	510.500	309.781	10.438	0.595	0.275	0.606	510.509	309.754	10.423	510	308	8	2	4	6
5.109	38.544	212	212	80036	377.528	152.668	331.000	200	948	510.613	328.189	16.165	1.621	0.794	1.494	510.635	328.443	16.302	510	321	8	2	15	18
1.253	8.747	52	42	14165	272.404	51.551	261.500	206	394	139.769	166.865	10.885	0.591	0.143	0.559	139.750	166.846	10.923	138	165	9	6	5	4
1.687	12.063	70	59	19553	279.329	78.301	252.000	200	506	156.143	184.729	11.029	0.660	0.194	0.624	156.279	184.857	11.087	153	180	9	7	8	4
1.591	9.964	66	54	18752	284.121	65.942	262.500	200	452	165.621	200.515	10.803	0.619	0.125	0.617	165.655	200.525	10.845	164	198	9	5	6	4
0.723	5.572	30	28	8429	280.967	57.968	268.500	200	420	496.033	201.933	10.767	0.477	0.146	0.462	496.080	201.921	10.833	495	201	9	3	3	4
0.337	3.720	14	14	2960	211.429	9.811	207.500	202	232	189.143	254.714	10.500	0.385	0.158	0.339	189.131	254.721	10.506	188	254	9	3	2	4
0.747	6.173	31	29	9106	293.742	96.056	255.000	202	559	138.613	153.290	11.419	0.470	0.148	0.466	138.510	153.362	11.496	137	151	10	5	5	3
0.699	5.749	29	26	8050	277.586	64.013	262.000	203	406	173.690	204.379	11.172	0.455	0.088	0.475	173.677	204.356	11.214	172	203	10	4	4	3
0.627	5.167	26	24	6679	256.885	45.420	249.000	200	361	492.000	208.346	11.308	0.427	0.096	0.429	492.031	208.333	11.357	491	207	10	3	4	3
0.482	4.215	20	19	5331	266.550	48.106	250.500	206	397	501.800	224.100	11.250	0.398	0.102	0.403	501.806	224.074	11.299	501	223	10	3	3	3
0.651	5.361	27	27	6861	254.111	46.493	239.000	206	359	189.556	226.481	11.185	0.431	0.125	0.492	189.542	226.481	11.254	188	225	10	4	4	3
0.458	4.144	19	18	5409	284.684	70.363	262.000	201	462	250.947	256.158	11.474	0.368	0.085	0.360	250.962	256.162	11.541	250	255	10	3	4	3
2.458	20.516	102	97	30427	298.304	103.275	259.500	201	637	319.725	277.902	13.755	1.098	0.481	0.986	319.749	277.934	13.888	314	274	10	11	13	6
1.326	8.483	55	45	14392	261.673	38.561	250.000	205	329	389.709	279.691	12.055	0.563	0.103	0.568	389.691	279.728	12.103	388	278	10	5	5	4
0.506	4.816	21	21	4801	228.619	25.604	217.000	201	286	48.429	55.095	11.810	0.392	0.122	0.402	48.407	55.117	11.828	47	53	11	4	5	2
0.506	4.816	21	21	4546	216.476	16.833	210.000	200	253	61.714	69.905	11.810	0.409	0.151	0.423	61.691	69.926	11.815	60	67	11	4	6	2
0.241	2.734	10	10	2487	248.700	47.427	246.500	201	353	143.200	146.900	11.800	0.288	0.085	0.309	143.197	146.919	11.813	142	146	11	3	3	2
0.410	4.251	17	17	3918	230.471	28.806	218.000	201	281	491.941	225.471	11.824	0.369	0.122	0.372	491.940	225.478	11.842	490	224	11	5	4	2
1.060	8.449	44	44	10163	230.977	31.450	221.500	201	333	315.318	282.932	12.591	0.616	0.289	0.541	315.353	282.854	12.622	314	278	12	4	10	2
0.458	4.287	19	19	5333	280.684	63.533	292.000	203	391	47.947	24.211	14.000	0.414	0.159	0.445	47.942	24.262	14.000	46	22	14	5	5	1
0.362	3.987	15	15	3372	224.800	22.307	216.000	202	264	37.400	32.133	14.000	0.445	0.222	0.448	37.461	32.166	14.000	35	30	14	5	6	1
1.253	9.917	52	52	11871	228.288	19.638	227.000	201	272	59.577	36.788	14.000	0.747	0.318	0.743	59.554	36.783	14.000	57	32	14	6	11	1
26.704	175.725	1108	1108	420347	379.375	178.870	325.000	200	1419	118.940	130.258	14.000	4.164	2.061	3.728	117.984	129.534	14.000	87	101	14	60	53	1
0.506	4.922	21	21	6758	321.810	106.138	286.000	209	577	139.190	152.762	14.000	0.486	0.214	0.488	138.999	152.937	14.000	137	150	14	6	6	1
8.604	56.146	357	357	162089	454.031	236.825	383.000	200	1509	163.770	160.185	14.000	1.969	0.851	1.944	165.469	160.019	14.000	150	150	14	28	25	1
0.362	3.599	15	15	3849	256.600	40.699	252.000	204	332	149.733	165.067	14.000	0.369	0.145	0.391	149.741	165.112	14.000	148	163	14	4	5	1
0.289	3.228	12	12	2848	237.333	29.224	231.500	201	284	140.917	166.083	14.000	0.347	0.159	0.338	140.919	166.106	14.000	139	165	14	5	3	1
1.181	9.934	49	49	11833	241.490	31.446	233.000	200	321	103.837	178.469	14.000	0.756	0.350	0.715	103.778	178.425	14.000	101	173	14	7	12	1
0.506	4.922	21	21	5434	258.762	40.678	259.000	201	331	161.905	177.667	14.000	0.476	0.203	0.496	161.909	177.658	14.000	159	176	14	7	4	1
0.506	4.198	21	21	5478	260.857	47.927	256.000	212	373	157.048	185.429	14.429	0.369	0.090	0.359	157.065	185.434	14.383	156	184	14	3	4	2
0.554	4.639	23	23	7816	339.826	122.765	307.000	201	649	174.565	186.783	14.609	0.381	0.094	0.400	174.586	186.816	14.659	173	185	14	4	4	2
103.804	410.900	4307	4307	1973475	458.202	311.373	350.000	200	2787	248.259	218.431	14.509	6.298	3.065	5.891	245.873	217.830	14.510	186	192	14	112	53	2
0.940	9.293	39	39	15041	385.667	180.197	328.000	205	850	1.590	194.128	17.179	0.696	0.354	0.718	1.674	194.207	17.328	1	192	14	2	5	8
0.410	3.757	17	17	4110	241.765	30.793	239.000	201	303	173.118	204.882	14.471	0.343	0.079	0.347	173.130	204.886	14.462	172	203	14	3	4	2
16.606	68.119	689	689	230679	334.803	136.815	283.000	200	1109	145.583	216.925	14.453	1.886	0.788	1.874	145.310	215.756	14.448	134	205	14	23	27	2
1.277	8.168	53	53	20614	388.943	162.899	340.000	200	846	160.226	208.679	14.434	0.534	0.163	0.544	160.333	208.741	14.401	158	206	14	6	6	2
0.844	6.403	35	35	8173	233.514	26.835	224.000	201	295	244.314	209.343	14.371	0.456	0.134	0.452	244.311	209.336	14.348	242	207	14	5	6	2
18.654	81.663	774	774	242820	313.721	162.681	263.000	200	1445	408.664	222.398	14.506	2.392	0.938	2.396	407.301	221.880	14.508	390	210	14	33	28	2
0.530	4.392	22	22	5273	239.682	21.093	239.000	208	277	422.182	210.955	14.545	0.376	0.098	0.369	422.172	210.950	14.544	420	210	14	5	3	2
3.398	21.769	141	141	36864	261.447	62.183	237.000	200	446	435.979	213.674	14.582	0.974	0.366	1.018	436.259	213.491	14.586	430	210	14	13	11	2
0.313	3.492	13	13	2786	214.308	10.570	212.000	201	231	175.538	210.923	14.769	0.348	0.110	0.375	175.551	210.911	14.772	174	210	14	4	3	2
72.015	283.013	2988	2988	1167747	390.812	304.536	290.000	200	2544	343.356	233.355	14.510	5.715	2.685	5.681	348.569	232.083	14.512	302	216	14	88	38	2
3.133	22.826	130	130	36021	277.085	90.218	244.000	200	619	433.108	226.677	14.562	1.143	0.518	1.186	433.339	226.684	14.539	424	222	14	17	11	2
0.241	2.804	10	10	2716	271.600	53.782	258.500	209	378	502.300	223.900	14.300	0.289	0.068	0.307	502.309	223.896	14.279	501	223	14	3	3	2
1.157	7.744	48	48	13712	285.667	59.026	271.000	205	409	492.750	225.667	14.500	0.553	0.211	0.500	492.567	225.635	14.513	489	224	14	9	4	2
0.337	3.316	14	14	3697	264.071	48.969	252.000	202	363	189.143	226.143	14.429	0.319	0.063	0.332	189.156	226.196	14.394	188	225	14	3	3	2
1.591	10.637	66	66	17168	260.121	59.994	235.500	200	441	221.682	233.121	14.424	0.616	0.222	0.607	221.804	233.251	14.400	218	230	14	8	8	2
1.518	9.808	63	63	14855	235.794	28.997	224.000	200	314	438.159	235.889	14.587	0.598	0.208	0.584	438.177	235.955	14.606	435	232	14	7	8	2
5.109	28.933	212	212	57657	271.967	59.225	257.000	200	483	375.792	251.363	14.533	1.366	0.705	1.273	375.790	251.690	14.551	371	239	14	13	20	2
8.917	40.619	370	370	185974	502.632	326.790	361.000	200	1515	419.465	249.595	14.519	1.393	0.586	1.396	418.703	250.303	14.525	409	242	14	23	15	2
0.337	3.245	14	14	3225	230.357	22.197	225.500	202	278	188.143	248.929	14.357	0.322	0.072	0.336	188.155	248.935	14.344	187	248	14	3	3	2
0.289	2.928	12	12	3353	279.417	68.156	271.500	201	424	251.250	256.250	14.333	0.306	0.070	0.326	251.235	256.250	14.280	250	255	14	3	3	2
6.483	34.948	269	220	84276	313.294	99.376	283.000	200	671	0.974	161.554	20.896	1.304	0.497	1.295	1.034	161.520	21.039	0	154	15	3	15	12
0.265	2.874	11	11	2454	223.091	12.841	224.000	201	245	51.273	19.455	17.455	0.323	0.111	0.287	51.276	19.454	17.472	50	19	16	3	2	3
3.085	17.569	128	109	39847	311.305	112.491	276.500	200	686	45.977	24.664	17.219	0.873	0.334	0.829	46.326	24.673	17.191	39	22	16	14	6	3
2.603	15.291	108	95	32242	298.537	83.063	271.500	200	611	37.213	31.778	17.037	0.827	0.291	0.822	37.288	32.125	17.069	34	27	16	8	10	3
0.747	5.625	31	29	9695	312.742	79.512	301.000	201	488	26.065	29.806	16.968	0.455	0.099	0.467	26.096	29.792	16.962	25	28	16	4	4	3
74.690	233.970	3099	2296	1338763	431.998	245.059	363.000	200	2229	117.774	131.901	16.987	4.074	2.100	3.697	117.949	132.138	16.988	85	102	16	59	54	3
0.819	6.243	34	32	9688	284.941	73.931	270.500	203	490	123.765	120.794	16.735	0.467	0.112	0.480	123.813	120.727	16.652	122	119	16	4	5	3
0.530	4.603	22	21	6713	305.136	77.803	283.500	204	474	145.773	141.182	16.818	0.407	0.103	0.424	145.776	141.217	16.761	144	140	16	4	3	3
22.318	79.165	926	700	471438	509.112	324.911	401.000	200	2175	164.773	160.640	16.927	1.976	0.828	1.934	165.753	159.965	16.916	150	150	16	28	23	3
0.434	4.726	18	18	4244	235.778	30.737	226.000	200	304	134.444	158.056	17.056	0.457	0.174	0.461	134.369	158.075	16.998	133	157	16	5	3	3
0.844	6.120	35	33	8235	235.286	26.047	227.000	202	278	150.771	164.543	16.943	0.476	0.109	0.474	150.793	164.539	16.944	149	163	16	4	4	3
1.374	9.472	57	50	13481	236.509	27.597	228.000	200	318	103.544	178.140	16.632	0.594	0.175	0.588	103.523	178.179	16.608	101	174	16	5	9	3
0.313	3.439	13	13	3042	234.000	27.982	218.000	201	285	163.385	177.538	16.308	0.322	0.084	0.331	163.386	177.533	16.280	162	176	16	4	4	2
0.362	3.563	15	15	3776	251.733	48.607	236.000	206	370	25.333	37.600	17.667	0.336	0.087	0.343	25.274	37.537	17.709	24	36	17	3	4	2
0.578	5.768	24	24	5160	215.000	11.758	211.500	200	244	52.208	83.542	17.833	0.536	0.258	0.516	52.206	83.545	17.837	48	82	17	9	4	2
1.494	12.538	62	55	16628	268.194	46.732	259.500	201	372	94.113	179.226	21.145	0.744	0.371	0.693	94.143	179.226	21.183	92	178	17	5	4	8
0.795	5.996	33	29	12038	364.788	141.572	328.000	204	742	174.606	186.697	17.758	0.465	0.081	0.464	174.612	186.702	17.662	173	185	17	4	4	3
0.482	4.091	20	19	5688	284.400	70.147	270.500	203	464	506.800	186.200	18.200	0.391	0.096	0.373	506.802	186.226	18.306	506	185	17	3	3	3
158.225	474.052	6565	4817	3031832	461.818	337.730	336.000	200	2781	249.986	218.517	17.978	5.870	2.955	5.381	247.708	219.003	17.981	194	191	17	103	53	3
0.771	7.143	32	31	7690	240.312	33.388	232.000	201	332	185.219	192.438	18.125	0.540	0.194	0.551	185.215	192.434	18.119	183	190	17	6	6	3
3.446	20.301	143	126	43765	306.049	92.055	286.000	200	626	173.021	207.622	18.112	0.922	0.317	0.916	173.132	207.754	18.174	167	203	17	11	10	3
0.289	2.821	12	12	3227	268.917	22.468	269.000	233	305	118.500	205.500	18.000	0.344	0.124	0.428	118.492	205.525	18.000	118	205	17	2	2	3
0.868	6.878	36	32	9891	274.750	71.038	265.000	200	460	136.667	206.139	17.722	0.493	0.115	0.510	136.660	206.211	17.631	135	204	17	5	5	3
5.712	34.192	237	221	70083	295.709	116.301	255.000	200	900	147.274	214.148	17.544	1.140	0.453	1.120	147.254	213.669	17.511	139	208	17	16	16	3
45.744	191.288	1898	1513	562538	296.385	128.414	253.000	200	1234	416.925	222.972	18.024	3.624	1.656	3.520	417.082	223.094	18.024	390	210	17	55	30	3
1.036	7.213	43	39	9923	230.767	19.846	227.000	204	267	422.326	212.860	17.930	0.518	0.117	0.511	422.322	212.833	17.918	421	211	17	4	5	3
78.811	243.308	3270	2423	1484512	453.979	383.046	339.000	200	3303	360.364	236.002	17.985	3.783	1.669	3.683	362.246	234.464	18.002	333	217	17	56	41	3
46.033	148.743	1910	1423	581934	304.677	100.233	278.000	200	868	315.203	234.934	18.041	2.797	1.104	2.846	315.120	235.239	18.051	301	220	17	32	34	3
2.193	12.593	91	78	24266	266.659	52.522	258.000	202	422	492.846	224.396	18.066	0.684	0.166	0.675	492.731	224.442	18.052	490	221	17	8	7	3
4.242	22.189	176	147	45009	255.733	55.328	236.000	200	442	438.438	236.608	17.966	0.984	0.376	0.899	438.383	236.744	17.961	434	232	17	11	11	3
0.747	5.802	31	29	7922	255.548	58.865	231.000	200	426	292.710	235.613	18.258	0.452	0.104	0.458	292.753	235.631	18.325	291	234	17	4	4	3
13.376	47.052	555	421	331428	597.168	397.379	447.000	200	1847	421.515	249.155	17.982	1.559	0.626	1.501	420.685	250.016	18.020	412	241	17	20	16	3
0.386	5.696	16	16	3236	202.250	1.915	202.000	200	206	401.938	243.250	18.125	0.489	0.183	0.489	401.944	243.253	18.127	400	242	17	5	4	3
0.964	6.701	40	36	10406	260.150	50.755	255.000	200	379	333.750	244.050	18.100	0.499	0.102	0.501	333.709	244.050	18.121	332	243	17	5	4	3
0.530	4.603	22	20	5669	257.682	44.003	272.500	203	329	439.682	245.864	18.136	0.413	0.087	0.428	439.654	245.816	18.117	438	245	17	4	3	3
0.313	3.262	13	13	2756	212.000	7.670	212.000	200	222	222.538	248.769	17.769	0.358	0.125	0.374	222.544	248.763	17.764	222	248	17	2	3	3
0.603	5.114	25	23	5536	221.440	13.985	218.000	203	250	211.920	250.360	17.840	0.432	0.095	0.433	211.915	250.363	17.836	211	249	17	3	4	3
0.506	4.603	21	20	4849	230.905	20.334	229.000	201	276	478.238	249.238	18.143	0.418	0.113	0.446	478.236	249.230	18.164	477	248	17	3	4	3
0.554	4.726	23	22	5898	256.435	44.463	247.000	201	340	264.696	256.217	17.783	0.413	0.107	0.419	264.692	256.231	17.777	263	255	17	4	3	3
1.952	11.042	81	68	24326	300.321	81.432	275.000	200	539	221.877	262.173	18.259	0.663	0.176	0.636	221.895	262.033	18.307	219	259	17	6	8	3
0.771	7.019	32	30	6895	215.469	12.907	212.500	200	247	440.562	262.906	18.344	0.498	0.177	0.508	440.570	262.867	18.355	439	261	17	4	7	3
3.205	18.432	133	114	33760	253.835	57.507	236.000	200	526	317.925	279.316	17.812	0.928	0.368	0.912	317.969	279.322	17.742	314	275	17	10	11	3
0.265	2.911	11	11	2565	233.182	30.056	220.000	203	299	128.091	160.636	18.000	0.349	0.154	0.314	128.171	160.641	18.000	126	160	18	5	3	1
0.386	3.757	16	16	3722	232.625	28.631	231.000	200	296	480.938	225.375	18.625	0.341	0.085	0.345	480.949	225.394	18.648	480	224	18	3	4	2
0.482	4.586	20	20	4424	221.200	17.410	215.500	200	259	483.100	242.150	18.600	0.394	0.139	0.366	483.108	242.168	18.611	481	241	18	6	3	2
0.313	3.192	13	13	3173	244.077	35.219	237.000	211	329	271.769	250.077	18.538	0.312	0.059	0.328	271.764	250.073	18.568	271	249	18	3	3	2
0.289	3.369	12	12	2599	216.583	11.981	214.500	202	244	340.167	269.500	18.833	0.358	0.149	0.366	340.156	269.536	18.836	339	267	18	3	5	2
0.458	4.586	19	19	4112	216.421	13.091	211.000	200	242	343.211	279.684	18.632	0.393	0.126	0.397	343.225	279.692	18.646	341	278	18	5	4	2
0.578	5.097	24	23	6334	263.917	60.812	243.500	201	423	38.708	34.708	20.583	0.409	0.107	0.401	38.725	34.706	20.517	37	33	20	4	4	3
0.603	5.255	25	23	7730	309.200	81.795	292.000	213	502	24.920	37.240	21.240	0.480	0.160	0.488	24.861	37.231	21.094	24	36	20	3	3	4
0.868	6.736	36	31	9074	252.056	38.515	242.500	203	338	32.750	67.889	21.639	0.549	0.177	0.578	32.751	67.871	21.619	31	67	20	4	3	5
0.723	6.154	30	27	7406	246.867	34.483	243.000	201	329	82.467	105.933	21.367	0.509	0.153	0.546	82.448	105.932	21.366	81	105	20	4	3	4
96.116	330.715	3988	2287	1689025	423.527	250.445	344.000	200	1986	114.251	134.324	22.310	4.161	2.046	3.932	115.080	134.963	22.320	80	108	20	64	52	7
2.820	17.070	117	98	30595	261.496	56.707	251.000	200	494	57.949	113.735	23.915	0.892	0.324	0.862	57.951	113.869	23.791	55	110	20	6	8	7
1.036	7.371	43	38	12090	281.163	65.859	265.000	200	469	71.814	117.907	21.558	0.573	0.188	0.609	71.831	117.881	21.494	70	117	20	4	3	5
0.313	3.633	13	13	3118	239.846	37.501	236.000	200	308	116.846	120.538	20.308	0.325	0.090	0.331	116.858	120.536	20.292	115	119	20	4	4	2
0.747	6.084	31	27	7959	256.742	42.718	253.000	203	344	99.774	135.290	21.226	0.498	0.132	0.481	99.797	135.316	21.182	98	134	20	4	4	4
1.277	9.152	53	44	12180	229.811	21.247	231.000	200	274	87.264	144.717	21.623	0.609	0.183	0.617	87.282	144.720	21.589	85	143	20	6	4	5
9.014	50.097	374	298	140001	374.334	168.007	318.500	200	1125	164.035	161.636	21.011	1.459	0.578	1.358	164.202	161.816	20.936	153	155	20	23	14	6
1.181	9.593	49	45	12131	247.571	34.047	240.000	201	347	135.061	157.490	21.429	0.638	0.227	0.654	135.129	157.489	21.397	132	156	20	7	4	5
7.399	38.779	307	217	91374	297.635	89.521	271.000	200	648	150.345	165.798	23.153	1.321	0.467	1.304	150.318	165.854	23.368	146	158	20	10	16	7
0.530	4.639	22	22	5544	252.000	51.891	229.000	201	380	128.500	160.227	20.364	0.392	0.122	0.403	128.585	160.267	20.349	126	159	20	5	4	2
0.265	3.051	11	11	2935	266.818	59.548	243.000	201	358	495.091	165.727	20.182	0.311	0.109	0.325	495.103	165.702	20.140	494	165	20	4	3	2
3.037	15.958	126	90	41891	332.468	130.071	290.500	200	717	115.690	174.643	22.825	0.885	0.268	0.865	115.827	174.618	22.890	113	173	20	6	5	7
0.940	6.542	39	36	12351	316.692	78.428	298.000	211	529	173.026	174.974	21.692	0.550	0.193	0.567	173.051	174.996	21.658	172	174	20	3	3	5
0.627	5.907	26	23	6395	245.962	42.448	234.000	200	362	132.038	168.038	23.346	0.498	0.177	0.445	132.055	168.060	23.380	131	167	21	3	3	5
1.253	8.534	52	44	14573	280.250	63.149	268.000	202	444	163.327	173.058	23.846	0.628	0.225	0.569	163.326	173.050	23.911	162	172	21	4	3	6
0.289	3.456	12	11	3018	251.500	43.945	235.500	208	344	181.083	189.083	21.583	0.338	0.084	0.323	181.103	189.075	21.568	180	188	21	3	3	3
0.892	7.177	37	32	9882	267.081	54.497	256.000	200	398	125.703	189.216	23.541	0.544	0.172	0.587	125.685	189.178	23.535	125	187	21	3	5	5
2.217	15.150	92	78	25398	276.065	95.249	233.500	200	573	235.902	195.457	22.065	0.742	0.238	0.729	236.041	195.110	22.006	232	192	21	8	9	4
0.313	3.580	13	13	3045	234.231	28.229	237.000	200	285	186.231	198.077	21.615	0.351	0.118	0.337	186.220	198.076	21.618	185	197	21	3	3	3
176.421	493.173	7320	3936	3543589	484.097	423.723	331.000	200	3446	253.522	220.393	22.995	4.812	2.294	4.412	253.518	221.622	23.044	214	198	21	82	46	6
0.964	7.778	40	37	11434	285.850	62.021	278.000	200	454	196.100	204.375	21.650	0.518	0.153	0.527	196.157	204.401	21.573	194	202	21	6	5	3
1.109	8.643	46	44	14427	313.630	95.553	293.500	202	612	170.348	204.870	21.543	0.541	0.175	0.538	170.466	204.895	21.472	167	203	21	7	5	3
1.542	10.563	64	51	25173	393.328	166.672	367.500	201	860	152.203	208.922	22.641	0.680	0.199	0.650	152.152	208.961	22.609	150	207	21	5	5	6
0.265	3.175	11	11	2852	259.273	45.675	260.000	200	331	174.727	210.091	21.091	0.336	0.141	0.319	174.646	210.111	21.070	173	209	21	5	3	2
0.651	5.255	27	25	7353	272.333	58.220	251.000	202	402	192.148	214.778	22.259	0.475	0.152	0.450	192.177	214.755	22.231	191	214	21	3	3	4
0.916	7.635	38	30	11591	305.026	83.811	282.000	201	528	185.789	220.237	23.605	0.570	0.185	0.580	185.778	220.234	23.657	184	219	21	4	4	6
0.988	9.947	41	40	9959	242.902	39.390	231.000	201	373	494.122	224.146	21.488	0.652	0.188	0.633	494.188	224.042	21.452	492	221	21	6	7	3
0.289	3.122	12	12	2904	242.000	31.418	231.500	200	313	480.833	225.917	21.333	0.307	0.070	0.326	480.838	225.901	21.305	480	225	21	3	3	2
3.302	22.538	137	115	32530	237.445	31.544	230.000	200	353	440.854	238.416	23.102	0.978	0.363	0.937	440.765	238.410	23.033	437	233	21	10	10	6
0.795	6.331	33	30	8932	270.667	68.342	252.000	200	439	293.030	235.303	22.091	0.502	0.150	0.475	293.041	235.322	21.971	291	234	21	4	4	4
0.313	3.262	13	13	2808	216.000	10.939	212.000	201	237	474.462	240.077	21.769	0.334	0.108	0.322	474.456	240.084	21.765	474	239	21	2	3	3
0.699	5.907	29	26	7499	258.586	45.729	249.000	203	361	467.655	241.862	23.000	0.531	0.208	0.489	467.635	241.844	22.973	467	241	21	3	3	5
3.687	22.928	153	125	41434	270.810	81.669	236.000	200	582	223.510	262.830	22.556	0.980	0.351	0.956	223.297	262.506	22.398	219	258	21	11	10	6
2.579	16.876	107	90	23218	216.991	12.551	214.000	200	247	439.093	264.766	23.159	0.864	0.304	0.854	439.094	264.784	23.154	435	261	21	7	8	6
1.157	8.199	48	41	13587	283.062	59.127	265.500	201	424	374.146	263.396	22.604	0.596	0.189	0.622	374.111	263.401	22.605	373	262	21	4	4	5
1.735	10.810	72	57	16219	225.264	15.309	223.500	201	254	397.958	264.486	22.625	0.660	0.148	0.655	397.956	264.483	22.599	396	263	21	5	5	5
3.567	16.823	148	105	50333	340.088	126.029	304.000	200	688	341.074	267.142	23.297	0.898	0.213	0.897	341.081	267.109	23.510	339	264	21	5	8	6
0.988	8.781	41	39	8898	217.024	14.320	216.000	200	265	306.488	272.585	23.341	0.698	0.318	0.666	306.478	272.586	23.297	305	271	21	5	4	6
0.530	4.867	22	20	6195	281.591	62.681	266.000	200	448	356.909	281.182	22.045	0.422	0.126	0.447	356.925	281.167	22.037	356	280	21	3	3	4
0.747	6.348	31	26	8457	272.806	60.115	272.000	207	410	348.032	282.387	23.355	0.519	0.164	0.512	348.035	282.398	23.380	347	281	21	3	4	5
1.591	10.439	66	53	26641	403.652	162.294	359.000	202	891	83.030	165.561	24.364	0.661	0.172	0.658	82.981	165.605	24.618	81	164	22	5	5	5
0.723	6.966	30	29	7933	264.433	64.348	229.500	205	438	134.333	183.767	24.933	0.536	0.245	0.496	134.449	183.735	25.073	131	182	22	6	4	5
0.241	3.209	10	10	2283	228.300	25.600	222.000	205	273	113.000	184.800	23.300	0.365	0.166	0.308	113.000	184.798	23.310	112	184	22	3	2	4
0.603	5.713	25	22	6503	260.120	42.253	251.000	204	343	169.120	236.240	23.840	0.506	0.202	0.471	169.166	236.269	23.755	168	235	22	3	3	5
1.615	11.391	67	55	16649	248.493	43.440	235.000	200	373	177.284	238.612	24.358	0.682	0.202	0.668	177.259	238.531	24.409	176	236	22	5	6	5
1.808	11.251	75	59	20182	269.093	64.389	249.000	200	440	394.040	244.827	24.547	0.673	0.153	0.648	394.029	244.895	24.625	391	243	22	6	5	5
0.362	4.232	15	13	3494	232.933	25.223	225.000	203	298	225.867	249.867	23.733	0.399	0.130	0.360	225.871	249.880	23.745	225	249	22	3	3	4
1.036	9.576	43	42	9453	219.837	15.619	215.000	200	267	470.581	253.279	24.279	0.736	0.284	0.674	470.547	253.313	24.254	468	249	22	6	8	5
2.989	20.332	124	106	28388	228.935	19.129	226.000	200	276	323.621	287.315	24.532	0.904	0.321	0.877	323.618	287.347	24.573	318	284	22	12	7	5
1.301	8.854	54	46	17120	317.037	101.518	283.000	207	620	74.537	104.241	25.111	0.575	0.137	0.569	74.497	104.183	25.210	72	102	23	5	6	4
0.819	6.525	34	29	8852	260.353	51.019	251.000	200	381	64.441	117.176	24.853	0.499	0.125	0.478	64.399	117.187	24.922	63	116	23	4	4	4
0.265	3.403	11	11	2776	252.364	35.528	237.000	206	313	1.909	146.182	24.545	0.398	0.171	0.344	1.926	146.194	24.547	1	145	23	2	3	4
0.337	4.038	14	13	3074	219.571	16.166	213.500	201	253	96.786	148.000	24.286	0.418	0.161	0.340	96.778	147.993	24.277	96	147	23	3	3	4
0.964	7.283	40	34	13132	328.300	122.523	295.500	200	688	141.925	171.800	24.900	0.534	0.134	0.517	141.904	171.837	25.078	140	170	23	5	4	4
0.386	4.038	16	16	3820	238.750	27.514	230.500	200	294	168.562	184.188	24.438	0.397	0.156	0.344	168.587	184.200	24.449	168	183	23	2	3	4
1.518	11.270	63	56	15280	242.540	34.945	233.000	201	346	183.175	230.032	25.175	0.675	0.233	0.663	183.160	229.981	25.213	180	226	23	7	7	4
0.578	5.061	24	22	7107	296.125	66.619	283.000	207	468	206.875	235.167	24.833	0.444	0.138	0.440	206.873	235.141	24.878	206	234	23	3	3	4
0.699	5.802	29	28	6674	230.138	29.739	222.000	201	320	43.207	86.000	25.310	0.450	0.130	0.473	43.213	85.954	25.350	42	84	24	3	5	3
0.362	4.603	15	14	3208	213.867	13.601	207.000	200	244	74.867	121.067	25.400	0.459	0.177	0.452	74.863	121.069	25.383	73	120	24	6	3	3
0.940	8.272	39	39	9190	235.641	44.507	218.000	201	373	103.513	158.077	25.487	0.580	0.253	0.532	103.699	158.085	25.533	99	157	24	9	4	3
0.988	8.061	41	40	10836	264.293	66.108	235.000	200	461	117.024	162.780	25.488	0.529	0.202	0.537	116.899	162.804	25.562	114	161	24	7	5	3
0.819	6.367	34	32	9838	289.353	74.217	260.500	205	464	169.647	228.000	25.324	0.466	0.111	0.491	169.603	227.943	25.385	168	226	24	4	5	3
1.880	12.753	78	71	19619	251.526	46.026	236.500	200	398	469.756	231.808	25.449	0.667	0.231	0.665	469.647	231.869	25.502	466	229	24	9	7	3
0.337	3.245	14	14	3975	283.929	61.957	273.000	200	428	33.214	53.071	25.643	0.325	0.077	0.333	33.206	53.122	25.688	32	52	25	3	3	2
0.386	4.198	16	16	3335	208.438	7.580	208.500	200	224	87.625	150.062	25.750	0.379	0.142	0.344	87.628	150.060	25.751	86	149	25	5	4	2
0.313	2.998	13	13	2802	215.538	16.107	208.000	200	244	484.615	228.000	25.462	0.311	0.058	0.339	484.613	227.991	25.467	484	227	25	3	3	2
0.362	3.951	15	15	3708	247.200	37.037	238.000	204	335	478.733	232.467	25.667	0.360	0.122	0.360	478.711	232.412	25.696	478	231	25	3	5	2
0.313	3.316	13	13	3051	234.692	34.444	216.000	200	302	484.538	239.923	25.538	0.318	0.068	0.332	484.531	239.890	25.572	483	239	25	4	3	2
0.289	3.051	12	12	3100	258.333	52.837	255.000	201	372	336.083	261.083	25.750	0.306	0.082	0.315	336.123	261.076	25.793	335	260	25	3	3	2
0.434	4.833	18	18	3911	217.278	13.042	216.000	201	244	329.944	262.944	25.778	0.427	0.153	0.465	329.931	262.937	25.791	328	261	25	5	5	2
0.747	7.177	31	29	8526	275.032	64.980	254.000	201	426	1.097	82.839	28.903	0.572	0.264	0.492	1.174	82.849	28.850	0	82	26	3	3	7
0.795	7.547	33	31	10525	318.939	104.007	299.000	203	561	1.364	116.606	28.000	0.567	0.210	0.529	1.437	116.618	28.116	0	115	26	3	4	5
0.289	3.228	12	12	2701	225.083	17.365	221.500	201	258	229.167	268.833	26.000	0.346	0.152	0.325	229.218	268.877	26.000	227	267	26	5	4	1
0.289	3.122	12	12	2913	242.750	33.035	238.500	203	305	32.167	47.500	28.667	0.307	0.071	0.316	32.179	47.492	28.669	31	46	28	3	4	2
0.434	3.439	18	18	5185	288.056	60.551	273.000	206	438	33.000	53.000	28.500	0.341	0.067	0.316	32.947	53.024	28.452	32	52	28	3	3	2
0.241	2.681	10	10	2359	235.900	24.085	234.000	200	275	56.400	102.600	28.600	0.294	0.068	0.284	56.416	102.613	28.602	55	102	28	3	3	2
0.892	6.280	37	37	16954	458.216	197.334	419.000	200	839	73.676	104.486	28.432	0.461	0.135	0.462	73.683	104.453	28.459	72	102	28	5	6	2
15.666	83.944	650	626	235125	361.731	146.188	322.500	200	1149	55.600	96.511	31.005	3.016	1.106	3.154	55.728	94.914	31.131	43	77	28	24	40	5
0.386	3.810	16	16	4912	307.000	85.199	268.000	234	460	81.500	111.500	28.250	0.338	0.086	0.373	81.513	111.497	28.218	80	110	28	4	4	2
1.470	9.612	61	53	19001	311.492	90.741	298.000	200	551	85.066	117.377	28.836	0.609	0.164	0.589	85.018	117.386	28.867	83	114	28	6	7	3
0.819	6.260	34	30	8285	243.676	31.564	233.500	204	307	77.853	117.676	28.971	0.487	0.101	0.492	77.882	117.668	28.954	76	116	28	5	4	3
21.788	92.088	904	712	274527	303.680	136.176	260.000	200	1160	90.614	142.551	29.085	2.744	1.254	2.674	91.302	141.580	29.110	81	123	28	27	38	3
1.350	10.109	56	56	17689	315.875	115.934	267.500	200	633	115.643	138.196	28.268	0.671	0.309	0.633	115.420	138.364	28.226	113	134	28	8	9	2
1.326	9.983	55	51	15202	276.400	72.520	249.000	204	507	101.218	144.418	29.418	0.616	0.216	0.604	101.337	144.533	29.493	98	141	28	7	8	3
1.518	8.413	63	54	36998	587.270	333.313	415.000	207	1462	116.000	163.000	29.000	0.575	0.089	0.556	115.895	163.056	29.024	114	161	28	5	5	3
0.289	3.245	12	12	3846	320.500	88.275	302.500	226	515	83.000	165.750	28.250	0.320	0.105	0.326	83.005	165.764	28.191	81	165	28	4	3	2
1.060	9.190	44	44	12712	288.909	84.071	264.000	200	534	150.705	168.932	28.273	0.623	0.260	0.600	150.885	168.992	28.241	146	166	28	9	7	2
0.530	4.673	22	20	6228	283.091	57.895	276.000	210	400	111.500	169.000	28.909	0.419	0.086	0.447	111.508	169.016	28.880	110	168	28	4	3	3
0.362	3.686	15	15	4871	324.733	101.197	294.000	200	524	141.533	171.600	28.267	0.333	0.086	0.349	141.553	171.655	28.248	140	170	28	4	4	2
2.290	14.549	95	85	56797	597.863	415.215	449.000	201	1932	1.053	180.989	30.116	0.788	0.255	0.818	1.030	180.979	30.640	0	176	28	3	10	5
114.361	329.964	4745	3458	2349544	495.162	347.454	389.000	200	3074	476.027	204.599	28.923	4.433	2.064	4.229	477.571	205.010	28.906	440	177	28	64	60	3
0.386	3.897	16	16	4691	293.188	65.881	285.500	217	425	135.000	183.500	28.625	0.354	0.105	0.342	135.003	183.502	28.543	134	182	28	3	4	3
0.265	3.051	11	11	2670	242.727	32.946	232.000	205	301	232.818	215.727	28.182	0.303	0.095	0.327	232.804	215.734	28.157	232	214	28	3	4	2
20.848	95.338	865	713	407461	471.053	350.598	324.000	200	2469	261.216	224.647	28.769	2.452	1.335	2.146	263.123	225.089	28.748	237	214	28	45	22	3
73.461	241.154	3048	2293	1102190	361.611	174.947	325.000	200	1959	334.932	239.359	28.914	5.915	2.149	6.009	335.281	238.905	28.890	298	224	28	83	30	3
21.691	77.686	900	685	251250	279.167	59.350	273.000	200	631	400.874	233.638	28.914	2.000	0.904	1.900	401.206	233.600	28.906	382	224	28	33	21	3
0.795	6.561	33	30	9946	301.394	84.503	274.000	209	509	184.879	227.333	28.636	0.495	0.159	0.476	184.866	227.197	28.597	184	225	28	3	7	3
0.627	5.344	26	26	6712	258.154	47.978	245.500	204	365	169.846	228.538	28.462	0.410	0.120	0.414	169.814	228.474	28.417	168	227	28	5	4	3
3.856	16.934	160	130	52441	327.756	97.004	296.000	201	691	470.794	232.644	29.000	0.863	0.261	0.833	470.706	232.700	29.024	466	230	28	11	6	3
2.169	12.700	90	76	23759	263.989	65.605	245.000	200	497	461.600	235.656	29.233	0.680	0.170	0.677	461.531	235.579	29.315	459	232	28	7	8	3
0.241	2.751	10	10	2400	240.000	26.754	244.000	200	275	378.700	235.600	28.600	0.312	0.105	0.282	378.687	235.595	28.566	378	235	28	3	2	3
2.121	12.152	88	75	26097	296.557	79.959	274.000	200	536	444.000	238.159	29.057	0.700	0.206	0.664	444.141	238.034	29.110	441	235	28	7	8	3
0.313	3.122	13	13	2966	228.154	18.375	222.000	200	257	284.385	238.538	28.385	0.326	0.087	0.307	284.388	238.534	28.365	283	238	28	4	2	2
0.988	9.048	41	39	8687	211.878	10.748	209.000	200	244	291.976	241.512	29.049	0.643	0.272	0.629	291.949	241.513	29.036	289	240	28	9	5	3
0.940	6.631	39	36	9566	245.282	41.876	232.000	200	373	393.179	244.615	28.897	0.494	0.104	0.496	393.195	244.671	28.834	391	243	28	5	4	3
0.434	4.144	18	17	4657	258.722	46.269	241.500	200	378	413.000	244.222	28.500	0.364	0.088	0.361	413.020	244.186	28.455	412	243	28	3	4	3
8.821	53.267	366	321	135089	369.096	222.886	268.500	200	1305	420.049	248.156	28.902	2.696	1.377	2.704	421.797	247.880	28.864	396	243	28	45	10	3
0.506	4.603	21	19	5334	254.000	35.633	245.000	207	328	173.762	254.667	28.905	0.412	0.093	0.420	173.745	254.689	28.883	173	253	28	3	4	3
1.012	6.384	42	38	18529	441.167	176.356	420.500	243	830	461.500	255.714	29.000	0.500	0.085	0.519	461.494	255.801	29.048	460	254	28	4	4	3
0.410	3.650	17	17	4222	248.353	30.834	259.000	203	295	379.941	255.529	29.059	0.373	0.122	0.429	379.887	255.519	29.068	379	255	28	3	2	3
5.302	31.275	220	192	53242	242.009	36.167	230.000	200	376	327.077	263.505	29.214	1.373	0.658	1.367	327.120	263.569	29.247	322	254	28	11	22	3
2.121	14.939	88	79	20395	231.761	26.424	225.500	200	319	312.773	261.148	29.341	0.781	0.304	0.733	312.782	261.087	29.365	309	258	28	10	9	3
0.554	4.726	23	22	6868	298.609	83.137	284.000	202	520	336.130	261.000	28.739	0.403	0.097	0.389	336.147	261.015	28.651	335	260	28	4	3	3
0.289	3.175	12	12	3486	290.500	63.663	279.000	202	432	340.500	266.000	28.167	0.315	0.101	0.317	340.482	266.021	28.145	339	265	28	4	3	2
0.916	6.578	38	36	23545	619.605	347.110	537.500	202	1389	229.421	268.921	28.947	0.500	0.130	0.487	229.518	269.165	29.108	227	268	28	6	3	3
0.410	3.774	17	17	3624	213.176	9.554	213.000	201	232	299.000	268.471	29.176	0.379	0.131	0.423	298.998	268.469	29.194	298	268	28	4	2	3
1.542	10.335	64	56	14893	232.703	24.434	227.000	200	283	305.750	272.812	28.984	0.623	0.170	0.625	305.755	272.808	28.982	303	271	28	7	5	3
2.049	15.802	85	82	20103	236.506	43.083	223.000	200	393	321.729	286.071	28.835	0.814	0.236	0.825	321.947	286.218	28.833	318	282	28	9	8	3
0.337	3.669	14	14	3011	215.071	9.507	212.000	201	233	49.000	100.786	29.000	0.470	0.243	0.500	48.982	100.769	29.000	46	100	29	7	3	1
0.265	3.403	11	11	2428	220.727	14.506	216.000	202	250	0.364	170.364	30.818	0.436	0.206	0.478	0.364	170.355	30.853	0	170	29	3	2	4
0.241	2.487	10	10	2150	215.000	10.914	210.000	203	230	443.500	258.800	29.600	0.289	0.056	0.282	443.499	258.787	29.612	443	258	29	2	3	2
0.410	4.304	17	17	3669	215.824	9.369	214.000	203	231	293.176	262.529	29.941	0.411	0.160	0.432	293.184	262.514	29.944	291	261	29	5	4	2
0.675	6.280	28	28	6289	224.607	18.017	218.000	200	267	37.536	81.429	31.750	0.464	0.174	0.421	37.540	81.464	31.762	36	78	31	4	7	2
0.434	3.951	18	18	4081	226.722	20.889	224.500	201	280	45.722	83.778	31.444	0.350	0.083	0.361	45.738	83.779	31.434	44	82	31	4	4	2
0.651	5.397	27	27	9738	360.667	131.050	325.000	210	706	64.259	98.481	31.370	0.418	0.131	0.418	64.169	98.401	31.339	62	97	31	6	4	2
0.386	3.810	16	16	4511	281.938	83.079	251.500	201	449	73.500	104.500	31.250	0.338	0.086	0.373	73.522	104.544	31.225	72	103	31	4	4	2
0.699	6.105	29	29	7093	244.586	28.429	238.000	201	289	67.586	117.345	32.000	0.512	0.191	0.541	67.603	117.326	32.000	64	115	32	7	6	1
8.170	56.248	339	339	123441	364.133	177.003	319.000	200	1486	88.873	143.563	32.000	2.322	1.144	2.245	88.306	142.687	32.000	80	126	32	22	35	1
0.723	6.616	30	30	11797	393.233	179.830	356.000	201	849	101.100	144.367	32.000	0.604	0.280	0.623	101.404	144.637	32.000	98	141	32	7	8	1
0.482	4.605	20	20	5600	280.000	62.746	266.000	202	421	76.650	152.200	32.000	0.448	0.186	0.452	76.638	152.229	32.000	74	150	32	6	5	1
0.410	4.040	17	17	8605	506.176	278.550	473.000	219	1119	115.647	163.000	32.000	0.385	0.140	0.418	115.740	163.012	32.000	114	161	32	5	5	1
0.506	4.922	21	21	5443	259.190	57.336	248.000	200	374	487.857	185.429	32.000	0.484	0.210	0.483	487.952	185.585	32.000	486	182	32	5	7	1
23.137	152.586	960	960	456697	475.726	374.682	333.000	200	2673	479.346	208.312	32.000	3.616	1.821	3.448	482.287	208.182	32.000	458	184	32	46	56	1
0.410	4.040	17	17	7290	428.824	183.048	384.000	221	807	472.353	187.000	32.000	0.385	0.140	0.418	472.330	186.953	32.000	470	185	32	5	5	1
0.434	4.164	18	18	4909	272.722	56.911	258.000	202	381	444.222	221.500	32.000	0.414	0.167	0.420	444.203	221.435	32.000	443	219	32	4	6	1
0.241	2.593	10	10	2413	241.300	30.041	243.000	202	293	455.900	222.200	32.000	0.298	0.122	0.299	455.874	222.174	32.000	455	221	32	3	4	1
1.639	12.864	68	68	19882	292.382	93.035	271.500	201	642	260.074	226.147	32.000	0.871	0.384	0.846	259.499	226.280	32.000	254	222	32	13	8	1
0.530	4.658	22	22	14567	662.136	428.703	589.500	209	1532	270.091	225.091	32.000	0.434	0.158	0.498	270.333	225.249	32.000	268	223	32	5	5	1
0.313	3.158	13	13	4687	360.538	115.795	366.000	202	578	278.385	226.385	32.000	0.335	0.115	0.377	278.292	226.246	32.000	277	225	32	4	4	1
9.785	71.121	406	406	133182	328.034	107.415	300.000	200	793	313.170	240.663	32.000	2.544	1.394	2.293	313.760	240.728	32.000	292	227	32	48	23	1
6.170	43.081	256	256	79662	311.180	91.080	284.000	200	596	357.883	241.375	32.000	1.995	0.995	1.897	358.536	240.701	32.000	343	228	32	25	27	1
4.531	33.901	188	188	47885	254.707	40.461	248.500	200	464	402.771	235.628	32.000	1.474	0.630	1.445	402.893	235.728	32.000	391	228	32	22	18	1
0.675	6.175	28	28	8275	295.536	75.221	290.500	200	459	443.643	238.857	32.000	0.571	0.254	0.564	443.765	238.726	32.000	441	235	32	6	8	1
0.603	5.417	25	25	7673	306.920	95.140	277.000	200	531	370.520	244.880	32.000	0.470	0.171	0.482	370.482	244.777	32.000	368	242	32	6	6	1
0.819	7.305	34	34	13128	386.118	155.035	336.000	208	790	435.441	245.118	32.000	0.706	0.317	0.684	434.979	245.193	32.000	431	243	32	10	5	1
0.265	2.911	11	11	2658	241.636	24.480	235.000	206	282	376.545	246.636	32.000	0.312	0.109	0.365	376.558	246.644	32.000	375	245	32	4	4	1
0.482	4.799	20	20	4615	230.750	23.409	225.000	203	293	410.050	249.600	32.000	0.508	0.244	0.501	410.143	249.631	32.000	406	248	32	8	4	1
1.928	14.154	80	80	27237	340.462	107.749	333.500	201	715	328.075	258.987	32.000	0.880	0.355	0.886	327.985	259.267	32.000	324	254	32	10	12	1
1.639	13.640	68	68	17752	261.059	58.897	242.500	200	438	313.706	261.324	32.000	1.014	0.508	0.990	313.427	261.351	32.000	308	257	32	14	11	1
0.289	3.034	12	12	3230	269.167	61.160	269.000	201	391	352.750	261.667	32.000	0.325	0.117	0.345	352.775	261.691	32.000	351	260	32	4	4	1
0.723	6.229	30	30	7436	247.867	26.863	243.000	206	306	292.200	262.867	32.000	0.533	0.219	0.540	292.180	262.864	32.000	288	261	32	8	5	1
0.265	2.717	11	11	7745	704.091	397.979	556.000	210	1279	229.636	268.909	32.000	0.311	0.116	0.314	229.604	269.236	32.000	228	268	32	4	3	1
0.482	4.605	20	20	5060	253.000	43.360	246.000	201	351	323.050	272.400	32.000	0.468	0.205	0.455	323.105	272.271	32.000	321	270	32	5	6	1
0.265	2.911	11	11	2460	223.636	19.304	227.000	200	256	304.182	273.182	32.000	0.309	0.118	0.297	304.194	273.170	32.000	303	272	32	4	4	1
