Volume (micron^3)	Surface (micron^2)	Nb of obj. voxels	Nb of surf. voxels	IntDen	Mean	StdDev	Median	Min	Max	X	Y	Z	Mean dist. to surf. (micron)	SD dist. to surf. (micron)	Median dist. to surf. (micron)	XM	YM	ZM	BX	BY	BZ	B-width	B-height	B-depth
3716.273	8832.675	154194	70152	73983920	479.811	408.733	342.000	200	3976	250.952	146.365	15.303	22.560	11.378	22.645	254.702	163.200	14.733	194	0	1	130	342	34
0.627	5.907	26	23	6779	260.731	50.309	246.500	206	391	189.269	3.038	3.192	0.502	0.196	0.446	189.255	3.030	3.187	188	2	1	3	3	5
0.723	6.030	30	27	8212	273.733	54.627	256.500	210	411	188.767	8.033	2.600	0.511	0.178	0.578	188.755	8.039	2.580	188	7	1	3	3	5
1.157	7.671	48	43	18472	384.833	173.969	356.000	200	867	183.000	29.562	2.271	0.563	0.152	0.565	182.882	29.583	2.006	182	28	1	4	5	4
18.558	92.299	770	529	214934	279.135	93.126	247.000	200	803	195.270	39.784	4.534	2.385	0.861	2.368	195.205	40.097	4.387	185	29	1	18	30	8
2.362	18.057	98	88	21301	217.357	13.534	215.000	200	257	199.408	61.745	4.653	0.998	0.435	1.007	199.430	61.731	4.698	196	59	1	7	8	8
3.254	18.408	135	106	50062	370.830	164.035	323.000	201	878	185.141	82.304	4.526	0.989	0.366	1.002	185.230	82.122	4.958	183	80	1	5	7	8
0.892	6.454	37	32	11803	319.000	106.286	291.000	202	634	200.324	99.405	1.973	0.493	0.095	0.496	200.287	99.319	1.838	199	98	1	4	4	4
202.065	588.110	8384	4261	3378399	402.958	270.639	323.000	200	2999	219.256	138.353	5.423	5.219	2.235	5.091	220.937	137.758	5.486	196	102	1	56	71	15
2.699	15.657	112	87	33775	301.562	87.593	289.500	200	571	195.420	120.938	4.714	0.941	0.370	0.959	195.401	120.935	4.583	193	119	1	5	5	8
0.434	4.179	18	18	3821	212.278	3.461	211.500	207	218	200.556	158.500	2.778	0.492	0.235	0.505	200.557	158.495	2.774	200	158	1	2	2	5
4.893	24.070	203	139	58003	285.729	91.978	248.000	200	652	201.266	176.916	3.655	1.093	0.381	1.049	201.219	176.927	3.294	198	174	1	7	8	9
0.747	8.163	31	31	6927	223.452	26.537	211.000	201	294	224.871	181.968	5.258	0.839	0.432	0.858	224.912	181.982	5.121	223	181	1	4	3	9
0.988	7.705	41	37	10355	252.561	44.402	246.000	201	382	213.951	190.902	3.634	0.607	0.260	0.594	213.949	190.905	3.625	213	190	1	3	3	6
6.628	31.334	275	187	97731	355.385	130.302	329.000	200	782	191.076	207.778	5.807	1.248	0.418	1.275	191.027	207.842	5.921	188	203	1	9	10	9
0.265	2.821	11	11	2500	227.273	19.744	235.000	200	252	241.455	209.545	1.909	0.334	0.126	0.396	241.415	209.540	1.908	241	209	1	2	2	3
0.868	6.578	36	32	11835	328.750	120.996	294.500	200	684	215.167	212.750	1.917	0.487	0.111	0.479	215.156	212.801	1.777	213	211	1	5	4	4
1.181	8.270	49	42	14046	286.653	73.596	273.000	203	444	198.714	213.898	2.776	0.607	0.192	0.572	198.718	213.918	2.697	197	212	1	4	4	5
6.266	32.621	260	181	95988	369.185	145.041	331.500	200	787	241.569	292.273	4.715	1.253	0.438	1.281	241.035	292.049	4.464	236	290	1	14	8	9
1.012	7.089	42	37	15882	378.143	159.385	324.500	203	823	241.095	296.500	2.024	0.513	0.117	0.499	241.067	296.534	1.866	239	295	1	5	4	4
3.808	19.167	158	109	65032	411.595	198.304	344.500	200	1141	246.146	302.886	3.690	0.947	0.266	0.961	246.342	302.945	3.487	242	301	1	8	5	7
6.098	38.120	253	196	91583	361.988	183.089	291.000	200	1107	252.146	313.941	5.743	1.311	0.512	1.302	251.966	314.215	5.573	246	307	1	12	12	9
2.290	12.960	95	71	39309	413.779	195.104	362.000	201	955	314.453	356.800	4.147	0.826	0.299	0.842	314.460	356.737	4.091	313	355	1	4	5	7
24.632	97.092	1022	650	359562	351.822	195.908	272.000	200	1396	328.511	368.561	6.880	2.012	0.816	1.818	329.084	369.396	6.880	318	358	1	22	26	9
3.495	19.661	145	103	48695	335.828	167.110	259.000	201	954	312.048	363.131	3.724	0.988	0.383	0.931	312.121	362.895	3.276	308	361	1	8	6	9
2.338	15.657	97	78	32941	339.598	143.517	279.000	201	825	302.289	363.175	5.361	0.899	0.358	0.848	302.482	363.065	5.129	299	361	1	6	7	8
0.313	3.791	13	13	3119	239.923	37.504	223.000	203	315	298.000	363.231	2.154	0.389	0.164	0.417	298.000	363.225	2.152	297	363	1	3	2	4
0.868	6.719	36	33	9346	259.611	39.364	252.000	204	353	319.611	376.278	2.111	0.524	0.162	0.494	319.539	376.286	2.090	318	375	1	5	3	4
163.816	270.061	6797	2339	2535142	372.980	120.459	363.000	200	1805	365.525	391.327	5.625	3.452	0.916	3.501	366.101	390.386	5.745	348	372	1	37	40	9
1.060	8.587	44	40	11333	257.568	45.457	245.500	200	367	322.568	389.705	3.227	0.624	0.257	0.577	322.651	389.679	3.123	320	389	1	6	3	6
12.509	55.103	519	333	191669	369.304	188.923	310.000	200	1456	332.268	398.699	5.349	1.442	0.400	1.487	332.033	399.058	5.086	325	393	1	12	12	9
102.647	293.760	4259	1980	1279675	300.464	89.280	279.000	200	944	404.919	430.304	4.871	3.293	1.196	3.224	405.026	429.570	4.772	386	409	1	46	38	9
157.550	407.555	6537	3157	2110820	322.903	105.070	303.000	200	1440	503.214	450.867	10.841	3.300	1.279	3.133	503.452	450.812	10.494	491	434	1	21	34	26
0.289	3.333	12	12	2750	229.167	20.462	223.500	200	258	394.250	442.500	2.000	0.367	0.178	0.414	394.243	442.501	1.971	393	442	1	3	2	4
0.506	4.549	21	21	7943	378.238	156.445	346.000	201	784	431.810	510.429	2.048	0.416	0.150	0.436	431.761	510.346	1.836	430	510	1	4	2	4
4.941	34.150	205	205	65389	318.971	116.972	275.000	200	832	441.912	510.517	9.083	1.773	0.814	1.705	441.965	510.526	8.484	435	510	1	14	2	16
1.928	14.651	80	80	21862	273.275	57.745	266.000	200	461	479.562	510.413	4.600	0.991	0.485	0.980	479.652	510.375	4.688	476	510	1	7	2	10
3.133	20.507	130	106	38702	297.708	72.148	286.000	200	522	184.162	104.708	6.054	0.956	0.349	0.964	184.179	104.704	6.103	180	103	2	10	5	7
12.509	65.800	519	386	247253	476.403	375.197	327.000	200	2324	266.913	325.372	7.276	1.505	0.510	1.521	266.962	325.496	7.265	260	317	2	19	15	8
0.844	8.040	35	35	13047	372.771	126.185	360.000	202	679	359.343	421.457	5.429	0.661	0.325	0.629	359.244	421.503	5.403	358	421	2	4	2	7
1.181	8.410	49	42	18736	382.367	138.065	341.000	204	787	188.224	142.939	5.714	0.645	0.246	0.615	188.222	142.935	5.717	187	142	3	4	3	6
0.795	6.876	33	33	12690	384.545	158.231	329.000	211	795	182.394	154.727	5.818	0.575	0.257	0.518	182.305	154.731	5.756	182	153	3	2	4	6
7.230	37.989	300	221	150730	502.433	403.181	328.500	200	2080	216.953	177.257	7.120	1.187	0.343	1.174	217.571	177.192	7.181	211	171	3	11	12	7
0.892	6.929	37	32	9436	255.027	42.859	253.000	208	365	207.865	208.703	5.000	0.579	0.205	0.510	207.868	208.694	5.001	207	207	3	3	4	5
6.001	32.397	249	183	78369	314.735	98.330	285.000	201	709	221.992	223.349	7.398	1.195	0.517	1.129	221.924	223.482	7.364	219	212	3	8	18	7
0.386	4.355	16	15	3847	240.438	35.250	230.000	203	326	245.250	224.000	4.875	0.394	0.134	0.389	245.244	224.016	4.871	244	223	3	3	3	4
1.301	9.363	54	43	17636	326.593	117.604	301.000	202	623	216.259	238.389	6.222	0.649	0.220	0.590	216.246	238.417	6.178	215	237	3	4	4	7
0.337	4.038	14	14	3189	227.786	25.299	225.500	201	281	364.143	416.571	4.571	0.404	0.174	0.333	364.148	416.533	4.550	362	416	3	4	3	4
2.531	15.715	105	89	33594	319.943	104.202	294.000	201	615	247.867	37.819	7.010	0.767	0.235	0.791	247.686	37.723	7.085	245	35	4	8	8	5
7.230	43.893	300	231	73709	245.697	39.502	236.500	200	400	197.360	170.077	11.137	1.437	0.580	1.395	197.437	170.086	11.035	193	166	4	12	9	13
2.675	16.135	111	80	27296	245.910	32.911	239.000	200	336	208.721	239.811	6.694	0.822	0.218	0.808	208.755	239.815	6.717	205	237	4	8	6	6
7.978	33.832	331	223	152020	459.275	239.563	380.000	200	1283	268.205	308.178	7.625	1.138	0.297	1.170	268.524	308.253	7.784	263	302	4	11	13	6
0.747	7.140	31	31	8902	287.161	73.436	265.000	206	492	295.290	368.645	6.581	0.595	0.268	0.603	295.294	368.702	6.475	294	368	4	3	3	6
0.747	6.665	31	27	8231	265.516	54.399	248.000	202	394	346.516	399.774	5.903	0.514	0.174	0.484	346.484	399.763	5.884	345	399	4	4	3	5
0.916	7.089	38	33	11271	296.605	77.436	269.000	213	456	249.395	27.658	7.026	0.526	0.138	0.515	249.385	27.638	7.092	248	26	5	4	5	4
4.748	28.000	197	171	49614	251.848	46.459	237.000	200	420	244.259	113.157	7.437	1.213	0.489	1.227	244.099	113.076	7.464	239	108	5	15	14	4
0.434	4.620	18	18	4824	268.000	53.856	257.500	210	380	181.444	118.056	6.556	0.428	0.165	0.353	181.377	118.055	6.632	181	117	5	3	3	4
0.386	3.844	16	16	3969	248.062	39.165	235.000	204	323	202.000	220.500	6.500	0.377	0.139	0.340	202.007	220.519	6.469	201	220	5	3	2	4
0.988	7.177	41	36	10625	259.146	46.102	246.000	202	365	230.073	266.293	7.171	0.566	0.189	0.534	230.071	266.318	7.228	229	265	5	3	4	5
0.458	4.232	19	19	4548	239.368	30.839	231.000	200	300	309.526	358.053	6.737	0.412	0.156	0.394	309.526	358.031	6.740	309	357	5	2	3	4
1.157	10.209	48	45	14510	302.292	81.818	296.000	202	533	345.625	412.292	6.938	0.632	0.222	0.656	345.452	412.253	7.001	344	411	5	6	4	5
0.530	4.937	22	21	5573	253.318	44.102	256.000	207	339	468.591	452.818	7.364	0.465	0.186	0.398	468.578	452.805	7.370	468	452	5	3	3	5
4.627	29.691	192	192	69615	362.578	140.170	335.500	200	806	393.031	510.552	10.516	1.292	0.572	1.264	393.314	510.594	10.300	386	510	5	15	2	13
1.277	9.173	53	52	16705	315.189	98.053	288.000	205	550	256.094	29.811	7.642	0.560	0.191	0.567	256.154	29.893	7.701	254	27	6	6	7	3
1.735	12.947	72	66	29368	407.889	200.658	340.500	200	1109	237.417	92.819	7.500	0.723	0.285	0.716	237.244	92.847	7.608	235	88	6	8	10	3
0.506	5.238	21	21	4681	222.905	21.262	216.000	201	279	231.857	136.333	7.286	0.426	0.155	0.409	231.869	136.373	7.320	231	134	6	3	5	3
1.157	10.247	48	46	11439	238.312	32.329	230.000	200	332	224.312	243.562	8.417	0.665	0.259	0.660	224.347	243.520	8.465	223	239	6	5	9	4
0.337	3.914	14	14	4193	299.500	72.233	271.500	205	427	256.286	323.429	7.857	0.425	0.196	0.434	256.245	323.482	7.876	255	322	6	3	3	4
1.518	10.194	63	52	29366	466.127	252.420	398.000	203	1258	280.762	333.333	8.048	0.623	0.165	0.600	280.713	333.531	8.231	279	330	6	5	7	4
1.470	10.546	61	55	14709	241.131	31.843	234.000	200	343	341.918	387.180	8.016	0.664	0.227	0.659	341.872	387.113	8.068	340	384	6	5	8	4
0.482	4.743	20	18	4668	233.400	30.835	228.000	200	301	317.300	391.000	7.500	0.428	0.139	0.361	317.307	391.001	7.498	316	390	6	3	3	4
0.675	6.525	28	25	6390	228.214	21.582	222.500	201	278	371.643	414.929	7.179	0.504	0.157	0.527	371.642	414.947	7.170	370	413	6	4	5	4
0.265	3.015	11	11	2620	238.182	21.945	232.000	205	275	378.455	419.636	7.364	0.354	0.157	0.297	378.452	419.650	7.347	378	419	6	2	2	4
0.723	5.890	30	27	9110	303.667	79.907	294.500	206	499	424.767	448.967	7.900	0.479	0.139	0.466	424.746	448.975	7.944	423	448	6	4	3	4
0.530	5.589	22	22	6151	279.591	72.190	254.000	206	424	223.545	0.318	9.773	0.505	0.245	0.488	223.526	0.274	9.795	222	0	7	4	2	6
0.434	4.057	18	18	5423	301.278	101.622	257.500	205	536	243.667	58.500	7.778	0.358	0.101	0.367	243.720	58.478	7.826	242	57	7	4	4	2
0.458	4.004	19	19	4423	232.789	28.244	226.000	200	299	196.421	70.000	7.632	0.357	0.088	0.365	196.403	70.003	7.662	195	69	7	4	3	2
0.771	6.333	32	32	10798	337.438	139.380	300.500	205	702	256.938	119.500	7.719	0.458	0.149	0.460	257.070	119.558	7.771	255	117	7	5	6	2
2.699	19.495	112	112	30203	269.670	63.253	249.000	200	491	256.330	139.902	7.750	1.005	0.404	0.987	256.418	139.894	7.783	251	133	7	10	16	2
0.410	3.968	17	16	3989	234.647	26.951	232.000	200	296	209.176	217.706	8.176	0.388	0.102	0.404	209.166	217.707	8.209	208	217	7	3	3	3
1.615	10.601	67	59	24564	366.627	138.423	337.000	200	746	257.015	294.642	8.358	0.635	0.192	0.608	256.881	294.702	8.465	254	292	7	8	6	3
1.133	7.761	47	41	21191	450.872	260.766	362.000	201	1256	298.851	319.915	8.277	0.526	0.101	0.544	298.787	319.961	8.469	297	318	7	5	5	3
0.506	4.990	21	20	5190	247.143	36.546	253.000	201	319	305.714	355.524	8.143	0.409	0.113	0.411	305.729	355.521	8.155	304	354	7	4	4	3
1.133	10.301	47	46	11427	243.128	35.811	233.000	201	355	390.979	412.255	8.596	0.728	0.304	0.761	390.986	412.228	8.624	387	409	7	9	8	3
0.868	6.878	36	33	10742	298.389	82.466	261.000	208	519	477.000	452.278	8.361	0.493	0.146	0.515	477.023	452.290	8.445	474	451	7	6	4	3
0.362	3.897	15	14	4039	269.267	46.139	251.000	213	362	486.600	451.800	8.467	0.359	0.100	0.344	486.597	451.774	8.504	485	451	7	4	3	3
0.241	2.787	10	10	2577	257.700	28.402	254.500	212	301	225.300	83.800	8.000	0.335	0.157	0.336	225.321	83.798	8.000	223	83	8	5	3	1
0.410	3.934	17	17	3935	231.471	33.945	218.000	200	300	251.412	276.588	8.765	0.349	0.095	0.377	251.423	276.620	8.784	250	275	8	4	4	2
0.651	5.327	27	27	9283	343.815	134.460	293.000	202	700	284.074	282.704	8.667	0.413	0.118	0.414	284.087	282.732	8.747	282	281	8	5	5	2
0.362	3.492	15	15	3736	249.067	39.716	229.000	210	330	254.200	287.600	8.733	0.335	0.092	0.349	254.244	287.557	8.735	253	286	8	3	4	2
0.241	2.681	10	10	2229	222.900	16.656	225.500	200	247	250.500	299.000	8.600	0.293	0.059	0.319	250.501	299.005	8.609	250	298	8	2	3	2
0.313	3.299	13	13	3950	303.846	95.773	262.000	205	486	301.385	333.077	8.846	0.324	0.104	0.344	301.364	333.123	8.884	300	332	8	4	3	2
0.410	3.934	17	17	5478	322.235	90.218	298.000	208	512	411.412	417.588	8.765	0.349	0.095	0.377	411.459	417.621	8.782	410	416	8	4	4	2
3.639	22.972	151	151	76900	509.272	316.805	405.000	202	1652	378.636	510.464	13.748	1.167	0.510	1.130	378.917	510.522	13.712	374	510	9	10	2	11
0.819	7.652	34	34	9848	289.647	72.588	270.500	200	454	404.706	510.676	12.265	0.614	0.289	0.572	404.670	510.731	12.211	403	510	9	4	2	7
0.506	4.285	21	20	5184	246.857	36.548	239.000	204	313	200.952	27.190	10.857	0.401	0.098	0.419	200.930	27.230	10.834	200	26	10	3	3	3
2.627	16.418	109	88	30399	278.890	71.263	258.000	200	508	189.092	30.477	11.514	0.826	0.272	0.796	189.201	30.444	11.416	185	28	10	8	7	7
0.265	3.333	11	10	2527	229.727	27.749	220.000	210	296	250.000	47.000	10.636	0.333	0.079	0.319	250.010	47.003	10.614	249	46	10	3	3	3
6.483	29.361	269	176	96506	358.758	141.419	323.000	201	864	196.126	55.056	12.394	1.126	0.293	1.102	196.081	55.165	12.268	193	49	10	8	12	7
6.170	25.781	256	167	109845	429.082	226.234	336.500	200	1269	182.312	58.312	13.312	1.118	0.274	1.132	182.344	58.335	13.584	179	53	10	7	10	7
11.810	51.474	490	321	160237	327.014	150.522	274.000	200	1070	196.184	69.665	13.286	1.464	0.444	1.431	196.052	69.682	13.394	190	63	10	12	17	7
8.917	41.324	370	248	126349	341.484	181.078	281.000	200	1360	212.308	109.514	11.705	1.265	0.393	1.236	212.344	109.886	11.420	207	102	10	13	15	7
0.554	6.578	23	23	4895	212.826	9.585	210.000	200	235	202.696	107.304	11.261	0.677	0.385	0.594	202.708	107.314	11.223	201	106	10	5	5	6
2.386	14.884	99	80	21850	220.707	17.543	215.000	200	272	195.374	108.980	14.111	0.809	0.291	0.803	195.365	108.951	14.161	193	106	10	6	7	7
0.241	2.734	10	10	2137	213.700	13.720	208.500	201	239	205.200	117.100	10.200	0.288	0.085	0.309	205.213	117.105	10.191	204	116	10	3	3	2
1.253	9.171	52	47	12852	247.154	45.284	233.500	200	389	226.827	130.750	10.808	0.592	0.181	0.576	226.802	130.775	10.732	225	128	10	6	6	4
4.411	19.908	183	124	105897	578.672	401.686	405.000	200	1827	194.770	150.645	13.415	0.996	0.259	1.025	194.697	150.620	13.696	192	147	10	6	8	7
1.229	9.239	51	45	15910	311.961	96.295	287.000	201	553	204.902	1.490	14.039	0.654	0.274	0.573	204.877	1.485	14.040	204	0	11	3	4	7
0.554	5.449	23	20	6034	262.348	46.537	249.000	208	379	243.130	53.174	12.913	0.454	0.169	0.459	243.138	53.196	12.916	242	52	11	3	3	5
0.265	3.650	11	11	2403	218.455	16.609	213.000	201	254	193.818	78.909	12.364	0.395	0.189	0.327	193.835	78.919	12.352	192	78	11	4	3	4
1.205	8.834	50	39	11866	237.320	25.971	233.500	200	292	189.220	98.340	12.880	0.609	0.171	0.571	189.194	98.322	12.859	188	96	11	4	5	5
0.940	8.076	39	35	9369	240.231	34.878	232.000	201	355	193.897	143.179	14.308	0.624	0.262	0.594	193.916	143.228	14.395	193	141	11	3	5	6
12.750	39.578	529	283	166964	315.622	106.581	284.000	200	758	216.783	176.480	13.168	1.332	0.224	1.336	216.958	176.257	12.951	212	170	11	11	14	6
4.025	18.975	167	110	53893	322.713	108.760	290.000	200	673	192.766	210.305	13.036	0.917	0.191	0.902	192.781	210.297	12.863	190	207	11	7	7	6
1.374	9.874	57	53	13580	238.246	29.986	230.000	200	319	203.684	210.596	13.298	0.737	0.291	0.747	203.698	210.672	13.315	202	207	11	4	6	6
0.337	3.439	14	14	3716	265.429	49.952	251.000	215	375	222.143	213.357	11.357	0.323	0.075	0.335	222.171	213.340	11.328	221	212	11	3	4	2
0.506	4.743	21	20	4862	231.524	23.878	226.000	200	285	207.857	217.667	12.143	0.453	0.165	0.442	207.868	217.660	12.104	207	217	11	3	3	4
5.736	31.251	238	184	67841	285.046	74.447	266.500	200	513	224.395	226.483	13.571	1.218	0.465	1.140	224.374	226.492	13.593	221	219	11	10	17	6
42.105	141.385	1747	1000	698294	399.710	202.587	331.000	200	1467	236.624	240.357	13.726	2.406	0.863	2.407	237.504	239.815	13.635	222	229	11	29	27	6
0.241	3.015	10	10	2129	212.900	10.461	207.500	201	232	231.600	244.600	12.400	0.365	0.164	0.295	231.607	244.608	12.399	231	244	11	2	2	4
32.730	106.076	1358	769	486206	358.031	175.391	293.000	200	1234	252.485	285.605	13.805	2.207	0.835	2.165	252.965	286.228	13.845	239	274	11	25	26	6
0.289	3.068	12	12	2665	222.083	22.277	212.500	200	256	256.833	303.500	11.833	0.325	0.110	0.336	256.835	303.506	11.797	256	303	11	3	2	3
4.314	20.386	179	125	81663	456.218	265.566	368.000	200	1433	310.704	313.989	13.933	0.970	0.238	0.951	310.779	314.059	13.713	308	309	11	6	9	6
8.676	37.405	360	238	186687	518.575	429.440	340.500	200	2298	298.317	319.292	13.733	1.209	0.274	1.185	298.454	319.649	13.407	292	314	11	12	11	6
22.752	102.364	944	642	423061	448.158	289.555	342.000	200	1769	303.276	341.841	14.210	2.306	0.978	2.378	302.371	340.870	14.135	289	330	11	30	25	6
297.627	750.903	12349	6241	4951823	400.990	240.998	332.000	200	2345	370.810	391.349	13.700	7.304	3.904	6.276	371.660	389.173	13.653	318	356	11	106	79	6
4.121	32.926	171	162	38631	225.912	25.191	216.000	200	323	333.035	401.637	13.263	1.320	0.475	1.295	333.075	401.720	13.280	328	395	11	13	14	6
2.049	12.996	85	67	20761	244.247	30.194	242.000	202	308	385.318	422.388	13.259	0.785	0.258	0.772	385.338	422.380	13.275	382	420	11	7	5	6
3.567	16.947	148	102	64097	433.088	266.414	329.000	200	1426	428.236	438.243	13.101	0.880	0.197	0.879	428.506	438.282	12.756	425	436	11	7	6	6
8.508	40.665	353	241	85212	241.394	31.714	235.000	200	384	396.912	443.963	13.161	1.374	0.506	1.342	397.008	444.055	13.134	389	439	11	18	13	6
0.265	2.928	11	11	2448	222.545	19.952	219.000	202	259	417.364	441.364	11.273	0.325	0.103	0.337	417.378	441.361	11.250	416	441	11	4	2	2
1.976	12.150	82	64	30019	366.085	151.480	320.500	202	791	475.927	452.159	12.500	0.697	0.167	0.684	476.052	452.146	12.304	473	450	11	7	5	5
0.434	4.814	18	18	4460	247.778	36.444	245.000	200	318	181.611	77.444	13.333	0.426	0.161	0.440	181.582	77.411	13.314	181	76	12	3	4	4
4.941	24.447	205	152	91036	444.078	217.798	375.000	202	1352	271.415	141.015	14.868	0.941	0.240	0.953	271.204	140.994	15.045	267	136	12	11	11	5
0.530	5.131	22	21	4797	218.045	13.239	215.000	200	249	222.909	189.636	13.591	0.464	0.192	0.389	222.928	189.638	13.570	222	189	12	3	3	5
1.928	13.350	80	68	24738	309.225	113.345	254.500	200	661	363.413	419.138	14.725	0.756	0.271	0.705	363.122	419.095	14.769	360	417	12	10	5	5
1.036	8.199	43	37	11368	264.372	56.776	244.000	201	384	488.860	448.907	14.395	0.588	0.206	0.590	488.843	448.872	14.476	487	447	12	5	4	5
0.675	6.030	28	28	7082	252.929	44.512	258.500	200	320	410.321	452.571	14.250	0.510	0.212	0.510	410.351	452.564	14.286	409	452	12	4	2	5
0.627	5.642	26	24	6014	231.308	26.363	227.500	202	299	212.077	216.923	14.500	0.465	0.143	0.403	212.091	216.923	14.514	211	216	13	3	3	4
1.542	10.919	64	55	22404	350.062	131.239	324.000	200	762	304.672	287.781	15.391	0.648	0.214	0.629	304.520	287.778	15.475	302	285	13	8	7	4
0.627	5.255	26	24	6674	256.692	42.330	247.000	202	351	288.885	321.192	14.731	0.458	0.141	0.429	288.864	321.216	14.752	288	320	13	3	3	4
0.699	6.331	29	26	7095	244.655	33.951	241.000	201	315	468.172	450.345	15.069	0.489	0.157	0.483	468.159	450.335	15.106	467	448	13	4	5	4
0.410	4.232	17	17	4298	252.824	42.110	239.000	201	334	492.706	466.529	14.882	0.423	0.180	0.408	492.696	466.567	14.936	492	465	13	3	3	4
0.362	3.827	15	14	3662	244.133	41.474	231.000	200	348	222.000	106.000	15.533	0.349	0.091	0.324	222.009	105.961	15.576	221	105	14	3	3	3
0.313	3.774	13	13	2824	217.231	12.755	212.000	200	238	418.308	447.769	15.385	0.396	0.153	0.382	418.307	447.803	15.400	418	445	14	2	5	3
0.554	5.027	23	22	6028	262.087	55.164	237.000	203	407	487.870	462.043	15.565	0.401	0.112	0.384	487.857	462.061	15.609	486	460	14	4	5	3
0.771	6.171	32	32	10606	331.438	87.842	321.000	207	521	337.125	510.500	16.500	0.600	0.275	0.618	337.128	510.520	16.527	336	510	14	3	2	6
0.337	3.245	14	14	3193	228.071	21.496	223.500	202	275	205.214	49.071	15.643	0.325	0.077	0.333	205.227	49.061	15.661	204	48	15	3	3	2
0.241	2.734	10	10	2330	233.000	37.671	213.500	201	299	314.800	335.100	15.800	0.288	0.085	0.309	314.783	335.133	15.823	314	334	15	3	3	2
0.265	2.998	11	11	2268	206.182	3.945	206.000	200	213	273.000	340.182	15.636	0.333	0.115	0.321	272.992	340.187	15.638	272	339	15	4	3	2
0.265	2.804	11	11	2642	240.182	33.289	229.000	205	309	391.364	436.182	15.636	0.298	0.063	0.298	391.369	436.167	15.649	390	435	15	3	3	2
0.482	4.620	20	20	5042	252.100	40.851	248.500	201	329	216.550	8.150	20.450	0.447	0.199	0.368	216.544	8.152	20.451	216	7	18	2	3	5
0.241	3.068	10	10	2146	214.600	12.376	211.000	201	235	212.300	30.500	18.500	0.330	0.120	0.289	212.290	30.493	18.494	211	30	18	3	3	3
1.060	8.589	44	42	9931	225.705	21.298	220.000	201	286	230.727	33.068	18.545	0.536	0.177	0.548	230.759	33.043	18.532	228	30	18	6	7	3
7.833	29.329	325	188	106363	327.271	115.943	290.000	200	698	223.342	38.698	20.108	1.131	0.182	1.122	223.461	38.704	19.850	220	33	18	8	11	7
8.821	44.288	366	272	106681	291.478	101.129	255.000	200	738	236.869	41.702	20.044	1.326	0.432	1.289	236.441	41.824	20.166	232	36	18	15	11	8
1.591	9.416	66	54	21230	321.667	102.800	293.500	202	587	204.591	48.379	19.818	0.657	0.178	0.621	204.549	48.378	19.703	203	47	18	4	4	5
10.629	49.851	441	308	137629	312.084	114.634	276.000	200	879	182.224	58.118	21.528	1.350	0.408	1.416	182.297	57.743	21.623	179	52	18	8	15	8
0.627	4.973	26	24	7707	296.423	82.704	279.500	200	501	194.500	55.154	18.692	0.427	0.095	0.429	194.527	55.123	18.601	193	54	18	4	3	3
1.567	12.855	65	57	16475	253.462	52.272	237.000	200	386	189.292	66.092	20.385	0.892	0.430	0.933	189.215	66.111	20.297	187	63	18	6	6	8
3.350	22.397	139	111	40143	288.799	111.729	246.000	200	802	198.576	69.777	19.302	0.922	0.307	0.942	198.337	69.772	19.172	194	66	18	10	11	6
1.398	8.905	58	50	17181	296.224	90.543	264.000	201	538	196.828	85.500	19.724	0.637	0.197	0.623	196.844	85.511	19.568	195	84	18	4	4	5
0.410	4.884	17	14	4265	250.882	43.597	240.000	201	363	188.000	98.000	20.000	0.447	0.171	0.462	188.011	97.990	19.959	187	97	18	3	3	5
0.386	3.650	16	16	3318	207.375	7.856	204.000	200	225	180.438	103.125	19.000	0.366	0.123	0.411	180.430	103.108	19.009	180	102	18	2	3	3
0.337	3.245	14	14	3478	248.429	39.601	236.500	206	347	222.143	105.929	18.357	0.322	0.072	0.336	222.141	105.922	18.322	221	105	18	3	3	2
3.832	22.201	159	121	37091	233.277	41.484	221.000	200	399	197.717	108.723	20.711	1.044	0.406	1.056	197.873	108.707	20.888	192	107	18	11	5	8
0.844	8.781	35	34	7921	226.314	26.351	218.000	200	297	233.029	110.600	22.057	0.910	0.394	0.884	233.043	110.721	22.218	232	108	18	3	6	8
1.109	9.045	46	40	11260	244.783	35.045	233.000	202	324	222.283	109.957	20.174	0.672	0.296	0.596	222.221	109.995	20.097	220	109	18	5	3	7
3.591	17.475	149	104	61681	413.966	220.141	339.000	200	1117	226.966	115.369	20.463	0.937	0.275	0.935	226.948	115.402	20.211	225	113	18	6	6	7
1.133	9.295	47	43	11154	237.319	24.453	234.000	201	302	213.511	122.809	18.617	0.588	0.216	0.555	213.504	122.780	18.594	210	120	18	8	7	3
0.916	6.704	38	38	10728	282.316	74.039	255.500	204	462	194.895	150.474	18.316	0.477	0.149	0.479	194.859	150.457	18.256	193	148	18	5	6	2
0.844	6.614	35	33	8798	251.371	42.177	238.000	201	362	232.286	191.200	18.543	0.477	0.142	0.478	232.248	191.210	18.504	230	190	18	6	4	3
37.212	132.701	1544	880	476593	308.674	127.714	261.000	200	978	234.964	236.514	20.381	2.354	0.852	2.418	235.790	236.301	20.191	222	226	18	29	21	8
2.338	14.251	97	85	25804	266.021	60.595	243.000	200	472	229.021	250.701	18.866	0.729	0.217	0.738	228.910	250.618	18.837	226	248	18	8	8	4
1.542	11.673	64	55	15042	235.031	24.181	230.500	200	302	232.641	257.672	22.031	0.853	0.390	0.825	232.646	257.651	22.083	231	256	18	5	4	8
2.844	17.298	118	92	31517	267.093	62.952	249.000	200	474	237.492	266.907	23.441	0.941	0.409	0.905	237.572	266.773	23.639	235	264	18	6	6	9
0.940	7.581	39	34	9121	233.872	25.479	235.000	200	290	263.949	323.462	20.333	0.648	0.258	0.616	263.947	323.454	20.324	263	322	18	3	4	6
1.277	9.363	53	46	12389	233.755	25.451	229.000	200	299	268.038	329.434	19.868	0.663	0.243	0.629	268.020	329.461	19.881	267	327	18	4	5	6
61.049	164.641	2533	1164	1010565	398.960	200.094	326.000	200	1264	305.146	342.992	21.699	2.775	0.981	2.637	304.532	342.889	21.705	289	329	18	33	27	9
6.845	36.271	284	182	116099	408.799	234.742	307.500	200	1183	316.845	335.451	22.201	1.303	0.436	1.290	316.529	335.538	21.746	313	328	18	11	12	9
2.362	18.937	98	87	21958	224.061	17.502	220.500	200	270	269.306	338.786	20.827	0.913	0.348	0.916	269.252	338.752	20.816	265	335	18	9	7	8
0.241	2.928	10	10	2123	212.300	9.262	208.500	202	231	274.800	338.600	18.200	0.301	0.095	0.337	274.802	338.589	18.194	274	337	18	3	4	2
1.036	7.775	43	39	10355	240.814	32.753	230.000	201	316	281.163	337.953	20.442	0.644	0.265	0.645	281.194	337.934	20.456	280	337	18	3	3	6
4.652	21.159	193	124	128397	665.269	455.783	510.000	201	2177	352.202	347.259	22.990	1.046	0.329	1.005	352.222	347.243	23.097	350	345	18	6	6	9
691.707	1315.515	28700	10947	11811429	411.548	229.788	340.000	200	2501	388.152	391.755	22.302	8.991	4.530	8.587	389.109	391.021	22.404	318	343	18	141	92	9
0.506	6.612	21	21	4328	206.095	5.262	205.000	200	217	297.095	362.857	21.238	0.793	0.456	0.744	297.092	362.860	21.243	296	361	18	3	4	9
1.036	8.023	43	35	12643	294.023	77.137	271.000	201	505	343.070	361.326	20.349	0.594	0.223	0.595	343.079	361.333	20.269	342	360	18	3	4	6
0.554	4.990	23	21	5413	235.348	24.872	226.000	201	286	312.652	368.913	18.913	0.420	0.087	0.433	312.635	368.904	18.892	311	368	18	4	3	3
0.410	3.987	17	17	3824	224.941	20.194	220.000	200	262	353.588	382.765	18.118	0.379	0.126	0.402	353.589	382.787	18.109	352	381	18	4	4	2
3.519	22.499	146	125	40224	275.507	72.368	248.500	200	529	336.253	404.856	20.637	1.037	0.446	1.005	336.416	404.897	20.676	332	402	18	10	6	9
0.530	5.114	22	21	5004	227.455	21.269	226.000	200	259	365.727	408.682	18.818	0.441	0.149	0.461	365.714	408.671	18.817	364	407	18	4	4	4
3.495	19.889	145	103	35774	246.717	36.434	238.000	200	332	376.386	411.393	22.724	1.014	0.375	0.965	376.371	411.416	22.828	374	409	18	6	6	9
0.530	4.515	22	22	5576	253.455	43.219	249.000	200	357	361.818	418.864	18.409	0.391	0.117	0.375	361.819	418.896	18.360	360	418	18	5	3	2
0.265	3.068	11	11	2392	217.455	14.487	216.000	202	249	386.000	423.364	18.545	0.323	0.101	0.318	386.007	423.355	18.523	385	423	18	3	2	3
38.827	147.587	1611	963	670247	416.044	287.906	317.000	200	2291	470.552	434.423	23.927	2.448	1.065	2.308	469.812	434.164	23.950	458	413	18	29	34	9
2.025	12.237	84	63	27497	327.345	118.002	292.000	200	666	475.643	442.440	20.333	0.752	0.237	0.745	475.659	442.402	20.086	474	440	18	5	5	7
13.063	67.575	542	375	247858	457.303	343.510	321.000	200	2102	447.467	439.566	23.336	1.602	0.647	1.534	447.455	438.487	23.845	440	433	18	16	18	9
0.337	3.316	14	14	3323	237.357	27.210	237.500	203	300	468.857	449.143	18.429	0.319	0.063	0.332	468.858	449.153	18.404	468	448	18	3	3	2
0.651	6.084	27	25	6179	228.852	26.434	218.000	201	295	451.185	450.778	19.185	0.463	0.148	0.475	451.227	450.768	19.167	449	450	18	5	3	4
3.591	22.359	149	114	43911	294.705	88.956	261.000	200	633	489.242	459.463	20.409	0.960	0.321	1.013	489.204	459.586	20.278	486	456	18	7	9	7
0.675	6.030	28	25	7126	254.500	40.371	245.500	206	353	182.893	29.250	21.036	0.515	0.204	0.475	182.872	29.255	21.060	182	28	19	3	3	5
0.771	7.123	32	29	7886	246.438	38.631	243.000	202	332	181.219	70.500	21.219	0.564	0.242	0.528	181.210	70.497	21.160	180	69	19	4	4	6
2.290	13.154	95	73	35099	369.463	150.088	319.000	200	832	195.516	186.989	22.389	0.841	0.290	0.808	195.439	187.019	22.505	194	185	19	4	5	7
0.265	3.015	11	11	2564	233.091	22.394	226.000	201	270	346.545	356.636	20.364	0.354	0.157	0.297	346.554	356.650	20.381	346	356	19	2	2	4
0.699	6.224	29	29	6301	217.276	13.201	214.000	201	248	309.448	374.448	21.517	0.550	0.254	0.599	309.406	374.439	21.552	308	374	19	4	2	6
9.062	48.589	376	376	136899	364.093	161.835	314.000	200	1067	347.894	510.516	27.904	1.863	0.814	1.864	347.439	510.544	27.048	341	510	19	19	2	16
1.759	15.056	73	73	23406	320.630	120.256	289.000	200	692	369.795	510.397	25.808	1.056	0.629	0.883	369.571	510.485	26.002	367	510	19	7	2	13
0.675	6.294	28	25	7283	260.107	47.683	250.000	202	384	187.750	166.893	22.714	0.541	0.222	0.552	187.759	166.884	22.714	187	166	20	3	3	6
0.289	3.403	12	12	2670	222.500	19.323	220.000	200	254	259.417	235.667	21.667	0.399	0.181	0.317	259.418	235.690	21.623	259	235	20	2	2	4
1.205	9.045	50	44	13135	262.700	47.346	255.000	201	389	441.020	453.480	23.720	0.692	0.299	0.649	441.005	453.522	23.837	440	452	20	3	4	7
0.892	7.177	37	32	10102	273.027	59.153	269.000	200	397	190.054	59.676	23.568	0.559	0.177	0.597	190.050	59.640	23.651	189	58	21	4	4	5
0.747	5.943	31	28	7406	238.903	33.743	230.000	202	327	239.548	12.065	24.032	0.477	0.132	0.476	239.553	12.063	24.108	238	11	22	4	3	4
0.241	3.015	10	10	2390	239.000	33.576	236.500	200	294	191.400	140.300	23.700	0.355	0.166	0.310	191.392	140.257	23.713	191	140	22	2	2	4
0.289	2.821	12	12	2528	210.667	5.959	211.500	201	221	264.500	240.500	23.000	0.344	0.124	0.428	264.508	240.498	23.000	264	240	22	2	2	3
0.265	3.527	11	10	2631	239.182	34.067	227.000	209	312	247.182	303.909	23.727	0.381	0.144	0.332	247.178	303.913	23.736	246	303	22	3	3	4
1.205	8.376	50	42	18968	379.360	148.458	333.000	201	739	328.380	339.060	24.760	0.575	0.149	0.549	328.397	339.073	24.853	327	337	22	4	5	5
0.603	5.642	25	23	6898	275.920	54.663	256.000	202	401	428.800	427.880	24.680	0.486	0.188	0.400	428.784	427.865	24.726	428	427	22	3	3	5
0.747	7.424	31	31	6727	217.000	12.567	214.000	200	239	431.710	434.419	24.419	0.574	0.245	0.629	431.705	434.397	24.419	431	433	22	3	5	5
0.795	7.424	33	33	7467	226.273	22.995	216.000	200	295	290.970	322.424	24.879	0.548	0.197	0.555	290.985	322.399	24.907	290	320	23	3	6	4
0.627	5.255	26	24	6460	248.462	37.477	237.500	201	335	487.885	430.808	24.808	0.462	0.147	0.449	487.868	430.801	24.784	487	430	23	3	3	4
0.603	5.221	25	23	9337	373.480	155.519	361.000	211	745	482.440	414.200	25.480	0.415	0.101	0.414	482.419	414.230	25.605	481	413	24	4	4	3
0.265	3.051	11	11	2849	259.000	43.262	251.000	211	345	329.636	390.909	25.818	0.301	0.092	0.322	329.639	390.939	25.844	328	390	25	4	3	2
0.241	2.804	10	10	2313	231.300	27.568	218.000	201	275	355.400	399.300	25.700	0.300	0.085	0.310	355.397	399.310	25.725	355	398	25	2	4	2
0.410	3.880	17	17	4103	241.353	33.072	237.000	200	306	482.882	429.706	25.647	0.346	0.086	0.351	482.878	429.695	25.671	481	428	25	4	4	2
1.181	9.591	49	49	19669	401.408	155.157	345.000	207	759	298.653	0.388	30.939	0.777	0.377	0.788	298.642	0.282	31.030	297	0	27	4	2	8
1.591	12.574	66	62	14682	222.455	16.991	221.500	200	268	239.652	3.697	28.318	0.689	0.253	0.677	239.638	3.693	28.283	236	2	27	8	5	6
0.916	7.354	38	35	9607	252.816	45.198	237.000	201	360	238.763	11.658	28.184	0.541	0.156	0.548	238.790	11.647	28.117	237	10	27	5	4	4
0.362	4.162	15	14	3326	221.733	16.109	221.000	200	255	261.867	29.000	27.867	0.405	0.159	0.411	261.861	29.001	27.854	261	28	27	3	3	4
236.241	560.181	9802	4393	4326621	441.402	321.185	315.000	200	2879	255.772	88.206	30.294	5.579	2.871	5.222	257.382	92.923	30.059	222	34	27	55	90	8
0.458	4.127	19	19	5166	271.895	65.285	260.000	200	420	235.737	41.421	27.316	0.360	0.093	0.367	235.809	41.411	27.300	234	40	27	4	4	2
0.940	7.249	39	38	10636	272.718	71.571	244.000	201	489	184.051	56.718	27.641	0.502	0.153	0.514	184.056	56.645	27.556	182	54	27	5	6	3
0.651	5.977	27	27	5985	221.667	18.768	216.000	200	263	235.148	55.481	29.630	0.572	0.278	0.587	235.134	55.482	29.666	234	55	27	3	2	6
0.434	5.536	18	18	4730	262.778	43.276	255.500	211	354	179.889	57.222	29.722	0.619	0.299	0.629	179.908	57.185	29.682	179	56	27	2	4	6
8.363	42.182	347	228	93602	269.746	72.089	245.000	200	561	226.625	61.533	29.187	1.243	0.355	1.215	226.562	61.568	29.012	220	57	27	15	10	8
0.313	3.456	13	12	2861	220.077	17.760	214.000	203	256	217.308	71.154	27.769	0.353	0.093	0.344	217.313	71.145	27.767	216	70	27	3	3	3
0.554	4.956	23	23	5391	234.391	28.292	230.000	201	300	220.087	75.739	27.348	0.396	0.116	0.387	220.112	75.726	27.328	218	74	27	5	4	2
2.338	18.466	97	93	22906	236.144	33.250	226.000	200	349	220.804	93.113	28.402	1.102	0.369	1.054	220.806	93.099	28.445	216	89	27	11	10	7
10.002	38.815	415	243	157187	378.764	183.909	312.000	200	1094	235.022	101.190	30.125	1.359	0.378	1.334	235.257	101.416	30.107	230	93	27	11	14	8
3.446	17.409	143	104	43680	305.455	102.697	267.000	200	637	239.399	130.545	28.070	0.815	0.163	0.827	239.446	130.490	27.935	236	127	27	8	9	5
549.316	1068.144	22792	9440	10652580	467.382	338.239	349.000	200	3156	281.170	229.319	30.855	12.789	7.536	11.543	282.961	228.130	30.754	246	130	27	91	214	8
2.025	16.616	84	81	19004	226.238	20.990	222.000	200	280	220.583	139.655	27.393	0.922	0.372	0.926	220.598	139.693	27.376	216	133	27	11	12	3
5.230	31.249	217	171	52286	240.949	46.746	229.000	200	510	235.419	141.687	29.318	1.159	0.426	1.141	235.556	141.712	29.183	230	139	27	13	7	8
1.542	13.755	64	56	14115	220.547	15.984	216.000	200	259	221.188	152.125	28.234	0.686	0.227	0.666	221.223	152.126	28.231	218	148	27	7	8	5
2.073	12.099	86	73	23018	267.651	65.476	240.000	200	488	230.233	159.407	28.035	0.686	0.183	0.676	230.225	159.424	27.918	228	157	27	6	7	5
2.290	13.806	95	80	56887	598.811	381.117	470.000	201	1590	184.811	170.116	31.211	0.857	0.345	0.853	184.700	170.228	31.727	183	168	27	4	6	8
1.012	8.992	42	42	14362	341.952	117.527	297.500	200	620	307.048	0.333	31.905	0.680	0.338	0.638	307.050	0.249	31.966	305	0	28	6	2	7
0.627	4.990	26	24	7086	272.538	56.475	265.000	206	407	203.000	232.000	29.000	0.434	0.122	0.462	203.023	232.036	28.954	202	231	28	3	3	4
10.243	42.525	425	276	119580	281.365	78.176	259.000	200	571	243.694	276.699	29.638	1.299	0.389	1.280	243.557	276.756	29.455	237	272	28	15	12	7
0.530	4.709	22	22	5909	268.591	61.267	244.500	201	422	254.727	283.727	28.409	0.383	0.103	0.397	254.740	283.788	28.359	253	282	28	4	5	2
4.290	25.427	178	139	47422	266.416	44.354	258.500	200	393	247.966	287.787	30.860	1.144	0.405	1.200	247.875	287.662	30.927	245	284	28	9	11	7
3.133	16.953	130	110	31101	239.238	27.003	235.000	200	299	294.692	293.577	28.669	0.790	0.214	0.778	294.683	293.573	28.634	290	290	28	10	8	3
3.085	16.522	128	95	39485	308.477	84.318	296.000	200	542	267.711	297.070	31.109	0.937	0.307	0.955	267.704	297.105	31.215	265	295	28	6	6	7
20.751	81.598	861	558	339653	394.487	218.800	323.000	200	1654	266.354	308.058	31.110	1.820	0.616	1.703	265.670	307.917	31.201	256	299	28	20	21	7
1.229	8.570	51	43	14409	282.529	71.811	254.000	201	469	290.118	310.333	29.235	0.579	0.135	0.562	290.131	310.340	29.126	288	309	28	5	4	4
4.700	24.283	195	136	52636	269.928	52.517	257.000	200	433	279.964	315.949	30.015	0.986	0.279	0.978	279.994	315.966	29.895	277	312	28	7	9	7
0.723	6.595	30	27	6441	214.700	12.614	211.000	200	244	302.967	313.933	29.400	0.531	0.191	0.546	302.960	313.934	29.401	301	313	28	5	3	5
0.313	3.580	13	12	2985	229.615	26.707	222.000	201	287	277.846	323.000	28.538	0.342	0.086	0.328	277.832	322.994	28.496	277	322	28	3	3	3
0.603	6.753	25	25	5957	238.280	27.555	236.000	201	292	257.040	324.560	30.040	0.652	0.342	0.591	257.011	324.562	30.004	256	324	28	3	3	7
0.506	4.973	21	21	4987	237.476	34.499	226.000	200	315	283.571	325.667	28.524	0.404	0.139	0.414	283.620	325.644	28.477	282	324	28	4	4	3
0.554	5.519	23	21	5444	236.696	27.960	228.000	202	307	299.783	325.043	29.696	0.505	0.205	0.423	299.779	325.038	29.692	299	324	28	3	3	5
27.741	79.651	1151	582	372425	323.566	116.990	287.000	200	846	303.734	344.652	30.828	1.853	0.446	1.771	303.966	344.566	30.756	294	338	28	20	18	7
0.241	3.015	10	10	2144	214.400	11.345	214.000	200	231	317.300	341.500	29.900	0.363	0.188	0.380	317.292	341.503	29.921	317	341	28	2	2	4
0.337	3.475	14	14	3036	216.857	13.889	215.000	200	242	326.714	345.500	28.000	0.372	0.155	0.380	326.698	345.497	28.000	325	344	28	5	4	1
0.554	5.063	23	23	5750	250.000	42.218	253.000	202	335	352.391	347.696	28.174	0.409	0.133	0.396	352.393	347.636	28.145	350	346	28	5	5	2
1.470	11.232	61	50	17303	283.656	58.845	281.000	200	425	359.721	355.410	31.230	0.793	0.334	0.748	359.717	355.438	31.186	358	353	28	4	5	7
13.208	60.301	548	394	180365	329.133	203.391	260.000	200	1692	325.867	363.659	29.880	1.452	0.440	1.471	326.595	363.110	29.657	319	356	28	14	17	7
516.346	904.218	21424	8579	8377033	391.012	234.684	317.000	200	2863	412.236	398.998	30.879	6.849	3.138	6.567	410.930	396.080	30.789	343	360	28	116	72	7
36.875	124.567	1530	844	526232	343.942	147.393	298.000	200	1029	350.082	388.961	30.979	2.723	1.173	2.669	348.814	388.286	30.916	338	377	28	36	29	7
2.241	12.766	93	70	35279	379.344	164.828	322.000	200	831	329.441	391.237	30.452	0.791	0.249	0.753	329.455	391.203	30.165	328	389	28	4	5	7
131.930	379.153	5474	2839	1908208	348.595	151.187	299.000	200	1470	475.651	426.497	31.337	4.126	1.621	4.204	475.806	426.703	31.233	457	403	28	40	57	7
1.591	9.981	66	55	17240	261.212	52.242	253.500	200	380	375.833	411.348	29.682	0.665	0.184	0.663	375.794	411.330	29.625	374	410	28	5	4	5
11.159	39.911	463	266	182971	395.186	185.442	342.000	200	1330	449.359	435.186	30.570	1.358	0.322	1.369	449.138	435.265	30.375	442	430	28	14	11	7
2.555	15.817	106	85	27542	259.830	41.440	254.000	201	356	493.057	435.406	30.330	0.900	0.324	0.921	493.045	435.408	30.368	491	433	28	6	7	7
1.301	9.099	54	43	15475	286.574	74.807	263.500	201	476	500.778	434.778	29.704	0.627	0.180	0.621	500.796	434.766	29.614	499	433	28	4	5	5
1.277	10.897	53	46	12390	233.774	29.861	229.000	200	307	431.849	435.811	30.434	0.774	0.378	0.678	431.896	435.840	30.314	429	433	28	6	6	7
0.362	3.720	15	15	3698	246.533	30.549	242.000	201	303	443.400	443.400	29.267	0.403	0.170	0.355	443.374	443.396	29.259	443	442	28	2	3	4
0.458	4.127	19	19	4561	240.053	33.788	233.000	200	308	498.579	447.263	28.316	0.360	0.093	0.367	498.572	447.265	28.277	497	446	28	4	4	2
3.543	22.075	147	147	87457	594.946	348.669	466.000	201	1608	510.524	494.966	31.483	1.063	0.421	1.029	510.521	495.165	32.089	510	488	28	2	16	7
0.386	4.232	16	14	3641	227.562	25.469	224.000	201	282	229.938	120.938	30.688	0.405	0.127	0.366	229.931	120.934	30.676	229	120	29	3	3	4
1.181	8.851	49	41	12754	260.286	52.163	235.000	200	361	265.388	320.612	32.224	0.661	0.244	0.608	265.373	320.607	32.271	264	319	29	4	4	6
0.795	6.929	33	30	7707	233.545	19.041	232.000	201	278	316.061	364.061	31.333	0.617	0.276	0.583	316.055	364.065	31.341	315	363	29	3	3	6
0.578	5.907	24	22	5563	231.792	28.095	225.000	200	295	233.208	16.958	32.250	0.516	0.205	0.508	233.200	16.950	32.264	232	16	30	3	3	5
0.530	5.802	22	22	5067	230.318	19.340	226.500	207	279	505.727	437.955	33.227	0.551	0.310	0.437	505.729	437.945	33.262	503	437	30	6	4	5
0.747	6.542	31	27	8069	260.290	42.832	262.000	201	342	502.548	463.097	32.581	0.547	0.198	0.571	502.536	463.098	32.619	501	462	30	4	3	5
0.699	6.049	29	28	6827	235.414	27.449	232.000	203	300	233.828	66.414	33.448	0.452	0.140	0.447	233.808	66.387	33.484	232	65	32	4	5	3
1.181	8.342	49	44	13600	277.551	56.676	263.000	201	442	496.776	453.469	33.306	0.577	0.179	0.578	496.788	453.551	33.377	495	450	32	4	7	3
0.241	2.734	10	10	2266	226.600	26.188	219.500	202	286	239.200	170.100	33.800	0.288	0.085	0.309	239.193	170.101	33.813	238	169	33	3	3	2
0.313	3.563	13	13	2994	230.308	26.024	225.000	201	284	453.154	443.154	33.769	0.329	0.109	0.311	453.157	443.165	33.783	451	442	33	5	3	2
0.434	4.338	18	18	4230	235.000	32.291	225.000	200	309	496.833	461.056	33.556	0.410	0.139	0.387	496.798	460.951	33.580	496	459	33	3	5	2
