Volume (cm^3)	Surface (cm^2)	Nb of obj. voxels	Nb of surf. voxels	IntDen	Mean	StdDev	Median	Min	Max	X	Y	Z	Mean dist. to surf. (cm)	SD dist. to surf. (cm)	Median dist. to surf. (cm)	XM	YM	ZM	BX	BY	BZ	B-width	B-height	B-depth
30.344	128.086	1259	784	429951	341.502	158.341	287.000	200	1094	288.531	142.735	13.569	2.518	1.051	2.381	288.051	142.528	13.783	269	138	2	33	13	17
2.025	12.853	84	63	32540	387.381	168.398	325.500	206	893	235.714	171.655	5.560	0.843	0.343	0.738	235.761	171.691	5.484	234	170	2	4	4	8
1.350	8.905	56	47	21481	383.589	159.458	333.500	200	769	113.839	238.589	3.714	0.633	0.188	0.613	113.883	238.589	3.559	112	237	2	4	4	5
0.819	7.000	34	30	9358	275.235	66.993	259.000	200	457	7.088	267.765	4.147	0.570	0.237	0.515	7.096	267.756	4.104	6	267	2	3	3	6
2.916	17.225	121	90	48704	402.512	184.543	344.000	200	968	4.521	274.273	6.975	1.013	0.445	0.907	4.524	274.225	6.782	3	272	2	4	5	11
20.269	84.847	841	470	293520	349.013	181.265	277.000	200	1292	314.963	279.209	7.751	2.048	0.811	2.060	314.120	279.932	7.242	309	267	2	15	21	16
5.447	30.997	226	153	56994	252.186	49.657	234.000	200	411	35.735	284.783	8.889	1.306	0.592	1.195	35.721	284.850	8.697	31	281	2	9	8	13
14.364	61.289	596	332	207488	348.134	171.371	283.000	200	1075	58.849	286.597	8.530	1.739	0.666	1.646	58.770	286.876	8.072	53	280	2	12	12	17
150.103	460.702	6228	2862	2375128	381.363	203.970	308.000	200	1660	299.816	307.088	10.032	4.667	1.841	4.559	301.849	306.122	9.973	266	288	2	63	38	17
19.763	97.547	820	551	234118	285.510	90.866	257.500	200	765	262.090	310.765	8.005	2.279	0.903	2.319	262.425	310.773	7.855	252	303	2	20	20	17
0.241	2.874	10	10	2149	214.900	10.898	210.500	201	233	280.600	309.800	2.600	0.323	0.115	0.288	280.615	309.779	2.598	280	309	2	2	3	3
18.703	74.338	776	413	233600	301.031	95.116	267.000	200	668	231.947	320.745	9.898	1.812	0.666	1.707	231.976	320.434	9.737	228	315	2	11	13	17
2.892	17.897	120	87	32738	272.817	61.377	253.500	200	446	267.092	323.075	5.483	0.888	0.305	0.817	267.079	323.071	5.537	264	321	2	7	5	8
1.350	9.891	56	47	19350	345.536	117.230	325.500	200	668	276.089	337.804	4.946	0.713	0.292	0.609	276.095	337.769	4.919	275	336	2	4	4	7
4.073	20.541	169	106	95820	566.982	431.233	395.000	204	1824	246.473	343.408	5.118	1.033	0.336	0.989	246.474	343.433	4.395	244	341	2	6	6	9
1.133	8.076	47	38	16010	340.638	128.246	276.000	216	616	220.574	343.532	3.553	0.606	0.173	0.611	220.603	343.539	3.419	219	342	2	4	4	5
0.916	7.635	38	33	10714	281.947	66.954	262.000	203	473	162.947	347.921	4.868	0.555	0.210	0.501	162.925	347.945	4.814	162	346	2	3	4	6
33.645	110.300	1396	634	357824	256.321	58.506	237.000	200	484	44.889	271.645	11.489	2.137	0.634	2.073	45.210	271.844	11.615	32	261	3	22	20	16
1.856	15.216	77	71	20001	259.753	48.281	250.000	201	407	241.519	327.766	7.597	0.967	0.468	0.948	241.526	327.883	7.526	240	324	3	4	8	10
0.410	4.884	17	15	4056	238.588	33.965	225.000	206	314	146.882	332.000	5.353	0.478	0.196	0.375	146.859	332.000	5.338	146	331	3	3	3	5
18.992	96.835	788	542	262907	333.638	140.841	289.000	200	1060	67.945	331.319	12.720	1.975	0.702	1.977	67.669	331.382	12.631	62	320	3	13	19	16
16.533	76.294	686	417	221212	322.466	142.786	267.000	200	948	331.208	264.748	10.494	1.792	0.681	1.714	331.271	263.931	10.315	326	259	4	10	17	15
0.844	7.000	35	32	8665	247.571	40.602	235.000	203	360	284.771	304.943	6.400	0.589	0.247	0.616	284.769	304.937	6.389	284	304	4	3	3	6
2.820	21.070	117	98	29937	255.872	54.001	237.000	200	441	208.128	322.154	10.675	1.303	0.695	1.225	208.083	322.248	10.366	206	320	4	6	6	15
6.411	31.312	266	161	124098	466.534	281.151	369.000	200	1533	112.417	325.842	10.861	1.433	0.660	1.315	112.436	325.671	10.251	110	323	4	6	7	15
5.230	35.527	217	176	57821	266.456	75.008	236.000	200	551	193.452	323.654	10.806	1.255	0.523	1.192	193.327	323.579	10.555	188	321	4	11	7	13
9.785	51.894	406	275	111480	274.581	75.683	248.000	200	621	257.108	156.557	13.374	1.582	0.601	1.532	257.215	156.706	13.192	250	150	5	14	13	14
2.000	18.476	83	83	20240	243.855	37.446	237.000	200	330	0.325	183.361	14.723	1.764	0.952	1.710	0.304	183.290	14.752	0	181	5	2	6	19
0.337	4.302	14	13	3159	225.643	29.233	214.500	201	290	315.929	186.000	7.071	0.433	0.180	0.429	315.929	185.993	7.033	315	185	5	3	3	5
0.578	5.325	24	22	6674	278.083	56.531	272.500	206	397	113.375	266.833	7.292	0.493	0.200	0.436	113.373	266.800	7.310	112	266	5	3	3	5
1.422	10.914	59	49	18470	313.051	98.061	292.000	201	585	88.966	274.644	8.559	0.707	0.292	0.660	89.019	274.674	8.532	87	273	5	5	4	8
0.241	2.627	10	10	2147	214.700	11.795	213.500	200	233	81.500	276.600	5.800	0.320	0.121	0.350	81.509	276.619	5.794	81	276	5	2	2	3
7.206	37.713	299	204	89840	300.468	89.077	273.000	200	608	305.224	292.000	12.656	1.401	0.585	1.322	305.133	292.109	12.640	302	287	5	8	10	14
1.422	10.349	59	50	18143	307.508	85.771	284.000	203	560	219.983	316.746	8.322	0.745	0.333	0.703	219.997	316.764	8.166	219	315	5	3	4	8
0.940	7.882	39	33	9639	247.154	39.138	234.000	201	332	167.128	347.821	7.333	0.564	0.193	0.558	167.137	347.821	7.334	166	346	5	3	5	6
0.386	3.985	16	16	3751	234.438	23.077	237.500	200	274	255.500	149.625	8.000	0.458	0.228	0.429	255.495	149.624	7.995	255	149	6	2	2	5
0.723	6.294	30	28	7827	260.900	45.434	248.500	200	357	19.400	278.900	9.000	0.560	0.243	0.487	19.416	278.873	8.988	18	278	6	3	3	6
12.870	64.679	534	362	156511	293.092	96.871	262.000	200	748	3.584	286.230	14.878	2.188	1.200	2.018	3.593	286.034	14.287	0	282	6	10	10	25
3.302	27.136	137	123	32016	233.693	32.223	222.000	200	342	20.766	284.453	11.701	1.349	0.672	1.147	20.699	284.480	11.517	17	282	6	10	5	13
2.651	18.777	110	81	28731	261.191	47.747	245.000	200	372	260.100	321.845	10.818	0.998	0.425	0.916	260.097	321.843	10.886	258	320	6	5	5	11
0.506	4.814	21	21	4850	230.952	25.067	227.000	200	277	138.714	333.429	7.714	0.483	0.219	0.447	138.712	333.426	7.683	138	333	6	3	2	5
33.645	134.309	1396	843	550569	394.390	234.487	306.000	200	1763	103.885	335.570	14.857	2.377	0.833	2.362	103.944	336.347	14.879	90	323	6	31	19	13
0.337	3.597	14	14	3331	237.929	33.341	241.500	200	301	247.429	354.571	7.500	0.412	0.178	0.280	247.407	354.607	7.494	247	354	6	2	2	4
4.917	32.090	204	152	57032	279.569	66.525	265.000	200	497	333.961	234.147	12.623	1.276	0.523	1.296	334.086	234.265	12.529	331	227	7	7	13	12
0.603	5.589	25	25	5972	238.880	24.558	237.000	209	284	203.520	326.160	9.640	0.528	0.251	0.545	203.514	326.163	9.645	203	325	7	2	3	6
3.278	22.286	136	108	35753	262.890	51.100	253.000	200	393	56.794	335.515	12.074	1.191	0.581	1.155	56.741	335.570	11.971	54	333	7	7	5	12
3.109	22.570	129	103	32717	253.620	47.425	240.000	201	372	120.651	332.643	12.535	1.475	0.615	1.477	120.636	332.691	12.428	118	327	7	6	10	12
0.699	7.652	29	29	7611	262.448	62.306	242.000	201	430	9.241	399.276	9.793	0.624	0.289	0.591	9.178	399.353	9.829	8	398	7	5	3	7
1.205	11.038	50	46	11922	238.440	33.808	225.000	204	348	274.400	144.640	11.140	0.754	0.451	0.621	274.332	144.584	11.042	273	143	8	4	5	10
0.771	6.224	32	30	8160	255.000	39.200	250.500	201	348	278.906	149.688	10.250	0.553	0.212	0.530	278.906	149.678	10.230	278	149	8	3	3	5
13.208	61.029	548	350	161071	293.925	80.151	274.000	200	590	271.808	156.460	14.073	1.539	0.493	1.570	271.624	156.631	14.139	266	150	8	14	14	11
0.337	4.302	14	13	3113	222.357	21.967	216.000	201	271	285.929	155.143	10.071	0.431	0.180	0.421	285.918	155.139	10.070	285	154	8	3	3	5
20.173	83.070	837	486	281892	336.789	151.628	283.000	200	1242	291.427	166.139	14.066	1.682	0.466	1.698	291.553	165.945	13.992	283	158	8	14	17	11
33.790	141.354	1402	837	414839	295.891	98.784	264.000	200	915	324.145	212.031	14.541	2.244	0.725	2.255	323.867	212.080	14.740	309	202	8	24	24	11
1.085	8.481	45	40	11544	256.533	42.911	253.000	206	380	104.000	261.978	10.933	0.650	0.300	0.525	104.007	261.967	10.915	103	261	8	3	3	7
3.013	18.425	125	97	38673	309.384	81.056	295.000	200	549	122.232	269.344	14.304	1.133	0.512	1.145	122.237	269.336	14.207	119	268	8	7	4	11
1.181	10.984	49	46	11586	236.449	35.008	223.000	200	336	73.633	283.510	11.776	0.859	0.453	0.785	73.546	283.478	11.662	72	282	8	5	4	10
1.446	12.659	60	55	13158	219.300	15.047	215.500	201	258	48.800	289.750	13.567	0.959	0.504	0.952	48.790	289.773	13.605	47	288	8	5	4	11
4.073	26.397	169	135	47942	283.680	76.523	259.000	200	530	157.107	328.331	14.006	1.243	0.492	1.238	157.192	328.504	14.178	152	324	8	9	8	11
1.012	8.481	42	37	9556	227.524	21.061	221.000	202	265	105.714	326.786	10.905	0.680	0.299	0.568	105.705	326.770	10.893	104	326	8	4	3	7
1.133	8.728	47	38	12700	270.213	62.351	247.000	201	405	256.532	356.766	10.468	0.634	0.223	0.628	256.532	356.770	10.434	255	355	8	4	4	6
0.241	3.085	10	10	2302	230.200	22.479	232.000	202	268	254.400	145.200	10.500	0.394	0.179	0.296	254.391	145.176	10.499	254	145	9	2	2	4
0.723	6.471	30	26	7078	235.933	29.315	229.500	201	298	264.100	149.567	11.133	0.511	0.175	0.472	264.096	149.575	11.146	263	148	9	4	4	5
1.085	8.270	45	35	13089	290.867	90.759	242.000	200	463	351.422	207.533	11.667	0.630	0.222	0.556	351.427	207.515	11.655	350	206	9	4	4	6
1.687	12.148	70	56	26004	371.486	146.810	335.000	202	819	223.100	211.071	13.129	0.825	0.362	0.789	223.082	211.102	12.979	221	210	9	5	4	9
1.036	8.604	43	36	12290	285.814	68.887	266.000	202	448	340.163	247.279	11.977	0.645	0.262	0.531	340.186	247.295	11.965	339	246	9	4	4	7
0.386	4.426	16	15	3611	225.688	21.666	222.000	200	276	251.812	321.000	10.688	0.421	0.166	0.369	251.816	320.991	10.696	251	320	9	3	3	4
1.301	12.184	54	49	12648	234.222	27.711	226.500	200	315	58.111	327.870	13.352	1.037	0.571	0.982	58.093	327.832	13.266	57	326	9	4	6	10
17.498	94.226	726	527	161943	223.062	22.043	218.500	200	363	309.580	174.840	15.901	2.470	0.916	2.395	309.275	175.084	15.905	295	161	10	29	26	9
15.328	55.272	636	336	214305	336.958	137.615	290.000	200	702	320.426	183.704	15.237	1.523	0.374	1.454	320.488	183.329	15.536	311	178	10	19	15	9
1.808	13.806	75	62	20624	274.987	67.288	252.000	200	478	188.960	235.467	14.147	0.841	0.388	0.794	188.951	235.601	14.077	188	232	10	3	7	9
8.845	40.985	367	243	120334	327.886	97.484	309.000	200	618	100.812	277.352	15.926	1.244	0.379	1.260	100.856	277.388	16.106	95	274	10	14	10	9
0.651	6.365	27	24	6573	243.444	32.217	234.000	201	321	66.185	288.778	12.704	0.577	0.258	0.563	66.201	288.776	12.645	65	288	10	3	3	6
5.953	25.939	247	154	71041	287.615	71.135	273.000	200	521	214.696	324.093	15.012	1.081	0.282	1.058	214.727	323.997	15.018	211	321	10	9	7	9
0.651	6.365	27	24	6965	257.963	46.503	242.000	200	362	34.185	330.778	12.370	0.561	0.238	0.572	34.203	330.768	12.359	33	330	10	3	3	6
2.386	15.500	99	81	29901	302.030	101.028	274.000	200	734	84.212	330.949	15.333	0.954	0.433	0.960	84.109	330.987	15.595	81	329	10	7	5	9
0.410	4.179	17	17	4052	238.353	26.641	240.000	200	284	88.588	337.471	12.118	0.477	0.234	0.463	88.601	337.468	12.119	88	337	10	2	2	5
0.362	3.597	15	15	3562	237.467	25.715	234.000	201	288	200.533	234.533	12.600	0.423	0.179	0.300	200.545	234.562	12.586	200	234	11	2	2	4
5.953	25.059	247	157	102896	416.583	195.724	356.000	200	1070	333.656	247.162	15.429	1.099	0.286	1.056	333.487	247.283	15.467	331	243	11	8	8	8
1.109	10.262	46	41	10733	233.326	29.929	225.500	200	313	70.174	258.217	14.543	0.741	0.326	0.659	70.193	258.237	14.514	68	256	11	5	5	8
0.289	3.720	12	11	2834	236.167	31.389	223.000	205	300	153.000	259.167	12.667	0.380	0.135	0.332	153.004	259.161	12.668	152	258	11	3	3	4
4.121	23.980	171	127	47409	277.246	75.334	255.000	200	612	152.152	265.246	15.491	1.037	0.344	1.058	152.414	265.079	15.350	148	262	11	9	8	8
3.495	17.967	145	94	43952	303.117	92.019	269.000	202	591	87.421	286.007	14.379	0.967	0.308	0.917	87.480	285.960	14.279	85	284	11	6	5	8
0.747	6.912	31	30	6720	216.774	12.566	216.000	200	242	26.419	290.677	13.161	0.515	0.200	0.491	26.432	290.668	13.154	24	290	11	5	3	5
0.434	5.078	18	18	4153	230.722	28.427	225.500	200	299	278.278	304.222	13.444	0.495	0.243	0.475	278.268	304.203	13.398	278	303	11	2	3	6
0.289	3.791	12	12	2663	221.917	20.991	211.000	203	265	243.750	312.833	13.000	0.455	0.237	0.434	243.753	312.843	12.998	243	312	11	3	2	5
1.326	10.597	55	50	14610	265.636	53.373	256.000	202	413	28.236	336.109	14.309	0.694	0.311	0.646	28.167	336.054	14.286	27	335	11	5	4	8
0.265	2.821	11	11	2449	222.636	16.163	219.000	200	255	270.455	146.455	12.909	0.334	0.126	0.396	270.441	146.432	12.907	270	146	12	2	2	3
0.916	8.658	38	34	8570	225.526	20.179	221.500	202	280	353.895	188.026	14.316	0.631	0.283	0.578	353.875	188.044	14.291	352	185	12	5	6	6
12.870	51.684	534	354	132629	248.369	40.037	237.000	200	377	210.444	226.633	16.560	1.532	0.570	1.474	210.446	226.749	16.571	201	219	12	23	15	7
1.518	12.836	63	60	14915	236.746	28.062	234.000	200	310	16.571	289.587	15.603	0.734	0.289	0.736	16.483	289.632	15.609	13	288	12	7	4	7
1.085	8.464	45	37	11298	251.067	44.000	241.000	200	355	74.689	289.111	14.867	0.605	0.228	0.545	74.679	289.138	14.852	73	288	12	4	4	6
0.241	3.085	10	10	2351	235.100	22.268	236.000	202	267	269.800	303.600	13.500	0.394	0.179	0.296	269.820	303.604	13.468	269	303	12	2	2	4
0.916	9.310	38	37	8551	225.026	18.984	222.500	200	260	142.763	327.184	14.789	0.747	0.323	0.696	142.718	327.224	14.755	141	325	12	5	5	7
0.940	7.705	39	39	9552	244.923	33.259	241.000	200	314	190.538	330.641	15.231	0.697	0.350	0.602	190.536	330.701	15.192	190	329	12	3	4	7
1.615	9.998	67	54	26559	396.403	148.164	347.000	204	772	251.657	189.433	16.030	0.698	0.223	0.635	251.705	189.399	16.176	250	188	13	4	4	6
2.241	16.154	93	82	23693	254.763	49.625	240.000	200	393	132.441	268.667	16.763	0.829	0.313	0.793	132.560	268.654	16.825	128	267	13	12	5	6
3.133	21.178	130	106	34512	265.477	57.574	247.000	200	442	39.462	291.723	16.285	0.916	0.303	0.916	39.255	291.897	16.425	35	288	13	10	7	6
0.699	6.101	29	26	6992	241.103	32.135	235.000	201	330	128.069	326.690	15.000	0.531	0.208	0.485	128.072	326.703	14.990	127	326	13	3	3	5
1.301	9.293	54	42	15653	289.870	79.237	270.500	200	471	265.759	345.278	15.926	0.637	0.201	0.583	265.781	345.315	15.975	264	344	13	5	4	6
1.591	9.734	66	54	24897	377.227	155.652	327.500	201	788	26.561	348.500	16.273	0.671	0.208	0.636	26.615	348.544	16.465	25	347	13	4	4	6
0.916	7.424	38	33	11056	290.947	69.525	270.500	202	463	324.211	230.211	16.737	0.534	0.166	0.514	324.231	230.214	16.801	323	229	14	4	4	5
0.747	6.508	31	29	7996	257.935	52.752	240.000	202	373	323.645	263.452	17.194	0.493	0.197	0.487	323.620	263.451	17.272	322	261	14	4	5	5
0.289	3.209	12	12	2593	216.083	14.513	210.500	202	243	69.667	267.500	15.500	0.378	0.168	0.284	69.683	267.513	15.488	69	267	14	2	2	4
0.603	7.494	25	25	5336	213.440	11.815	211.000	200	244	170.600	322.160	15.520	0.597	0.280	0.631	170.627	322.142	15.500	167	321	14	7	3	5
0.386	3.985	16	16	3564	222.750	17.074	224.000	202	252	5.500	346.625	16.375	0.485	0.250	0.436	5.498	346.636	16.364	5	346	14	2	2	5
0.458	4.603	19	19	4420	232.632	31.725	225.000	200	301	289.263	154.211	17.211	0.406	0.160	0.408	289.279	154.210	17.258	288	153	15	3	4	4
0.554	5.131	23	21	6266	272.435	51.545	261.000	201	393	260.261	170.087	16.783	0.460	0.153	0.438	260.265	170.104	16.836	259	169	15	3	3	4
1.060	7.724	44	39	12535	284.886	72.130	269.000	202	479	238.636	212.841	17.000	0.537	0.143	0.510	238.669	212.854	17.064	237	211	15	5	5	4
0.651	5.943	27	25	7173	265.667	53.219	262.000	201	409	158.852	259.704	17.185	0.456	0.149	0.454	158.862	259.792	17.257	158	257	15	3	5	4
0.265	3.279	11	11	2469	224.455	17.829	225.000	205	258	142.364	264.273	16.364	0.412	0.184	0.320	142.352	264.263	16.354	142	264	15	2	2	4
1.229	8.958	51	43	12675	248.529	38.866	237.000	200	326	143.706	269.471	16.765	0.582	0.142	0.591	143.719	269.495	16.814	141	268	15	6	4	4
0.434	4.479	18	18	4673	259.611	43.155	246.500	207	361	80.056	323.556	17.167	0.397	0.162	0.420	80.049	323.530	17.233	79	322	15	3	4	4
0.458	4.743	19	17	4654	244.947	33.770	232.000	211	331	137.947	331.842	17.000	0.425	0.135	0.457	137.941	331.830	17.047	137	331	15	3	3	4
1.036	7.954	43	41	9216	214.326	10.155	212.000	200	239	299.326	172.791	17.349	0.561	0.200	0.555	299.318	172.789	17.362	298	169	16	4	8	3
0.554	4.726	23	22	6012	261.391	48.439	244.000	201	360	258.478	178.696	17.261	0.408	0.102	0.423	258.482	178.700	17.293	257	178	16	4	3	3
0.386	3.827	16	15	4202	262.625	56.345	248.500	202	410	201.062	220.062	17.500	0.354	0.085	0.329	201.069	220.071	17.534	200	219	16	3	3	3
0.241	2.627	10	10	2244	224.400	12.322	225.500	207	240	283.500	305.400	17.200	0.320	0.121	0.350	283.507	305.390	17.225	283	305	16	2	2	3
0.313	3.580	13	12	2928	225.231	24.590	219.000	200	285	87.000	335.000	17.462	0.344	0.088	0.325	86.990	335.003	17.481	86	334	16	3	3	3
0.434	5.097	18	18	4297	238.722	34.100	229.000	205	339	362.722	237.722	17.722	0.516	0.177	0.531	362.748	237.640	17.739	361	235	17	4	6	2
3.422	26.664	142	142	51442	362.268	189.742	282.500	201	1065	285.303	142.310	20.000	1.831	0.972	1.819	286.300	142.377	20.000	270	138	20	29	11	1
0.241	2.787	10	10	2634	263.400	54.508	234.000	204	339	289.300	154.300	20.000	0.299	0.110	0.332	289.339	154.296	20.000	288	153	20	4	4	1
0.241	2.593	10	10	2374	237.400	20.646	235.500	210	274	271.000	155.200	20.000	0.291	0.113	0.308	271.011	155.195	20.000	270	154	20	3	4	1
0.699	6.299	29	29	9075	312.931	96.833	279.000	205	561	250.172	158.759	20.000	0.572	0.239	0.622	250.268	158.518	20.000	247	156	20	7	7	1
0.747	6.546	31	31	13021	420.032	185.750	360.000	224	853	260.452	160.548	20.000	0.537	0.215	0.544	260.387	160.429	20.000	258	158	20	6	8	1
0.313	3.158	13	13	3739	287.615	66.187	284.000	204	411	268.462	160.154	20.000	0.338	0.122	0.365	268.355	160.141	20.000	267	159	20	4	4	1
1.808	14.117	75	75	18893	251.907	40.645	242.000	200	391	290.907	164.093	20.000	0.931	0.432	0.903	290.944	163.952	20.000	283	159	20	14	10	1
1.181	10.128	49	49	10498	214.245	9.890	212.000	200	237	312.429	164.408	20.000	0.781	0.355	0.752	312.448	164.422	20.000	306	161	20	12	8	1
0.723	7.198	30	30	6471	215.700	11.207	213.500	200	237	299.900	171.733	20.000	0.691	0.342	0.678	299.864	171.740	20.000	297	168	20	9	9	1
0.289	3.034	12	12	3148	262.333	51.887	251.500	203	359	290.250	172.417	20.000	0.326	0.118	0.350	290.221	172.440	20.000	289	171	20	4	4	1
2.482	18.547	103	103	32277	313.369	104.350	279.000	200	543	320.359	182.495	20.000	1.064	0.522	0.979	320.387	182.605	20.000	313	175	20	15	14	1
1.277	11.204	53	53	12036	227.094	19.897	222.000	200	268	301.453	182.585	20.000	1.047	0.457	1.116	301.419	182.597	20.000	295	180	20	15	6	1
0.241	2.593	10	10	2383	238.300	31.542	224.000	206	286	251.500	189.200	20.000	0.298	0.109	0.323	251.497	189.214	20.000	250	188	20	4	3	1
3.639	28.164	151	151	42818	283.563	64.786	270.000	200	438	321.669	213.291	20.000	1.703	0.841	1.630	321.958	213.467	20.000	310	203	20	23	19	1
0.844	7.040	35	35	9460	270.286	50.578	265.000	204	369	326.829	205.571	20.000	0.589	0.239	0.599	326.914	205.584	20.000	323	203	20	8	6	1
0.241	2.593	10	10	2521	252.100	43.214	253.500	201	330	219.200	209.000	20.000	0.291	0.113	0.308	219.116	208.969	20.000	218	208	20	4	3	1
0.313	3.158	13	13	5341	410.846	153.868	375.000	251	683	300.385	211.385	20.000	0.335	0.115	0.377	300.308	211.379	20.000	299	210	20	4	4	1
0.362	3.793	15	15	4091	272.733	56.842	250.000	200	384	238.667	213.200	20.000	0.377	0.151	0.387	238.719	213.173	20.000	237	211	20	5	5	1
5.326	36.428	221	221	54289	245.652	34.591	237.000	200	362	212.290	225.855	20.000	1.566	0.719	1.493	212.445	225.813	20.000	201	218	20	25	18	1
0.530	5.240	22	22	7028	319.455	89.157	302.500	205	507	324.864	231.955	20.000	0.473	0.217	0.498	324.770	231.890	20.000	323	229	20	5	8	1
0.313	3.158	13	13	4645	357.308	102.908	313.000	230	528	185.385	233.385	20.000	0.335	0.115	0.377	185.380	233.446	20.000	184	232	20	4	4	1
0.289	3.228	12	12	3595	299.583	85.881	295.500	204	478	362.917	236.667	20.000	0.358	0.163	0.324	363.017	236.476	20.000	362	235	20	3	5	1
3.446	25.509	143	137	41502	290.224	96.852	255.000	200	626	333.839	245.545	21.497	0.849	0.238	0.872	333.979	245.645	21.296	329	241	20	10	10	5
1.350	10.916	56	51	15335	273.839	52.417	260.000	205	412	319.518	247.446	22.857	0.713	0.300	0.742	319.505	247.422	22.852	318	246	20	4	4	7
0.699	5.468	29	29	8436	290.897	68.136	280.000	201	416	177.931	249.517	20.517	0.428	0.124	0.422	177.954	249.536	20.524	176	248	20	5	4	2
0.265	2.874	11	11	2567	233.364	23.123	229.000	204	279	147.273	254.818	20.545	0.300	0.057	0.302	147.275	254.820	20.541	146	254	20	3	3	2
0.506	4.074	21	21	5357	255.095	35.717	259.000	201	346	158.857	259.571	20.476	0.368	0.088	0.368	158.821	259.593	20.450	158	258	20	3	4	2
0.410	4.127	17	17	4996	293.882	72.467	288.000	201	445	306.235	260.059	20.765	0.362	0.115	0.354	306.211	260.045	20.822	304	259	20	5	3	2
1.109	7.620	46	46	14840	322.609	87.541	299.000	203	498	322.761	263.587	20.522	0.518	0.166	0.500	322.841	263.523	20.523	320	261	20	6	6	2
1.422	9.896	59	59	15220	257.966	39.975	254.000	201	372	151.949	265.424	20.492	0.635	0.262	0.565	151.929	265.435	20.492	149	262	20	8	8	2
0.892	7.426	37	37	7914	213.892	9.104	213.000	201	229	74.892	267.676	20.649	0.555	0.234	0.518	74.883	267.682	20.649	72	264	20	7	7	2
3.591	22.227	149	149	43940	294.899	98.742	260.000	200	707	128.738	269.691	20.517	1.276	0.651	1.265	129.372	269.726	20.533	119	267	20	20	6	2
0.771	6.032	32	32	6660	208.125	5.529	208.000	200	218	80.531	272.312	20.406	0.454	0.147	0.443	80.536	272.316	20.402	79	270	20	4	6	2
4.483	22.389	186	186	67902	365.065	165.570	311.000	200	968	101.731	277.527	20.505	1.050	0.438	1.045	102.586	277.242	20.496	96	273	20	15	11	2
0.337	3.192	14	14	3936	281.143	50.172	265.500	220	385	309.000	274.714	20.500	0.317	0.059	0.324	309.031	274.702	20.521	308	274	20	3	3	2
0.482	3.951	20	20	5365	268.250	50.124	258.500	203	399	313.000	291.200	20.500	0.358	0.081	0.365	313.029	291.177	20.466	312	290	20	3	4	2
0.699	5.962	29	29	6931	239.000	30.609	231.000	201	317	38.000	292.517	20.310	0.458	0.163	0.461	37.945	292.512	20.285	35	291	20	7	4	2
5.037	29.340	209	209	54496	260.746	64.664	239.000	200	531	308.809	303.057	20.402	1.249	0.517	1.240	308.544	303.525	20.388	302	295	20	15	16	2
0.723	5.344	30	30	13507	450.233	189.993	402.000	213	892	262.533	304.867	20.500	0.416	0.106	0.429	262.602	304.843	20.473	261	303	20	4	5	2
2.073	15.276	86	86	21132	245.721	43.152	232.000	201	395	272.988	313.442	20.384	1.074	0.516	1.022	272.682	313.495	20.356	266	311	20	16	6	2
0.482	3.951	20	20	6738	336.900	103.164	302.000	213	506	160.500	320.800	20.500	0.362	0.084	0.377	160.505	320.807	20.508	159	320	20	4	3	2
0.434	3.880	18	18	4406	244.778	30.955	241.000	202	309	198.056	321.222	20.611	0.353	0.089	0.349	198.012	321.175	20.618	197	320	20	3	4	2
3.663	20.024	152	152	44479	292.625	89.187	259.500	200	590	69.250	326.724	20.480	0.934	0.378	0.946	69.478	326.424	20.492	62	322	20	14	10	2
0.699	4.956	29	29	9333	321.828	99.085	320.000	201	567	79.655	323.448	20.517	0.410	0.102	0.438	79.727	323.334	20.545	78	322	20	4	4	2
0.940	8.255	39	39	8370	214.615	9.158	214.000	200	239	215.410	324.590	20.538	0.577	0.230	0.538	215.442	324.577	20.541	211	321	20	8	7	2
17.666	86.508	733	733	266788	363.967	161.454	311.000	200	977	102.536	333.419	20.510	2.465	1.320	2.302	102.424	333.795	20.516	80	325	20	45	17	2
0.940	7.884	39	39	11032	282.872	78.784	256.000	204	495	154.436	329.256	20.436	0.634	0.277	0.656	154.095	329.224	20.461	151	328	20	9	4	2
0.434	3.439	18	18	4957	275.389	40.122	268.500	222	353	59.000	330.000	20.500	0.341	0.067	0.316	59.008	329.949	20.504	58	329	20	3	3	2
0.458	3.951	19	19	4904	258.105	36.890	249.000	209	353	170.474	329.947	20.526	0.365	0.092	0.346	170.443	329.949	20.555	169	329	20	4	3	2
0.362	3.439	15	15	3690	246.000	38.129	244.000	202	335	223.067	329.933	20.600	0.325	0.068	0.330	223.057	329.946	20.600	222	329	20	3	3	2
0.241	3.122	10	10	2280	228.000	19.877	224.000	205	264	130.400	331.300	20.800	0.319	0.116	0.341	130.417	331.314	20.815	129	330	20	4	4	2
0.627	5.274	26	26	5630	216.538	9.618	218.000	200	239	65.846	334.500	20.500	0.436	0.139	0.446	65.824	334.503	20.504	64	333	20	5	4	2
0.603	4.709	25	25	7091	283.640	69.614	270.000	210	450	26.560	348.440	20.480	0.387	0.090	0.427	26.562	348.489	20.420	25	347	20	4	4	2
2.025	14.372	84	72	21355	254.226	38.162	248.500	200	358	273.405	141.738	23.238	0.796	0.289	0.811	273.400	141.755	23.188	270	138	22	9	7	5
7.399	31.852	307	195	101579	330.876	129.105	290.000	200	866	290.094	143.433	23.831	1.157	0.303	1.108	290.085	143.362	23.614	282	139	22	16	10	7
3.157	21.864	131	105	36233	276.588	74.734	251.000	200	507	252.076	146.710	27.389	1.105	0.475	1.050	252.270	146.496	27.396	246	144	22	10	9	9
0.313	3.386	13	13	2981	229.308	28.683	220.000	200	281	289.692	154.077	22.538	0.329	0.094	0.332	289.681	154.105	22.500	289	153	22	3	3	3
0.988	8.023	41	38	10244	249.854	39.087	248.000	200	344	270.732	154.805	23.805	0.604	0.257	0.548	270.795	154.829	23.693	269	154	22	4	3	6
17.473	87.743	725	493	216069	298.026	102.471	262.000	200	841	251.674	161.059	25.415	1.831	0.692	1.764	252.184	160.894	25.108	241	155	22	23	15	9
5.760	31.511	239	189	56101	234.732	32.369	226.000	200	404	291.540	163.782	25.088	1.225	0.429	1.249	291.552	163.716	25.104	287	158	22	9	10	9
6.604	40.384	274	217	58255	212.609	8.799	211.000	200	233	306.343	166.573	24.047	1.466	0.486	1.460	306.363	166.549	24.021	298	161	22	18	15	8
0.362	3.774	15	14	3511	234.067	29.688	226.000	200	295	290.067	172.267	22.667	0.362	0.092	0.348	290.070	172.291	22.617	289	171	22	3	3	3
0.386	3.774	16	16	3949	246.812	35.984	233.000	202	314	250.438	174.062	22.750	0.361	0.116	0.357	250.450	174.057	22.730	249	173	22	3	3	3
1.229	8.587	51	41	14125	276.961	67.499	252.000	200	436	246.569	179.471	23.608	0.609	0.166	0.647	246.538	179.506	23.565	245	178	22	4	4	5
4.941	23.812	205	151	48572	236.937	36.750	225.000	200	361	321.346	183.371	23.166	0.986	0.275	0.959	321.239	183.342	23.089	316	179	22	12	10	5
7.640	49.058	317	264	76309	240.722	63.260	218.000	200	651	298.498	183.028	24.707	1.558	0.589	1.455	298.159	182.869	25.017	293	176	22	15	18	9
3.302	17.650	137	97	45805	334.343	114.260	297.000	200	634	360.175	182.131	25.044	0.986	0.366	0.951	360.191	182.138	24.835	358	180	22	5	6	9
1.446	11.496	60	52	14534	242.233	37.963	237.000	200	360	247.067	196.900	25.300	0.876	0.463	0.724	247.121	196.897	25.191	245	196	22	5	3	9
4.097	20.771	170	114	47476	279.271	61.230	264.000	202	452	306.576	198.600	26.218	1.062	0.397	0.983	306.618	198.594	26.265	304	196	22	7	6	9
0.964	8.129	40	38	10105	252.625	45.302	241.000	202	377	244.300	206.100	23.175	0.584	0.226	0.558	244.250	206.236	23.128	243	202	22	4	7	4
2.025	13.999	84	64	23272	277.048	70.229	260.000	200	491	322.476	202.655	25.655	0.873	0.381	0.770	322.424	202.672	25.613	320	201	22	7	4	9
11.135	63.135	462	352	117527	254.387	53.870	237.000	200	498	321.097	211.924	23.924	2.039	0.669	2.075	321.369	212.055	23.849	311	203	22	21	19	9
1.663	10.863	69	58	17557	254.449	41.585	245.000	204	367	328.986	204.261	23.522	0.694	0.226	0.662	329.000	204.240	23.485	325	203	22	7	4	6
0.892	7.036	37	32	9825	265.541	55.487	248.000	201	378	218.784	208.514	23.189	0.540	0.143	0.518	218.777	208.527	23.113	217	207	22	4	4	4
1.350	9.891	56	47	15001	267.875	48.541	266.000	203	387	213.500	210.875	24.661	0.733	0.297	0.694	213.458	210.907	24.524	212	209	22	4	4	7
4.194	20.030	174	117	104374	599.851	406.436	452.000	200	1820	300.178	211.431	25.759	1.061	0.378	1.038	300.197	211.450	25.063	298	209	22	5	6	9
0.337	3.527	14	14	3085	220.357	17.032	219.500	200	246	204.571	214.500	23.071	0.391	0.170	0.408	204.552	214.503	23.040	204	214	22	3	2	4
42.973	134.350	1783	892	472743	265.139	53.145	252.000	200	560	217.707	225.485	25.645	2.598	1.048	2.220	217.919	225.506	25.654	201	218	22	38	18	9
3.784	18.709	157	106	68618	437.057	243.474	340.000	202	1222	324.096	232.299	24.675	0.953	0.280	0.950	324.013	232.343	24.450	322	230	22	6	7	8
3.254	17.526	135	102	49162	364.163	171.306	290.000	201	921	185.015	233.378	25.622	1.037	0.416	1.048	185.081	233.463	25.029	182	231	22	6	5	9
0.506	4.920	21	20	5333	253.952	47.667	244.000	203	384	363.095	236.429	22.714	0.411	0.114	0.405	363.129	236.389	22.649	362	235	22	3	4	3
0.627	6.294	26	23	6204	238.615	36.288	225.500	202	326	188.769	245.000	24.346	0.522	0.227	0.404	188.765	245.004	24.348	188	244	22	3	3	6
1.109	8.253	46	40	12935	281.196	70.507	253.500	206	490	179.500	250.413	24.304	0.576	0.173	0.550	179.450	250.334	24.204	177	249	23	5	4	5
1.036	7.564	43	37	11426	265.721	48.031	254.000	202	365	148.791	259.558	24.581	0.574	0.181	0.629	148.768	259.563	24.493	148	258	23	3	5	5
9.592	33.699	398	226	259674	652.447	445.725	513.000	202	2394	305.636	258.794	27.065	1.283	0.296	1.273	305.716	259.027	27.033	302	253	23	8	11	8
2.603	14.971	108	83	25349	234.713	27.404	230.000	200	306	76.398	265.528	24.806	0.814	0.239	0.808	76.443	265.464	24.818	74	262	23	5	8	6
1.181	8.747	49	41	13487	275.245	57.217	261.000	203	416	322.000	264.163	23.980	0.572	0.147	0.540	321.973	264.189	23.898	320	262	23	6	5	4
3.350	22.693	139	114	46094	331.612	135.890	290.000	200	848	153.705	266.345	25.489	1.102	0.400	1.074	154.195	266.476	25.573	146	264	23	12	5	8
12.075	44.790	501	291	166791	332.916	117.919	300.000	201	832	130.521	269.559	26.253	1.416	0.371	1.451	130.540	269.687	26.216	125	266	23	14	8	8
0.337	4.108	14	13	3326	237.571	38.084	229.500	200	319	299.929	268.929	24.000	0.409	0.147	0.454	299.943	268.910	23.975	299	268	23	3	3	4
1.808	14.460	75	64	19192	255.893	59.903	234.000	200	438	119.213	270.907	24.360	0.826	0.330	0.775	119.430	270.822	24.264	115	269	23	10	5	6
12.219	44.351	507	298	177569	350.235	142.380	296.000	200	807	104.349	275.949	26.160	1.428	0.366	1.462	104.022	275.941	26.061	97	272	23	16	11	8
0.241	2.804	10	10	2586	258.600	37.633	236.500	228	341	309.100	274.700	23.300	0.289	0.068	0.307	309.111	274.704	23.285	308	274	23	3	3	2
3.953	21.089	164	114	36497	222.543	18.006	219.000	200	276	74.409	277.183	27.116	0.999	0.328	0.994	74.415	277.176	27.180	72	273	23	6	9	8
0.410	4.620	17	15	3832	225.412	24.784	214.000	200	275	8.118	289.118	24.294	0.432	0.149	0.392	8.140	289.119	24.284	7	288	23	3	3	4
1.301	8.587	54	46	16461	304.833	82.947	290.500	200	511	47.426	291.130	24.759	0.626	0.189	0.589	47.419	291.131	24.747	46	290	23	4	4	5
0.844	7.247	35	35	7817	223.343	13.773	219.000	202	254	30.543	292.086	25.171	0.592	0.264	0.543	30.552	292.082	25.167	30	290	23	2	5	6
0.337	4.108	14	13	3146	224.714	24.724	216.000	201	275	307.000	292.857	24.214	0.400	0.160	0.396	306.992	292.856	24.215	306	292	23	3	3	4
0.386	3.880	16	16	4146	259.125	57.485	245.500	202	385	262.938	304.750	23.312	0.343	0.091	0.340	262.917	304.755	23.266	261	303	23	4	4	2
0.795	6.367	33	30	9145	277.121	70.643	247.000	201	459	304.152	307.455	23.636	0.467	0.107	0.490	304.130	307.456	23.575	302	306	23	5	4	3
0.265	3.068	11	11	2408	218.909	11.878	215.000	204	237	211.727	320.364	23.545	0.322	0.108	0.293	211.736	320.374	23.549	211	319	23	3	3	3
0.458	3.951	19	19	4644	244.421	27.269	238.000	206	306	198.053	321.474	23.474	0.365	0.092	0.346	198.045	321.467	23.439	197	320	23	3	4	2
2.699	14.564	112	81	42025	375.223	171.439	310.500	200	873	79.580	323.205	25.750	0.867	0.283	0.843	79.576	323.104	25.408	78	321	23	4	6	7
2.121	15.095	88	78	20205	229.602	20.953	224.000	200	288	215.364	324.886	24.307	0.800	0.261	0.805	215.363	324.894	24.277	211	321	23	8	8	5
13.135	52.778	545	327	173843	318.978	102.762	296.000	200	705	69.514	329.705	26.114	1.492	0.427	1.529	69.663	329.408	26.079	63	323	23	13	14	8
1.422	10.155	59	49	17796	301.627	77.149	295.000	203	486	127.949	325.288	25.610	0.732	0.304	0.689	127.936	325.308	25.508	127	324	23	3	4	7
85.126	197.858	3532	1563	1640778	464.546	265.583	366.500	200	1784	102.802	332.981	26.472	3.244	1.351	3.027	102.162	333.187	26.689	80	325	23	53	17	8
0.771	6.013	32	29	9175	286.719	68.338	265.500	202	464	152.656	329.062	24.031	0.478	0.127	0.473	152.663	329.089	23.928	151	328	23	4	3	4
0.362	3.968	15	15	3409	227.267	19.565	228.000	201	273	58.467	330.267	23.933	0.430	0.205	0.428	58.474	330.265	23.886	58	329	23	3	3	4
0.554	4.990	23	21	5820	253.043	46.711	243.000	200	365	169.957	329.957	23.913	0.425	0.130	0.441	169.926	330.001	23.843	169	329	23	3	3	4
1.976	12.201	82	65	26357	321.427	105.050	296.500	203	596	29.524	333.220	27.256	0.803	0.315	0.775	29.518	333.151	27.271	28	332	23	4	4	8
0.458	4.690	19	19	4364	229.684	20.551	230.000	200	269	247.368	192.789	26.211	0.456	0.200	0.440	247.362	192.769	26.222	247	192	24	2	3	5
0.289	3.791	12	12	2624	218.667	20.192	211.000	201	255	324.667	209.917	26.333	0.440	0.225	0.369	324.683	209.924	26.348	324	209	24	2	3	5
2.266	13.207	94	69	49260	524.043	286.283	419.500	204	1321	316.894	230.702	27.851	0.792	0.241	0.791	316.839	230.721	28.137	315	229	24	5	5	7
2.193	15.182	91	74	24042	264.198	49.877	256.000	200	451	325.945	241.143	28.132	0.787	0.272	0.788	325.893	241.148	28.224	323	238	24	7	7	7
0.651	6.294	27	24	7034	260.519	45.183	251.000	200	360	105.852	356.222	26.333	0.538	0.225	0.560	105.838	356.238	26.323	105	355	24	3	3	6
0.603	5.589	25	25	5830	233.200	24.036	221.000	204	283	330.480	198.960	27.320	0.523	0.256	0.529	330.476	198.961	27.323	330	198	25	2	3	6
1.301	9.310	54	44	17072	316.148	88.961	281.500	200	502	289.741	201.519	27.870	0.673	0.245	0.606	289.746	201.525	27.971	288	200	25	4	4	6
0.651	5.907	27	27	6129	227.000	15.422	226.000	202	256	234.593	203.000	28.370	0.543	0.269	0.554	234.606	202.989	28.401	234	201	25	2	4	6
0.458	5.007	19	19	4049	213.105	8.825	211.000	200	236	238.368	214.632	27.105	0.503	0.277	0.450	238.367	214.641	27.093	238	213	25	2	4	6
0.386	4.850	16	16	3267	204.188	3.834	202.500	200	212	32.250	270.812	27.062	0.477	0.235	0.470	32.255	270.809	27.064	31	269	25	3	6	4
0.386	4.302	16	16	3750	234.375	31.561	217.500	202	289	325.562	271.875	26.938	0.454	0.229	0.434	325.559	271.890	26.968	325	271	25	2	3	5
0.699	6.084	29	25	6181	213.138	10.716	211.000	200	235	31.000	280.483	27.000	0.497	0.162	0.478	31.000	280.487	26.998	30	279	25	3	4	5
0.554	5.519	23	21	5818	252.957	45.846	235.000	201	353	293.870	202.217	28.609	0.485	0.190	0.386	293.860	202.226	28.677	293	201	26	3	3	5
1.301	8.764	54	44	23561	436.315	224.243	356.500	200	1067	306.963	221.463	28.685	0.595	0.151	0.573	306.908	221.481	28.950	305	220	26	5	4	5
0.289	3.209	12	12	2605	217.083	11.381	216.000	202	240	86.583	324.417	28.500	0.378	0.170	0.274	86.598	324.406	28.501	86	324	27	2	2	4
0.265	2.821	11	11	2550	231.818	16.528	226.000	206	261	228.455	199.545	29.091	0.334	0.126	0.396	228.433	199.551	29.122	228	199	28	2	2	3
0.554	4.973	23	22	6777	294.652	83.257	264.000	203	484	169.783	250.652	29.348	0.414	0.111	0.414	169.783	250.649	29.427	168	249	28	4	4	3
0.265	3.122	11	11	2288	208.000	6.261	207.000	200	219	306.182	176.455	29.727	0.319	0.099	0.318	306.184	176.465	29.732	305	175	29	3	4	2
0.265	3.068	11	11	2601	236.455	39.467	225.000	201	328	12.091	344.091	29.545	0.300	0.056	0.311	12.070	344.091	29.581	11	343	29	3	3	2
