Volume (cm^3)	Surface (cm^2)	Nb of obj. voxels	Nb of surf. voxels	IntDen	Mean	StdDev	Median	Min	Max	X	Y	Z	Mean dist. to surf. (cm)	SD dist. to surf. (cm)	Median dist. to surf. (cm)	XM	YM	ZM	BX	BY	BZ	B-width	B-height	B-depth
0.868	6.418	36	33	10495	291.528	75.726	256.500	200	445	186.833	51.167	2.778	0.560	0.206	0.560	186.789	51.210	2.684	186	50	1	3	3	5
709.300	1801.255	29430	11581	11876769	403.560	225.085	332.000	200	2642	195.606	77.642	21.383	7.480	3.397	6.972	196.429	74.364	21.666	172	29	1	53	114	30
3.519	19.237	146	102	53487	366.349	153.978	325.500	200	868	175.630	99.418	5.548	0.963	0.349	0.894	175.640	99.375	5.500	173	96	1	5	8	9
3.061	15.764	127	98	53221	419.063	174.964	383.000	202	939	392.945	210.961	3.205	0.844	0.237	0.867	392.988	210.899	2.893	391	208	1	5	7	6
4.266	30.168	177	147	53128	300.158	115.235	262.000	200	793	352.475	225.379	7.249	1.386	0.639	1.326	352.877	225.599	6.627	349	220	1	8	9	14
0.337	4.372	14	14	3208	229.143	23.573	219.000	202	279	360.357	249.143	3.786	0.511	0.281	0.492	360.333	249.177	3.746	360	248	1	2	3	6
1138.544	2934.945	47240	17741	19136472	405.090	229.230	328.000	200	2657	259.382	337.247	13.429	11.597	5.105	11.143	258.300	338.675	12.503	203	249	1	121	154	30
2.868	19.043	119	91	33504	281.546	64.649	269.000	200	468	149.647	310.832	5.571	0.922	0.379	0.832	149.629	310.796	5.595	147	308	1	6	7	10
1.229	9.380	51	42	16865	330.686	112.890	295.000	200	627	178.686	311.922	4.000	0.684	0.292	0.573	178.656	311.910	4.061	177	311	1	4	3	7
35.116	115.968	1457	671	503010	345.237	131.545	306.000	200	945	219.417	317.162	11.771	2.234	0.720	2.187	219.817	317.301	11.563	212	309	1	17	17	22
0.819	6.454	34	30	13560	398.824	175.121	350.000	200	911	308.176	330.265	1.971	0.492	0.124	0.485	308.131	330.229	1.793	307	329	1	4	4	4
1.012	7.300	42	36	12126	288.714	79.036	259.500	205	488	230.762	336.429	2.310	0.549	0.135	0.538	230.711	336.499	2.219	229	335	1	4	4	4
0.771	6.488	32	29	9086	283.938	63.236	267.500	202	442	171.281	337.000	3.188	0.559	0.213	0.530	171.288	336.997	3.165	170	336	1	3	3	5
0.337	3.703	14	13	3975	283.929	69.244	266.500	203	460	303.929	338.929	1.500	0.346	0.089	0.331	303.923	338.908	1.463	303	338	1	3	3	3
1.856	11.850	77	62	27628	358.805	126.921	330.000	201	700	248.143	349.182	2.909	0.720	0.226	0.734	248.130	349.153	2.748	247	347	1	4	6	6
5.712	28.951	237	154	116907	493.278	339.764	357.000	200	1773	160.603	397.852	7.633	1.220	0.501	1.138	160.786	398.059	7.183	156	395	1	9	7	13
3.519	20.614	146	106	49728	340.603	132.243	288.500	200	706	261.377	401.390	3.596	0.956	0.307	0.983	261.299	401.193	3.355	258	398	1	7	9	7
2.555	13.665	106	76	53544	505.132	273.576	415.000	203	1263	249.925	404.500	3.698	0.835	0.275	0.800	249.937	404.494	3.302	248	403	1	5	4	7
1.591	10.790	66	56	23783	360.348	139.546	323.500	203	749	209.591	419.000	4.879	0.758	0.335	0.710	209.587	418.981	4.832	208	418	1	4	3	8
0.651	6.859	27	27	6056	224.296	20.967	214.000	201	282	163.852	68.037	4.556	0.524	0.201	0.562	163.891	68.037	4.536	162	67	2	5	3	5
0.603	5.713	25	22	6939	277.560	62.189	260.000	207	440	170.720	114.920	4.120	0.490	0.191	0.470	170.730	114.921	4.114	170	114	2	3	3	5
1.350	9.574	56	48	20765	370.804	140.579	345.000	203	807	336.875	281.982	5.107	0.703	0.287	0.702	336.881	281.999	5.100	335	281	2	4	3	7
30.271	151.575	1256	810	397276	316.303	117.112	279.000	200	962	242.300	331.845	9.994	2.519	1.072	2.394	242.459	332.287	9.796	227	319	2	25	24	21
5.471	26.026	227	141	79531	350.357	123.558	316.000	201	719	154.441	372.088	6.938	1.088	0.344	1.056	154.465	372.037	6.879	152	369	2	6	8	10
0.723	6.612	30	26	8417	280.567	66.145	261.000	202	462	211.033	380.800	4.700	0.527	0.218	0.485	211.035	380.798	4.724	210	380	2	3	3	6
1.904	14.334	79	67	21785	275.759	68.673	252.000	200	523	254.051	408.886	6.987	0.967	0.481	0.856	254.135	408.864	6.795	252	408	2	5	3	11
0.434	4.814	18	16	4573	254.056	45.020	245.000	206	358	213.889	421.833	4.111	0.437	0.165	0.441	213.908	421.819	4.124	213	421	2	3	3	5
0.723	6.224	30	26	8732	291.067	68.953	277.500	201	444	402.000	32.500	5.333	0.533	0.180	0.535	402.026	32.511	5.317	401	31	3	3	4	5
0.506	4.743	21	21	5201	247.667	30.107	239.000	201	307	163.762	72.571	4.810	0.427	0.160	0.454	163.771	72.565	4.797	162	72	3	4	2	4
0.241	3.015	10	10	2431	243.100	31.328	239.500	201	302	372.700	200.400	4.300	0.355	0.166	0.310	372.721	200.373	4.289	372	200	3	2	2	4
0.892	7.511	37	30	10002	270.324	56.022	257.000	200	427	427.703	205.865	5.865	0.569	0.214	0.526	427.729	205.862	5.856	426	205	3	4	3	6
3.977	26.642	165	128	43187	261.739	51.953	244.000	200	407	364.939	207.558	8.333	1.144	0.482	1.106	364.945	207.700	8.273	363	202	3	5	10	12
3.687	22.710	153	111	50672	331.190	127.275	287.000	200	715	330.033	247.523	7.542	1.000	0.348	1.027	330.054	247.491	7.368	327	244	3	7	9	9
0.699	6.294	29	26	8532	294.207	72.227	279.000	200	487	321.276	286.000	5.000	0.531	0.207	0.496	321.272	285.990	4.968	320	285	3	3	3	5
0.313	3.209	13	13	3266	251.231	31.802	246.000	203	305	210.538	322.538	4.154	0.378	0.164	0.374	210.562	322.556	4.189	210	322	3	2	2	4
1.832	14.106	76	61	21524	283.211	83.655	254.500	202	511	226.342	341.118	6.092	0.759	0.267	0.780	226.386	341.033	6.140	223	339	3	7	6	7
1.229	9.045	51	42	14742	289.059	74.473	265.000	201	454	309.529	371.627	5.647	0.643	0.224	0.653	309.528	371.626	5.660	308	370	3	4	4	6
4.579	31.649	190	153	49910	262.684	46.468	254.000	200	399	412.495	213.353	9.579	1.765	1.009	1.581	412.496	213.347	9.547	408	209	4	8	8	18
1.880	12.502	78	59	25104	321.846	101.213	291.000	202	618	422.051	209.821	6.744	0.720	0.229	0.707	422.055	209.752	6.743	420	208	4	5	5	7
0.964	7.317	40	36	11769	294.225	80.541	272.500	203	528	188.000	224.950	6.700	0.576	0.231	0.565	187.998	224.949	6.671	187	224	4	3	3	6
1.759	13.401	73	62	20262	277.562	64.127	260.000	200	467	190.507	230.795	6.877	0.720	0.248	0.728	190.530	230.842	6.849	188	228	4	6	6	6
1.687	11.355	70	54	20988	299.829	80.738	279.500	200	514	368.086	238.900	7.186	0.733	0.262	0.656	368.091	238.915	7.168	366	237	4	5	4	7
0.362	4.038	15	15	3762	250.800	42.887	239.000	202	341	376.067	253.600	5.667	0.393	0.161	0.331	376.065	253.621	5.667	375	253	4	3	2	4
5.182	25.832	215	139	77545	360.674	152.391	311.000	200	851	158.786	278.884	9.344	1.074	0.348	1.029	158.708	278.979	9.327	156	275	4	6	9	11
4.121	22.039	171	118	71106	415.825	200.323	360.000	200	1075	143.620	307.123	9.327	1.135	0.514	1.043	143.614	307.109	9.037	142	304	4	5	7	12
18.727	74.954	777	427	293215	377.368	196.740	310.000	200	1336	137.475	349.031	12.634	1.876	0.708	1.831	137.232	349.483	12.640	133	339	4	9	17	18
100.237	352.710	4159	2021	1762651	423.816	256.616	327.000	200	1832	335.402	328.641	16.576	4.356	1.892	4.139	336.404	327.537	15.901	318	308	4	31	50	27
0.723	6.030	30	27	7854	261.800	44.211	250.500	209	370	315.233	361.967	6.033	0.517	0.196	0.486	315.251	361.967	6.046	314	361	4	3	3	5
2.290	15.306	95	71	26630	280.316	59.395	271.000	202	447	181.916	419.621	7.642	0.823	0.305	0.772	181.895	419.624	7.625	180	417	4	6	7	8
1.205	8.851	50	42	16438	328.760	107.601	314.000	204	595	437.460	71.960	7.440	0.637	0.248	0.627	437.471	71.966	7.437	436	71	5	4	3	6
2.627	16.275	109	80	28657	262.908	45.113	257.000	201	411	165.119	82.211	7.881	0.830	0.230	0.839	165.127	82.263	7.879	163	79	5	5	7	7
366.171	1115.837	15193	6680	5462192	359.520	177.137	304.000	200	2000	366.538	162.441	21.146	6.837	3.218	6.403	366.177	160.844	21.379	343	113	5	43	105	26
4.772	28.881	198	149	56384	284.768	75.655	260.000	200	543	420.944	197.955	10.369	1.190	0.497	1.159	420.940	198.007	10.237	418	194	5	7	9	12
127.303	436.349	5282	2557	1970741	373.105	218.472	301.000	200	2140	333.011	227.989	19.611	3.875	1.434	3.937	332.658	227.073	20.038	314	209	5	32	42	26
1.494	11.408	62	52	17357	279.952	61.816	264.000	200	437	401.323	228.323	8.290	0.712	0.275	0.669	401.268	228.404	8.342	399	226	5	6	5	7
0.844	8.076	35	33	8217	234.771	26.733	227.000	200	300	174.229	253.943	6.829	0.567	0.218	0.550	174.282	253.963	6.814	171	253	5	6	3	5
3.350	18.108	139	94	58405	420.180	201.087	365.000	200	1016	167.755	262.353	9.597	0.976	0.379	0.863	167.668	262.343	9.477	166	260	5	5	5	10
0.699	6.418	29	25	7628	263.034	54.476	243.000	200	376	208.931	269.483	7.586	0.541	0.220	0.566	208.898	269.490	7.576	208	268	5	3	4	6
3.856	21.193	160	103	68908	430.675	245.710	336.500	200	1305	210.694	296.962	9.694	1.040	0.404	0.990	210.732	296.927	9.589	208	295	5	6	5	11
0.530	4.479	22	22	4937	224.409	17.101	224.000	202	264	143.500	325.500	5.909	0.409	0.127	0.396	143.506	325.521	5.904	143	324	5	2	4	3
2.193	16.821	91	72	26529	291.527	86.533	267.000	200	535	283.934	404.352	12.681	1.273	0.723	1.203	283.870	404.406	12.873	282	403	5	5	4	14
1.711	11.425	71	52	22956	323.324	114.975	273.000	201	633	206.718	423.394	8.268	0.746	0.266	0.677	206.744	423.412	8.196	205	422	5	5	4	7
54.035	227.644	2242	1279	770006	343.446	191.805	280.000	200	1679	399.474	56.752	16.299	2.871	1.119	2.816	399.687	57.162	15.970	391	41	6	19	28	25
0.482	4.937	20	18	4828	241.400	33.157	235.000	204	324	163.750	91.900	8.050	0.434	0.159	0.444	163.758	91.915	8.073	163	91	6	3	3	5
0.241	3.015	10	10	2255	225.500	20.068	220.000	201	256	425.700	116.600	7.700	0.355	0.166	0.310	425.716	116.594	7.698	425	116	6	2	2	4
99.852	281.311	4143	1689	1718218	414.728	272.256	319.000	200	2216	210.351	156.717	19.578	3.357	1.052	3.497	209.999	154.919	19.107	200	139	6	20	38	25
0.892	6.859	37	31	9767	263.973	48.062	247.000	202	387	164.243	271.514	7.946	0.536	0.171	0.528	164.253	271.546	7.911	163	270	6	3	4	5
0.892	8.868	37	34	8909	240.784	38.115	232.000	200	353	212.703	272.297	9.757	0.759	0.395	0.711	212.748	272.256	9.630	211	271	6	4	4	9
1.374	12.625	57	54	14172	248.632	39.432	239.000	201	330	264.105	296.035	9.667	1.028	0.394	0.984	264.107	295.966	9.712	262	293	6	6	7	9
2.241	14.053	93	71	29424	316.387	89.815	304.000	200	605	207.032	305.796	9.731	0.814	0.294	0.777	207.028	305.740	9.715	205	303	6	4	7	8
0.506	5.395	21	19	5437	258.905	49.504	237.000	200	374	165.143	317.143	8.524	0.485	0.191	0.364	165.146	317.155	8.526	164	316	6	3	3	5
0.362	3.844	15	15	3604	240.267	34.804	229.000	200	301	235.533	323.067	7.533	0.379	0.145	0.339	235.538	323.081	7.534	235	322	6	2	3	4
0.241	3.015	10	10	2261	226.100	28.368	211.000	200	266	165.300	356.500	7.600	0.365	0.161	0.296	165.267	356.510	7.589	165	356	6	2	2	4
3.109	16.891	129	95	62844	487.163	279.797	402.000	201	1359	246.550	418.326	10.271	0.964	0.387	0.899	246.518	418.287	10.130	245	416	6	5	6	9
1.880	11.813	78	59	29333	376.064	153.709	318.500	200	815	428.372	121.705	10.987	0.774	0.297	0.810	428.342	121.723	10.963	427	120	7	4	4	8
0.337	3.403	14	14	3188	227.714	16.786	234.000	200	247	427.429	132.500	8.714	0.404	0.176	0.336	427.431	132.501	8.719	427	132	7	2	2	4
0.988	9.945	41	38	9144	223.024	19.188	217.000	200	275	428.512	165.268	9.707	0.680	0.333	0.641	428.516	165.259	9.678	426	163	7	5	5	8
3.446	19.765	143	101	45019	314.818	98.442	289.000	200	602	388.496	239.671	10.420	0.933	0.292	0.938	388.486	239.655	10.325	386	237	7	7	6	8
2.217	13.789	92	66	28687	311.815	92.419	285.500	201	545	165.348	239.870	10.141	0.782	0.243	0.772	165.326	239.888	10.087	163	238	7	6	5	7
479.953	1544.277	19914	9481	7508789	377.061	200.888	311.000	200	1993	212.248	238.948	22.880	8.797	4.070	8.965	213.499	236.130	22.932	187	176	7	60	133	24
0.265	3.262	11	11	2431	221.000	18.401	215.000	200	249	353.000	258.455	8.364	0.368	0.151	0.317	352.990	258.460	8.360	352	258	7	3	2	4
24.800	112.356	1029	594	386546	375.652	187.420	311.000	200	1305	141.638	288.803	14.500	2.141	0.813	2.087	141.944	289.042	14.064	134	278	7	16	24	18
1.494	10.456	62	52	17334	279.581	61.028	270.000	200	454	203.597	338.645	10.274	0.731	0.296	0.661	203.644	338.714	10.206	202	337	7	4	4	7
0.362	3.720	15	15	3617	241.133	34.334	228.000	201	298	313.467	371.667	8.733	0.402	0.170	0.356	313.470	371.700	8.729	313	371	7	2	3	4
1.277	8.728	53	45	15906	300.113	84.203	285.000	205	529	259.113	407.642	9.509	0.649	0.242	0.650	259.116	407.664	9.481	258	406	7	3	4	6
0.530	4.814	22	22	6034	274.273	54.240	286.500	200	360	235.500	421.182	8.727	0.476	0.215	0.427	235.507	421.236	8.669	235	420	7	2	3	5
4.097	25.548	170	124	66017	388.335	207.813	306.500	200	1188	411.588	229.488	13.253	1.093	0.449	1.028	411.985	229.733	13.428	406	226	8	10	7	11
13.665	58.523	567	319	230873	407.183	222.712	326.000	200	1178	168.587	232.360	13.928	1.592	0.566	1.510	168.013	232.243	13.840	164	226	8	17	12	14
2.482	17.897	103	89	28959	281.155	75.939	255.000	201	528	397.893	235.340	14.243	1.166	0.575	1.144	398.073	235.395	14.503	395	233	8	7	5	12
0.289	3.209	12	12	2946	245.500	24.430	243.000	216	281	182.583	235.417	9.500	0.378	0.170	0.274	182.594	235.414	9.502	182	235	8	2	2	4
2.338	14.581	97	74	38544	397.361	191.770	340.000	200	1005	223.309	284.567	12.361	0.878	0.380	0.770	223.287	284.639	12.233	222	282	8	4	5	10
0.964	7.829	40	35	11669	291.725	74.310	271.000	202	461	158.800	288.875	10.650	0.607	0.248	0.598	158.771	288.841	10.616	157	288	8	4	3	6
0.988	8.851	41	38	10823	263.976	63.469	236.000	201	411	350.220	294.268	10.000	0.662	0.264	0.650	350.263	294.337	10.030	349	291	8	3	6	6
2.410	15.199	100	75	30380	303.800	89.728	287.500	202	585	154.040	293.470	11.120	0.810	0.253	0.786	154.012	293.538	11.190	151	291	8	6	6	7
1.494	13.381	62	61	14881	240.016	32.527	233.000	200	332	347.645	303.581	14.597	1.351	0.686	1.377	347.609	303.575	14.424	346	303	8	4	3	14
5.206	27.066	216	147	74554	345.157	137.293	308.000	200	857	151.481	393.704	13.227	1.148	0.464	1.046	151.617	393.566	12.982	148	391	8	8	7	11
16.268	71.604	675	390	211960	314.015	131.248	276.000	200	1104	395.569	20.166	17.427	1.898	0.748	1.844	395.392	20.634	17.365	392	11	9	10	16	18
1.253	9.557	52	42	13779	264.981	57.943	243.000	201	397	172.327	36.731	12.173	0.649	0.246	0.565	172.332	36.732	12.167	171	35	9	4	4	7
8.363	37.502	347	203	144973	417.790	243.118	323.000	200	1388	159.228	109.507	15.277	1.365	0.491	1.298	159.322	109.824	15.277	156	104	9	7	10	13
2.410	15.323	100	78	29697	296.970	69.990	290.000	203	496	165.630	122.970	12.380	0.790	0.253	0.794	165.631	122.997	12.399	164	120	9	5	7	8
0.241	2.627	10	10	2295	229.500	24.309	215.000	203	264	367.500	243.600	10.200	0.320	0.121	0.350	367.500	243.634	10.216	367	243	9	2	2	3
0.434	4.620	18	17	4365	242.500	34.249	238.500	203	314	362.333	244.778	11.167	0.446	0.183	0.413	362.343	244.773	11.153	361	244	9	3	3	5
2.025	13.735	84	62	30453	362.536	147.614	336.000	200	820	220.929	298.917	12.607	0.857	0.336	0.759	221.004	298.954	12.481	219	297	9	5	5	8
0.554	6.101	23	23	5607	243.783	38.253	235.000	202	332	140.783	321.565	12.261	0.612	0.326	0.547	140.741	321.516	12.310	140	320	9	3	4	7
9.713	43.622	403	236	156554	388.471	197.862	326.000	200	1244	163.427	422.824	15.824	1.457	0.527	1.363	163.430	422.614	15.376	159	418	9	9	12	13
4.676	23.803	194	125	71764	369.918	148.527	333.500	200	852	191.345	431.088	13.289	1.035	0.341	0.978	191.307	431.173	13.158	189	428	9	7	7	10
3.760	18.883	156	110	70480	451.795	241.206	362.000	200	1150	201.147	27.558	14.212	1.023	0.410	0.963	201.287	27.534	14.061	198	26	10	6	4	10
0.651	5.907	27	24	7615	282.037	60.138	265.000	204	432	432.704	92.926	12.259	0.512	0.198	0.477	432.710	92.917	12.269	432	92	10	3	3	5
0.819	6.806	34	31	10194	299.824	76.016	282.000	202	498	224.000	214.294	12.853	0.575	0.235	0.517	224.000	214.300	12.835	223	213	10	3	3	6
0.313	3.209	13	13	3083	237.154	23.874	241.000	202	277	173.538	228.538	11.154	0.378	0.164	0.374	173.549	228.539	11.174	173	228	10	2	2	4
3.037	17.509	126	84	47338	375.698	157.823	337.500	200	897	153.690	268.508	14.127	0.905	0.300	0.838	153.723	268.472	14.088	151	266	10	6	6	9
0.819	6.665	34	28	9007	264.912	49.168	253.500	200	390	292.882	317.588	12.118	0.523	0.167	0.504	292.871	317.580	12.091	292	316	10	3	4	5
0.482	4.690	20	20	4972	248.600	32.747	249.000	206	312	287.550	322.700	12.250	0.485	0.223	0.478	287.556	322.702	12.261	287	322	10	2	3	5
0.506	5.131	21	19	4897	233.190	29.347	234.000	200	300	135.095	359.095	11.667	0.457	0.153	0.406	135.111	359.110	11.653	134	358	10	3	3	4
0.313	3.597	13	13	2902	223.231	15.161	224.000	201	248	148.615	360.385	11.462	0.421	0.182	0.281	148.618	360.367	11.456	148	360	10	2	2	4
0.819	6.736	34	31	9468	278.471	75.437	264.000	200	500	190.000	403.088	12.118	0.531	0.199	0.502	190.019	403.074	12.096	189	402	10	3	3	5
2.820	17.262	117	87	34849	297.855	87.488	275.000	200	543	181.991	430.350	14.077	0.894	0.333	0.863	181.988	430.422	14.040	180	427	10	5	7	9
3.615	19.889	150	99	53744	358.293	141.544	306.500	200	813	182.800	24.887	14.800	0.980	0.337	0.923	182.834	24.825	14.849	181	22	11	5	7	9
1.109	8.410	46	39	14535	315.978	89.984	308.000	213	557	451.739	41.935	13.391	0.637	0.250	0.627	451.720	41.948	13.356	450	41	11	4	3	6
3.350	24.984	139	113	42096	302.849	116.670	250.000	200	731	157.453	46.273	18.417	1.339	0.640	1.407	157.344	46.172	18.815	155	44	11	8	6	14
1.229	9.310	51	42	14337	281.118	65.841	267.000	202	438	158.490	52.137	13.843	0.646	0.267	0.560	158.484	52.155	13.801	157	51	11	4	3	7
1.181	10.262	49	44	12430	253.673	42.740	249.000	202	373	428.653	178.490	13.857	0.726	0.320	0.707	428.656	178.488	13.843	427	176	11	4	6	7
0.819	7.194	34	30	8810	259.118	46.807	250.500	203	358	211.000	253.588	13.529	0.594	0.244	0.624	210.980	253.577	13.540	210	252	11	3	4	6
1.277	9.045	53	40	16133	304.396	88.395	265.000	212	496	146.509	279.472	13.585	0.649	0.208	0.674	146.479	279.478	13.562	145	278	11	4	4	6
0.289	3.667	12	12	2725	227.083	19.351	227.500	201	261	350.333	281.750	13.417	0.462	0.237	0.434	350.319	281.761	13.422	350	281	11	2	2	5
2.964	19.412	123	105	34795	282.886	67.240	266.000	200	515	300.252	384.228	18.756	1.297	0.725	1.133	300.263	384.224	18.971	299	382	11	3	6	14
4.531	21.617	188	112	79536	423.064	204.163	368.000	204	1110	156.043	406.005	15.128	1.038	0.340	0.970	156.049	406.148	15.129	154	403	11	5	7	10
167.311	561.738	6942	3346	2483108	357.693	161.643	307.000	200	1399	379.234	41.988	22.873	6.232	2.779	6.460	378.623	44.217	22.849	367	0	12	29	85	19
0.506	4.760	21	21	6032	287.238	49.261	298.000	213	360	456.476	18.524	14.143	0.557	0.276	0.479	456.487	18.511	14.170	456	18	12	2	2	6
2.386	17.315	99	79	28552	288.404	80.582	266.000	200	535	152.263	83.000	15.697	0.942	0.389	0.907	152.133	82.930	15.718	149	81	12	8	5	9
4.555	23.062	189	117	91366	483.418	292.467	376.000	201	1513	433.069	172.989	17.614	1.131	0.460	1.081	433.118	173.117	17.412	431	170	12	5	6	12
0.289	2.821	12	12	3028	252.333	16.571	255.000	231	284	381.500	197.500	13.000	0.344	0.124	0.428	381.478	197.498	13.000	381	197	12	2	2	3
0.723	6.488	30	26	8592	286.400	68.336	266.500	206	452	173.267	216.967	14.367	0.539	0.219	0.576	173.272	216.952	14.381	172	216	12	3	3	6
13.738	52.541	570	305	237541	416.739	193.475	357.500	200	1158	415.763	223.072	22.644	1.785	0.801	1.614	415.907	223.117	22.592	412	219	12	8	9	19
9.472	46.004	393	240	121580	309.364	87.581	287.000	200	606	153.099	230.753	16.153	1.473	0.527	1.483	153.192	230.776	16.032	143	227	12	17	8	10
0.916	7.247	38	34	10022	263.737	48.492	253.500	201	396	346.474	244.316	14.079	0.566	0.198	0.534	346.429	244.315	14.069	345	243	12	4	3	5
0.241	3.279	10	10	2194	219.400	19.121	211.500	200	252	213.800	250.300	13.900	0.414	0.230	0.403	213.812	250.286	13.904	213	250	12	2	2	5
1.542	10.914	64	51	21781	340.328	110.496	322.000	201	666	139.094	314.156	15.297	0.735	0.276	0.702	139.091	314.128	15.229	138	312	12	4	5	7
29.066	103.032	1206	618	542070	449.478	266.902	358.000	200	1578	127.365	325.290	23.307	2.307	0.890	2.271	127.185	325.205	23.170	118	316	12	20	19	19
5.929	36.305	246	179	72928	296.455	94.978	264.000	200	660	136.825	333.610	17.305	1.181	0.401	1.178	136.745	333.482	17.210	133	329	12	10	11	11
1.542	11.302	64	55	16309	254.828	43.496	247.000	200	385	320.516	362.062	15.281	0.765	0.344	0.675	320.570	362.048	15.201	319	360	12	4	5	8
1.012	7.511	42	38	13319	317.119	89.388	302.000	200	561	154.048	412.833	14.714	0.607	0.252	0.573	154.042	412.807	14.731	153	412	12	3	3	6
5.399	31.208	224	165	71959	321.246	117.488	292.500	200	806	246.906	426.696	17.830	1.183	0.472	1.150	246.669	426.936	17.882	243	423	12	10	8	12
1.350	10.543	56	47	15634	279.179	63.789	262.500	201	421	383.375	43.911	16.982	0.761	0.349	0.802	383.389	43.897	16.908	382	43	13	4	3	9
2.338	14.882	97	76	27970	288.351	67.707	278.000	200	451	179.876	135.546	16.557	0.873	0.350	0.802	179.884	135.583	16.589	178	133	13	5	6	8
2.434	14.775	101	72	40031	396.347	188.029	323.000	201	969	151.951	208.584	17.426	0.889	0.351	0.782	151.917	208.601	17.308	150	207	13	5	4	9
1.663	11.355	69	52	23014	333.536	117.133	310.000	205	654	159.435	220.391	16.000	0.729	0.254	0.668	159.375	220.413	15.916	158	218	13	4	5	7
0.819	6.542	34	29	9744	286.588	65.784	261.000	202	429	170.676	221.206	15.029	0.541	0.186	0.507	170.650	221.213	15.007	169	220	13	4	3	5
0.241	2.627	10	10	2177	217.700	14.182	216.500	200	243	149.500	274.400	14.200	0.320	0.121	0.350	149.503	274.399	14.185	149	274	13	2	2	3
1.735	12.448	72	55	18714	259.917	47.779	248.500	200	396	198.069	337.431	16.222	0.796	0.338	0.708	198.132	337.448	16.128	196	336	13	5	4	8
5.447	24.843	226	136	100914	446.522	244.089	351.500	200	1244	144.049	375.350	18.164	1.132	0.403	1.034	144.012	375.343	17.931	142	372	13	5	7	11
0.892	7.194	37	34	10566	285.568	60.188	268.000	205	418	210.027	30.757	16.865	0.602	0.249	0.539	209.973	30.716	16.881	209	30	14	3	3	6
0.530	5.007	22	22	5477	248.955	34.750	248.000	201	313	153.364	51.091	15.864	0.471	0.212	0.447	153.349	51.138	15.870	153	50	14	2	3	5
0.362	3.985	15	15	3587	239.133	28.129	233.000	201	298	384.400	82.400	16.333	0.448	0.221	0.335	384.381	82.385	16.318	384	82	14	2	2	5
1.133	8.781	47	36	13465	286.489	78.421	263.000	201	451	369.553	86.617	16.277	0.599	0.181	0.529	369.549	86.587	16.233	368	85	14	4	4	6
2.362	17.613	98	82	27899	284.684	81.177	259.500	200	577	433.633	100.378	19.173	0.998	0.530	0.863	433.697	100.323	18.924	431	99	14	6	4	13
2.049	14.353	85	66	23781	279.776	64.460	271.000	201	446	172.224	209.706	16.341	0.779	0.252	0.761	172.142	209.628	16.370	170	207	14	6	7	6
0.771	7.000	32	28	8410	262.812	48.512	252.500	201	390	385.188	246.969	16.438	0.567	0.245	0.604	385.192	246.980	16.452	384	246	14	3	3	6
0.554	5.713	23	20	6042	262.696	51.058	260.000	200	396	379.913	249.130	16.304	0.482	0.185	0.403	379.928	249.123	16.244	379	248	14	3	3	5
0.241	3.085	10	10	2439	243.900	34.304	237.000	203	302	351.600	298.200	15.500	0.394	0.179	0.296	351.628	298.187	15.496	351	298	14	2	2	4
3.904	24.172	162	126	40306	248.802	37.841	244.000	200	372	301.852	302.062	21.160	1.298	0.677	1.188	301.852	302.044	21.163	300	300	14	5	6	15
12.605	63.918	523	344	189885	363.069	168.211	311.000	200	1229	126.340	308.084	21.398	1.756	0.671	1.766	126.052	308.565	21.506	121	301	14	13	13	15
1.012	7.899	42	36	11832	281.714	62.397	269.500	204	423	258.405	310.905	16.786	0.629	0.243	0.577	258.409	310.884	16.806	257	310	14	4	3	6
26.126	93.722	1084	529	443694	409.312	237.981	327.000	200	1495	138.781	392.450	21.470	2.152	0.792	2.124	138.810	392.024	20.952	131	384	14	16	19	17
0.506	4.814	21	21	5336	254.095	44.711	241.000	203	359	183.952	13.524	16.952	0.452	0.201	0.456	183.956	13.552	16.960	183	13	15	3	2	5
5.013	29.637	208	165	60052	288.712	92.738	262.000	200	688	395.856	71.909	23.423	1.487	0.782	1.392	395.813	71.948	23.807	393	68	15	6	7	16
6.339	46.055	263	224	66390	252.433	44.140	239.000	200	411	382.350	88.129	25.456	1.725	0.745	1.793	382.292	88.148	25.494	377	84	15	14	11	16
3.495	19.060	145	99	49659	342.476	123.458	313.000	201	728	171.152	162.041	19.786	0.973	0.357	0.887	171.177	162.071	19.777	169	159	15	5	7	10
0.747	7.388	31	29	7313	235.903	29.433	231.000	202	309	211.935	183.290	18.806	0.648	0.331	0.540	211.933	183.287	18.809	210	182	15	4	3	8
1.036	8.728	43	36	11026	256.419	43.837	244.000	200	371	177.930	199.116	17.488	0.600	0.236	0.623	177.892	199.108	17.508	176	198	15	4	4	6
4.652	31.348	193	159	56635	293.446	90.953	264.000	200	721	140.104	227.813	22.834	1.426	0.668	1.373	140.181	227.559	22.432	138	224	15	5	11	14
0.410	4.302	17	17	4291	252.412	38.536	247.000	200	335	349.529	251.706	17.000	0.452	0.222	0.418	349.546	251.709	17.000	349	251	15	2	3	5
0.627	5.907	26	23	7091	272.731	59.969	253.500	200	428	334.077	294.231	16.808	0.503	0.196	0.455	334.071	294.225	16.796	333	293	15	3	3	5
1.229	9.293	51	46	12403	243.196	33.496	234.000	200	322	250.020	313.902	17.843	0.665	0.261	0.622	250.091	313.953	17.800	248	312	15	5	4	6
1.591	11.302	66	54	21565	326.742	107.855	301.000	200	624	164.318	35.000	19.379	0.764	0.334	0.684	164.318	35.017	19.353	163	34	16	4	4	8
0.362	3.791	15	15	3714	247.600	33.385	241.000	201	314	205.533	185.600	17.867	0.434	0.213	0.393	205.545	185.624	17.869	205	185	16	2	2	5
0.892	7.388	37	33	9119	246.459	31.018	245.000	203	316	415.919	208.838	18.351	0.594	0.254	0.593	415.931	208.831	18.360	415	208	16	3	3	6
0.651	5.907	27	26	6819	252.556	35.868	250.000	202	322	317.296	252.444	18.889	0.570	0.280	0.519	317.314	252.465	18.889	316	251	16	3	3	6
2.531	16.821	105	80	29175	277.857	75.152	257.000	200	522	311.857	270.838	20.371	0.962	0.434	0.846	311.859	270.746	20.519	310	269	16	5	7	10
1.374	9.821	57	43	18089	317.351	102.038	275.000	202	568	130.491	293.404	19.386	0.691	0.254	0.666	130.474	293.390	19.334	129	292	16	4	4	7
2.000	12.572	83	63	22783	274.494	62.545	251.000	201	457	286.916	315.735	19.361	0.765	0.251	0.716	286.909	315.740	19.332	285	314	16	5	4	7
1.109	8.922	46	41	11598	252.130	39.278	247.500	202	348	278.000	411.304	19.239	0.632	0.242	0.572	278.028	411.279	19.193	277	409	16	3	5	7
6.001	30.590	249	160	88085	353.755	156.365	295.000	200	877	264.815	418.020	22.683	1.367	0.593	1.252	264.726	417.932	22.375	262	415	16	7	7	14
8.990	46.038	373	249	141705	379.906	188.047	320.000	200	1187	201.469	445.437	23.946	1.738	0.772	1.688	201.657	445.888	24.321	198	438	16	8	13	15
3.037	19.007	126	91	41812	331.841	130.629	290.500	200	752	400.627	6.905	22.183	0.996	0.412	0.917	400.729	6.866	22.055	397	5	17	7	5	11
0.313	3.209	13	13	3030	233.077	22.581	224.000	200	273	388.538	42.462	18.846	0.378	0.164	0.374	388.567	42.448	18.835	388	42	17	2	2	4
1.711	13.418	71	61	17026	239.803	38.610	228.000	200	349	400.423	47.380	21.394	0.854	0.400	0.752	400.345	47.354	21.517	398	46	17	6	4	9
1.783	12.201	74	55	22824	308.432	101.639	268.500	200	619	366.176	113.257	21.176	0.776	0.294	0.778	366.145	113.261	21.181	364	112	17	5	4	8
0.386	3.597	16	16	3948	246.750	17.737	247.500	220	270	170.500	125.500	18.500	0.437	0.180	0.437	170.506	125.499	18.478	170	125	17	2	2	4
15.497	70.581	643	402	224069	348.474	139.995	310.000	200	875	375.266	259.530	24.510	1.806	0.654	1.845	374.903	259.769	24.379	368	254	17	18	13	14
1.109	8.798	46	38	13800	300.000	77.478	290.500	202	466	144.652	260.848	20.152	0.666	0.264	0.580	144.623	260.850	20.180	143	259	17	4	4	7
1.639	12.766	68	58	16501	242.662	32.200	235.000	201	326	344.794	279.059	20.456	0.752	0.327	0.665	344.800	279.006	20.432	342	277	17	6	5	8
0.362	3.914	15	15	3683	245.533	36.144	235.000	200	310	197.400	350.800	18.400	0.395	0.158	0.341	197.398	350.814	18.412	197	350	17	2	3	4
0.964	7.705	40	38	10529	263.225	41.215	254.000	200	348	179.300	396.450	19.650	0.620	0.258	0.599	179.306	396.458	19.667	178	395	17	4	3	6
4.386	27.470	182	140	54679	300.434	108.935	258.500	200	733	192.445	444.275	23.055	1.364	0.678	1.247	192.501	444.405	22.934	189	441	17	7	7	14
0.265	3.209	11	11	2664	242.182	33.163	235.000	202	304	215.636	442.636	18.818	0.367	0.172	0.367	215.647	442.677	18.835	215	442	17	2	2	4
3.302	19.572	137	103	48655	355.146	153.785	309.000	200	911	232.080	33.175	22.182	0.958	0.367	0.901	231.885	33.117	22.047	229	31	18	8	5	9
5.543	30.185	230	164	61283	266.448	54.266	250.500	200	427	390.087	79.852	24.713	1.284	0.575	1.172	390.015	79.825	24.553	387	77	18	9	6	13
0.627	7.405	26	26	5913	227.423	18.206	225.500	200	279	361.154	107.615	24.038	0.821	0.566	0.776	361.179	107.610	24.051	360	107	18	3	2	11
0.337	3.527	14	14	3243	231.643	25.659	225.500	200	289	174.643	179.571	19.143	0.377	0.157	0.380	174.656	179.591	19.138	174	179	18	3	2	4
4.145	26.324	172	134	43060	250.349	38.797	243.000	200	358	427.349	197.936	23.227	1.140	0.443	1.116	427.291	197.966	23.205	424	196	18	10	5	12
0.362	4.426	15	14	3579	238.600	31.446	231.000	203	306	176.800	231.267	19.867	0.442	0.201	0.392	176.805	231.265	19.858	176	230	18	3	3	5
1.518	10.386	63	51	18844	299.111	72.357	283.000	203	487	148.810	251.095	20.317	0.693	0.234	0.695	148.842	251.045	20.268	147	249	18	4	5	6
2.675	16.346	111	75	31224	281.297	66.264	262.000	201	464	229.243	386.351	21.595	0.831	0.248	0.751	229.196	386.313	21.600	227	384	18	6	6	8
0.313	3.209	13	13	2976	228.923	16.540	235.000	202	247	159.462	26.538	20.846	0.378	0.164	0.374	159.456	26.536	20.829	159	26	19	2	2	4
1.229	8.728	51	44	15109	296.255	62.159	276.000	213	483	147.373	90.078	21.471	0.641	0.242	0.643	147.337	90.084	21.471	146	89	19	4	3	6
5.784	27.187	240	152	103895	432.896	233.241	360.000	200	1339	359.925	113.429	25.100	1.269	0.512	1.249	359.938	113.492	25.537	357	111	19	6	6	12
0.289	3.720	12	10	2808	234.000	30.045	224.500	203	296	364.000	120.000	20.500	0.370	0.113	0.316	364.006	119.984	20.497	363	119	19	3	3	4
0.265	3.403	11	11	2536	230.545	21.229	219.000	207	269	405.091	232.182	20.455	0.395	0.178	0.314	405.099	232.170	20.474	404	232	19	3	2	4
4.965	25.231	206	138	70678	343.097	136.689	301.500	200	828	359.684	271.670	25.301	1.227	0.514	1.157	359.749	271.716	25.211	356	270	19	8	5	12
1.711	12.977	71	62	18479	260.268	55.092	245.000	200	451	220.507	338.014	22.859	0.923	0.462	0.848	220.459	337.988	22.675	218	337	19	6	3	10
0.747	6.612	31	28	8084	260.774	52.327	255.000	201	376	201.548	350.871	21.774	0.579	0.244	0.517	201.542	350.848	21.848	200	350	19	4	3	6
2.145	13.224	89	65	33381	375.067	157.860	332.000	200	843	245.427	438.034	22.921	0.816	0.297	0.800	245.379	438.028	22.861	244	436	19	4	5	8
0.699	7.494	29	29	6738	232.345	25.734	237.000	200	291	160.931	17.000	22.207	0.694	0.277	0.737	160.943	17.010	22.209	158	16	20	7	3	6
1.253	9.557	52	42	13804	265.462	55.483	248.500	200	403	146.173	44.673	22.519	0.634	0.217	0.642	146.205	44.711	22.505	145	42	20	4	5	6
0.771	7.581	32	29	7459	233.094	26.449	225.500	200	284	206.688	179.625	23.000	0.621	0.286	0.524	206.680	179.618	22.984	205	179	20	4	3	7
11.906	46.356	494	254	226400	458.300	247.442	380.000	200	1438	130.233	210.366	25.324	1.435	0.402	1.406	130.192	210.324	25.125	123	207	20	13	8	11
2.699	15.694	112	85	31907	284.884	67.526	266.000	200	525	141.330	210.339	23.062	0.822	0.253	0.825	141.299	210.242	23.117	140	208	20	5	7	8
2.266	17.349	94	80	26003	276.628	63.168	259.500	200	456	390.628	250.106	25.160	1.118	0.529	1.104	390.690	250.076	25.208	387	248	20	7	5	11
0.386	4.426	16	15	3761	235.062	26.297	235.500	204	298	353.750	274.188	21.375	0.413	0.154	0.347	353.757	274.176	21.366	353	273	20	3	3	4
3.374	19.218	140	99	44819	320.136	91.449	293.000	200	530	251.593	301.907	25.379	1.093	0.496	1.045	251.612	301.908	25.294	250	300	20	5	5	11
0.771	6.806	32	28	7837	244.906	40.601	230.000	200	343	132.000	346.500	22.500	0.568	0.215	0.598	131.988	346.484	22.467	131	345	20	3	4	6
0.241	3.085	10	10	2346	234.600	27.601	232.500	204	280	168.800	396.600	21.500	0.394	0.179	0.296	168.820	396.614	21.517	168	396	20	2	2	4
0.289	3.597	12	12	2825	235.417	15.240	234.500	209	259	230.917	399.583	21.333	0.412	0.184	0.347	230.897	399.595	21.373	230	399	20	3	2	4
5.808	29.358	241	155	106703	442.751	255.837	336.000	201	1252	141.046	67.701	26.261	1.223	0.449	1.176	141.224	67.802	25.969	135	64	21	10	8	10
0.434	4.232	18	18	4370	242.778	33.020	234.000	203	299	200.556	197.111	22.500	0.407	0.156	0.356	200.556	197.128	22.519	200	196	21	2	3	4
0.241	3.085	10	10	2200	220.000	14.267	218.000	205	247	418.700	205.300	22.800	0.380	0.175	0.365	418.706	205.289	22.778	418	205	21	2	2	4
1.301	9.310	54	46	17110	316.852	95.540	293.000	202	567	133.889	217.537	24.352	0.677	0.276	0.646	133.884	217.565	24.383	133	216	21	3	4	7
0.988	7.899	41	34	12041	293.683	78.854	271.000	202	479	231.610	323.854	23.537	0.622	0.246	0.635	231.602	323.838	23.525	230	323	21	4	3	6
12.171	41.033	505	268	298893	591.867	334.593	504.000	200	1775	115.026	341.669	26.624	1.398	0.327	1.439	114.882	341.572	26.865	109	339	21	13	7	10
0.386	3.597	16	16	3885	242.812	25.477	246.000	207	293	140.500	368.500	22.500	0.437	0.180	0.437	140.488	368.473	22.507	140	368	21	2	2	4
1.133	8.922	47	41	12561	267.255	54.951	247.000	202	397	313.638	376.553	23.362	0.617	0.228	0.571	313.660	376.558	23.340	312	375	21	4	4	6
0.434	4.743	18	18	4221	234.500	15.883	233.000	210	271	157.056	422.500	21.944	0.411	0.137	0.436	157.052	422.504	21.954	156	421	21	3	4	3
0.241	2.627	10	10	2182	218.200	11.603	215.500	200	239	169.500	434.600	22.200	0.320	0.121	0.350	169.494	434.614	22.189	169	434	21	2	2	3
0.362	3.720	15	15	3541	236.067	28.118	227.000	200	291	403.667	18.533	23.733	0.402	0.170	0.356	403.688	18.538	23.719	403	18	22	3	2	4
0.844	6.859	35	33	9371	267.743	49.010	261.000	207	363	147.429	58.343	23.971	0.559	0.212	0.533	147.442	58.363	23.926	146	57	22	4	3	5
1.446	11.920	60	55	17012	283.533	73.735	265.000	200	512	162.067	114.483	26.733	1.071	0.434	1.090	161.964	114.534	26.924	159	113	22	7	4	9
2.338	17.967	97	82	24400	251.546	41.994	247.000	200	372	142.577	203.165	25.505	0.893	0.376	0.867	142.671	203.130	25.469	138	201	22	9	6	8
2.362	14.899	98	74	31240	318.776	105.666	282.500	200	655	141.582	266.480	25.439	0.887	0.359	0.770	141.529	266.504	25.461	139	265	22	6	4	9
3.254	21.811	135	107	37063	274.541	65.987	246.000	201	480	196.385	306.296	27.237	1.021	0.393	1.042	196.440	306.376	27.202	193	302	22	7	8	9
1.591	11.566	66	57	18591	281.682	61.420	268.000	204	429	267.848	332.167	26.182	0.858	0.408	0.795	267.826	332.198	26.157	266	331	22	4	4	9
1.301	9.186	54	47	15342	284.111	65.586	277.000	201	460	128.907	343.000	24.870	0.696	0.293	0.647	128.897	342.973	24.802	127	342	22	4	3	7
0.651	5.519	27	26	7168	265.481	43.382	264.000	200	362	206.444	390.000	24.000	0.521	0.213	0.476	206.447	390.004	23.998	205	389	22	3	3	5
0.868	7.441	36	32	8904	247.333	35.141	243.500	201	333	151.000	406.472	24.333	0.581	0.235	0.530	151.015	406.530	24.368	150	405	22	3	4	6
1.181	8.410	49	41	13402	273.510	52.554	263.000	202	409	161.245	432.408	24.429	0.645	0.244	0.654	161.240	432.408	24.367	160	431	22	3	4	6
7.640	33.895	317	203	106720	336.656	112.274	316.000	200	721	214.823	24.880	27.896	1.166	0.291	1.130	214.669	24.784	28.043	209	20	23	13	9	8
0.337	3.403	14	14	3621	258.643	32.293	249.000	213	322	231.500	27.429	24.714	0.404	0.176	0.336	231.526	27.393	24.722	231	27	23	2	2	4
4.194	19.661	174	122	58444	335.885	109.480	304.000	200	641	410.431	40.063	27.351	1.009	0.332	1.019	410.395	40.018	27.510	409	37	23	4	9	8
0.337	4.108	14	14	3194	228.143	20.099	227.000	201	264	390.786	111.071	25.071	0.407	0.200	0.417	390.807	111.075	25.080	390	110	23	2	3	5
0.434	4.108	18	18	5231	290.611	41.220	281.000	210	341	163.667	169.444	24.389	0.448	0.179	0.470	163.625	169.451	24.426	163	169	23	3	2	4
0.940	7.247	39	34	11514	295.231	74.706	277.000	200	486	147.256	188.821	25.282	0.576	0.214	0.557	147.245	188.788	25.212	146	188	23	4	3	6
0.289	3.209	12	12	2862	238.500	25.170	234.000	200	288	159.583	222.417	24.750	0.369	0.162	0.343	159.611	222.402	24.768	159	222	23	2	2	4
4.121	19.555	171	111	62243	363.994	147.419	337.000	200	775	342.327	291.462	27.216	0.982	0.288	0.966	342.351	291.566	27.381	340	289	23	6	6	8
0.554	6.101	23	20	6068	263.826	52.034	251.000	201	397	248.870	294.000	25.609	0.513	0.218	0.476	248.878	294.010	25.657	248	293	23	3	3	6
2.579	15.182	107	80	30444	284.523	65.445	266.000	201	479	304.626	295.701	27.355	0.876	0.324	0.842	304.647	295.724	27.493	303	293	23	4	7	8
0.940	7.705	39	34	11407	292.487	72.725	270.000	201	498	209.103	330.897	26.000	0.583	0.251	0.502	209.117	330.902	25.951	208	330	23	3	3	7
0.482	4.232	20	20	4819	240.950	21.804	244.500	204	270	191.200	371.500	24.500	0.430	0.162	0.377	191.229	371.502	24.533	190	371	23	3	2	4
2.892	19.538	120	107	35422	295.183	76.704	277.500	200	581	155.133	434.267	27.517	0.999	0.376	1.009	155.087	434.440	27.497	153	429	23	7	9	8
2.482	18.602	103	87	26122	253.612	43.140	245.000	201	395	187.942	437.893	26.049	0.839	0.296	0.846	188.028	437.849	26.034	183	435	23	9	6	7
0.458	5.272	19	19	4639	244.158	37.305	236.000	200	319	220.947	0.263	26.316	0.517	0.257	0.517	220.910	0.238	26.248	220	0	24	3	2	6
5.929	33.793	246	194	64542	262.366	66.274	243.500	200	567	214.057	5.370	28.728	1.067	0.335	1.067	214.365	5.325	28.825	207	0	24	14	11	7
0.337	3.403	14	14	3134	223.857	14.623	229.500	200	245	410.571	17.500	25.286	0.404	0.176	0.336	410.563	17.487	25.269	410	17	24	2	2	4
0.795	7.829	33	33	8513	257.970	46.381	244.000	200	355	140.667	90.030	26.970	0.630	0.305	0.517	140.643	90.080	26.942	140	87	24	3	6	7
2.772	17.087	115	92	33341	289.922	68.274	278.000	200	498	378.687	95.139	28.061	0.867	0.295	0.843	378.693	95.119	28.135	376	92	24	7	7	7
1.880	12.254	78	65	24093	308.885	83.897	300.000	201	510	403.026	240.282	27.628	0.785	0.302	0.738	403.008	240.313	27.734	401	238	24	4	6	7
2.025	13.772	84	69	20587	245.083	37.621	235.000	200	350	184.512	289.726	27.750	0.805	0.301	0.759	184.487	289.780	27.823	183	288	24	5	6	7
1.832	12.749	76	63	19198	252.605	43.293	243.500	200	367	345.895	297.934	27.592	0.792	0.309	0.730	345.908	297.913	27.614	344	296	24	5	6	7
0.578	5.466	24	24	6366	265.250	41.578	277.500	205	325	264.417	321.625	26.708	0.570	0.282	0.535	264.417	321.601	26.693	264	321	24	2	3	6
3.953	21.990	164	115	56459	344.262	116.079	305.000	200	615	258.829	324.683	28.061	0.960	0.261	0.912	258.928	324.634	28.189	254	321	24	9	8	7
0.289	3.861	12	12	2629	219.083	16.167	215.500	201	249	281.750	356.750	26.750	0.481	0.284	0.424	281.754	356.762	26.747	281	356	24	2	2	6
1.326	11.144	55	51	13608	247.418	36.011	242.000	203	350	158.745	400.691	27.727	0.728	0.299	0.681	158.688	400.663	27.782	156	399	24	6	4	7
1.157	9.062	48	40	14125	294.271	72.119	282.500	200	466	244.958	424.562	27.354	0.701	0.295	0.674	244.945	424.557	27.439	244	423	24	3	4	7
0.386	3.597	16	16	4249	265.562	34.209	268.500	216	326	257.500	427.500	25.500	0.437	0.180	0.437	257.512	427.467	25.466	257	427	24	2	2	4
0.747	6.682	31	27	8620	278.065	62.469	262.000	206	438	178.065	1.258	27.290	0.553	0.229	0.558	178.069	1.270	27.248	177	0	25	3	3	6
0.988	8.534	41	35	10475	255.488	48.086	238.000	201	382	227.341	9.732	27.707	0.615	0.230	0.543	227.339	9.686	27.652	226	8	25	4	4	6
0.337	4.232	14	13	3478	248.429	40.799	235.000	200	339	168.214	12.214	27.000	0.416	0.184	0.397	168.206	12.207	26.991	167	11	25	3	3	5
2.796	16.188	116	88	40133	345.974	133.051	320.500	200	728	226.828	21.664	28.310	0.810	0.226	0.811	226.759	21.957	28.461	225	18	25	5	8	6
1.711	10.262	71	55	24814	349.493	112.418	325.000	206	616	410.479	26.352	27.901	0.706	0.224	0.657	410.488	26.339	27.984	409	25	25	4	4	6
0.578	5.148	24	24	5812	242.167	18.984	241.000	200	277	176.500	59.500	27.500	0.621	0.304	0.611	176.484	59.517	27.566	176	59	25	2	2	6
1.976	12.026	82	64	33575	409.451	173.849	356.500	202	869	141.110	101.024	28.415	0.718	0.202	0.673	141.085	100.996	28.613	139	99	25	5	6	6
0.410	4.038	17	17	4284	252.000	45.267	242.000	202	338	400.824	177.529	26.294	0.402	0.158	0.362	400.831	177.542	26.289	400	177	25	3	2	4
0.241	3.209	10	10	2104	210.400	5.400	210.000	204	219	195.700	196.500	27.200	0.436	0.225	0.378	195.706	196.505	27.196	195	196	25	2	2	5
0.723	7.036	30	29	6534	217.800	13.634	215.000	202	252	326.467	253.267	26.667	0.543	0.228	0.511	326.452	253.268	26.656	324	252	25	6	3	5
4.796	23.616	199	140	62403	313.583	103.803	285.000	200	668	184.804	304.935	28.638	0.958	0.239	0.950	185.008	304.956	28.713	181	300	25	9	11	6
2.145	13.631	89	72	27833	312.730	90.868	287.000	201	560	256.888	312.427	28.213	0.773	0.242	0.762	256.852	312.349	28.280	255	310	25	5	7	6
3.808	20.262	158	118	45249	286.386	76.725	259.000	200	522	192.842	323.741	28.196	0.922	0.255	0.908	192.679	323.796	28.262	189	319	25	9	8	6
1.301	9.099	54	46	16490	305.370	78.438	285.000	201	496	206.259	427.352	28.352	0.634	0.216	0.631	206.181	427.328	28.459	205	426	25	4	4	6
1.663	12.167	69	59	21999	318.826	109.162	276.000	201	581	242.710	453.087	28.275	0.709	0.237	0.696	242.911	453.151	28.403	239	452	25	7	5	6
0.699	5.836	29	27	8107	279.552	55.683	264.000	201	399	226.966	4.724	28.517	0.518	0.182	0.596	226.953	4.703	28.575	226	4	26	3	3	5
2.000	15.395	83	76	21349	257.217	48.475	243.000	200	407	376.578	110.325	28.831	0.799	0.256	0.795	376.515	110.282	28.841	374	108	26	8	8	5
1.036	7.371	43	38	13392	311.442	84.031	274.000	203	504	166.000	140.721	28.442	0.572	0.186	0.615	165.958	140.731	28.570	165	139	26	3	4	5
3.157	16.207	131	92	54953	419.489	184.359	360.000	200	993	448.282	142.588	28.603	0.806	0.155	0.797	448.389	142.674	28.869	445	139	26	7	8	5
1.639	11.585	68	55	16499	242.632	33.002	236.500	200	317	421.574	206.235	28.235	0.680	0.200	0.705	421.575	206.261	28.284	419	204	26	6	5	5
0.506	5.078	21	21	4922	234.381	24.792	234.000	200	288	409.238	230.381	28.000	0.491	0.225	0.444	409.239	230.375	27.988	408	230	26	3	2	5
1.277	8.517	53	44	16348	308.453	85.799	282.000	205	527	186.509	250.453	28.528	0.603	0.160	0.600	186.530	250.405	28.668	185	249	26	4	4	5
0.337	3.597	14	14	3451	246.500	30.914	237.000	208	301	319.571	314.500	27.500	0.412	0.178	0.271	319.614	314.498	27.471	319	314	26	2	2	4
0.723	5.890	30	28	9775	325.833	109.663	306.000	201	630	376.933	21.900	28.833	0.483	0.154	0.467	376.901	21.863	29.000	375	21	27	4	3	4
0.313	3.403	13	13	3190	245.385	26.962	242.000	204	293	413.538	31.385	28.769	0.407	0.185	0.356	413.555	31.371	28.845	413	31	27	2	2	4
0.241	3.209	10	10	2062	206.200	5.181	204.500	200	217	386.600	37.300	28.800	0.382	0.176	0.362	386.605	37.298	28.788	386	37	27	2	2	4
0.506	4.867	21	19	5773	274.905	59.338	256.000	208	434	454.952	48.143	29.048	0.424	0.134	0.455	454.958	48.151	29.116	454	47	27	3	3	4
0.892	6.842	37	34	12548	339.135	124.605	303.000	207	710	171.189	61.135	28.838	0.516	0.148	0.501	171.155	61.120	29.040	170	60	27	4	4	4
0.578	6.277	24	23	5635	234.792	27.544	227.000	200	302	391.917	98.500	28.583	0.533	0.204	0.513	391.944	98.439	28.643	390	97	27	4	5	4
2.338	13.299	97	75	37874	390.454	168.633	348.000	202	883	405.155	248.680	28.990	0.703	0.139	0.699	405.215	248.709	29.183	403	245	27	6	8	4
1.277	11.287	53	52	12699	239.604	34.114	232.000	201	346	315.038	272.132	29.358	0.691	0.281	0.647	315.028	272.252	29.384	313	267	27	5	10	4
0.362	3.597	15	15	3644	242.933	22.930	240.000	212	288	214.533	285.467	28.400	0.423	0.179	0.300	214.552	285.437	28.401	214	285	27	2	2	4
0.386	4.232	16	16	3620	226.250	20.329	228.000	200	258	299.312	308.625	28.875	0.404	0.167	0.402	299.338	308.635	28.901	298	307	27	3	4	4
3.181	18.148	132	99	44843	339.720	124.954	308.000	200	806	130.773	377.379	28.886	0.849	0.256	0.841	130.607	377.215	29.028	127	373	27	8	12	4
0.988	7.283	41	36	16040	391.220	178.178	339.000	206	930	177.171	378.561	28.951	0.523	0.134	0.503	177.136	378.625	29.122	175	377	27	5	4	4
0.313	3.139	13	13	3849	296.077	51.629	309.000	201	376	151.615	10.462	29.077	0.359	0.129	0.408	151.595	10.446	29.144	151	10	28	3	2	3
0.289	3.580	12	12	2783	231.917	20.452	229.000	210	272	238.250	10.167	29.500	0.396	0.180	0.355	238.252	10.170	29.518	237	9	28	3	5	3
0.627	5.291	26	25	6661	256.192	48.882	232.500	202	357	381.423	103.385	29.346	0.421	0.106	0.442	381.417	103.413	29.397	380	102	28	4	4	3
0.434	4.091	18	17	4039	224.389	22.524	219.500	202	271	388.222	104.111	29.278	0.381	0.096	0.362	388.232	104.101	29.289	387	103	28	3	3	3
0.506	4.532	21	20	6304	300.190	74.444	285.000	204	465	231.143	266.714	29.286	0.411	0.116	0.399	231.119	266.683	29.368	230	266	28	4	3	3
0.289	3.068	12	12	2744	228.667	26.925	219.000	204	281	183.500	276.167	29.333	0.342	0.116	0.323	183.496	276.162	29.370	183	275	28	2	3	3
0.362	3.580	15	15	3668	244.533	42.922	227.000	202	341	341.400	307.000	29.333	0.347	0.105	0.318	341.401	306.986	29.372	340	306	28	3	3	3
0.723	5.732	30	29	7902	263.400	55.081	249.500	202	393	182.533	312.500	29.300	0.449	0.122	0.476	182.498	312.503	29.373	181	311	28	4	4	3
0.410	3.897	17	16	4994	293.765	65.749	271.000	225	456	171.941	372.765	29.353	0.368	0.091	0.351	171.930	372.752	29.422	171	372	28	3	3	3
1.012	7.373	42	39	11262	268.143	55.559	263.500	203	396	198.833	419.857	29.429	0.500	0.124	0.530	198.853	419.827	29.499	197	418	28	5	5	3
0.265	2.998	11	11	2665	242.273	33.073	239.000	203	313	410.000	49.727	29.636	0.298	0.062	0.307	410.012	49.716	29.674	409	49	29	3	3	2
0.289	2.998	12	12	2789	232.417	20.598	229.500	200	266	378.667	168.083	29.583	0.306	0.060	0.325	378.648	168.106	29.597	378	167	29	3	3	2
0.241	2.857	10	10	2386	238.600	27.822	238.500	203	282	242.300	335.900	29.900	0.291	0.101	0.306	242.306	335.920	29.915	241	335	29	4	3	2
0.265	2.998	11	11	2613	237.545	32.556	230.000	204	298	203.364	436.545	29.636	0.305	0.077	0.297	203.365	436.537	29.660	202	435	29	3	4	2
