Volume (micron^3)	Surface (micron^2)	Nb of obj. voxels	Nb of surf. voxels	IntDen	Mean	StdDev	Median	Min	Max	X	Y	Z	Mean dist. to surf. (micron)	SD dist. to surf. (micron)	Median dist. to surf. (micron)	XM	YM	ZM	BX	BY	BZ	B-width	B-height	B-depth
7744.127	6927.573	321316	59972	365887040	1138.714	823.683	890.000	200	4082	324.110	256.282	11.066	37.818	10.885	33.391	318.566	242.273	10.187	198	0	1	314	391	21
16.124	46.934	669	331	731630	1093.617	974.341	686.000	200	4017	235.558	250.682	18.732	1.458	0.255	1.464	235.559	250.671	19.453	231	243	15	11	15	7
0.892	10.209	37	37	9089	245.649	34.883	229.000	200	339	511.000	343.838	19.216	0.847	0.356	0.879	511.000	343.825	19.192	511	338	17	1	12	5
1.711	10.955	71	65	27666	389.662	216.022	310.000	201	1154	487.155	173.944	20.451	0.621	0.175	0.611	487.205	174.194	20.550	484	171	19	7	7	3
0.699	5.979	29	28	8895	306.724	87.100	290.000	201	527	228.862	290.138	20.517	0.435	0.120	0.408	228.857	290.114	20.588	227	288	19	5	5	3
1.133	8.328	47	47	12779	271.894	56.478	250.000	204	391	260.128	223.596	20.766	0.561	0.214	0.542	260.076	223.579	20.803	258	220	20	5	8	2
0.530	4.922	22	22	5456	248.000	31.387	242.500	203	305	335.864	354.864	20.955	0.432	0.163	0.465	335.863	354.885	20.963	334	353	20	5	5	2
0.072	1.146	3	3	628	209.333	6.658	206.000	205	217	267.333	192.333	21.000	0.163	0.039	0.185	267.326	192.346	21.000	267	192	21	2	2	1
0.072	1.146	3	3	624	208.000	8.000	208.000	200	216	510.667	328.667	21.000	0.163	0.039	0.185	510.679	328.667	21.000	510	328	21	2	2	1
