Volume (micron^3)	Surface (micron^2)	Nb of obj. voxels	Nb of surf. voxels	IntDen	Mean	StdDev	Median	Min	Max	X	Y	Z	Mean dist. to surf. (micron)	SD dist. to surf. (micron)	Median dist. to surf. (micron)	XM	YM	ZM	BX	BY	BZ	B-width	B-height	B-depth
0.362	4.302	15	13	3337	222.467	23.597	217.000	201	272	21.000	2.933	2.200	0.415	0.135	0.399	20.993	2.938	2.181	20	2	1	3	3	4
3.495	24.596	145	138	35264	243.200	32.102	235.000	200	324	0.510	19.386	5.034	1.277	0.628	1.222	0.480	19.486	4.933	0	13	1	3	13	12
0.241	2.945	10	10	2248	224.800	20.258	223.000	205	267	2.300	39.100	1.600	0.317	0.102	0.308	2.288	39.099	1.573	2	38	1	2	3	3
6.435	41.920	267	267	72231	270.528	48.963	264.000	200	425	61.618	84.034	1.000	1.574	0.584	1.645	62.089	83.925	1.000	53	74	1	18	20	1
0.819	7.111	34	34	7728	227.294	20.870	222.000	200	271	38.529	81.118	1.000	0.593	0.247	0.609	38.544	81.037	1.000	36	78	1	7	8	1
3.977	28.925	165	165	46325	280.758	69.991	262.000	200	416	42.897	91.552	1.000	1.329	0.609	1.276	42.776	91.884	1.000	36	80	1	16	21	1
0.241	2.593	10	10	2632	263.200	62.189	232.500	203	370	454.200	108.500	1.000	0.298	0.109	0.323	454.238	108.481	1.000	453	107	1	3	4	1
0.265	2.911	11	11	2914	264.909	51.669	263.000	203	346	459.818	109.455	1.000	0.318	0.121	0.324	459.846	109.460	1.000	458	108	1	4	4	1
0.313	3.158	13	13	3391	260.846	46.886	258.000	200	348	449.615	112.615	1.000	0.335	0.115	0.377	449.566	112.682	1.000	448	111	1	4	4	1
10.436	71.356	433	433	138054	318.831	132.168	277.000	200	1044	469.441	130.804	1.000	2.281	1.015	2.247	468.208	131.932	1.000	456	112	1	29	35	1
0.337	3.282	14	14	3915	279.643	61.189	265.500	208	401	459.500	123.286	1.000	0.347	0.120	0.380	459.472	123.276	1.000	458	122	1	4	4	1
0.265	2.717	11	11	3112	282.909	65.561	264.000	202	396	481.909	139.636	1.000	0.311	0.116	0.314	481.901	139.624	1.000	481	138	1	3	4	1
36.538	245.544	1516	1516	430887	284.226	90.659	257.000	200	985	341.190	169.400	1.000	4.399	1.957	4.326	342.061	169.440	1.000	304	146	1	68	50	1
0.434	4.164	18	18	6192	344.000	119.608	306.500	202	615	390.278	151.167	1.000	0.404	0.155	0.430	390.456	151.187	1.000	388	149	1	5	5	1
0.458	4.481	19	19	4344	228.632	28.576	218.000	200	288	456.105	151.316	1.000	0.468	0.209	0.501	456.206	151.233	1.000	454	149	1	5	6	1
3.133	24.405	130	130	35584	273.723	65.726	256.500	201	455	403.162	159.731	1.000	1.355	0.653	1.362	402.945	159.053	1.000	395	153	1	16	19	1
78.859	496.707	3272	3272	1080124	330.111	134.273	297.000	200	2022	256.821	208.221	1.000	7.030	3.235	7.019	258.670	206.880	1.000	197	167	1	119	81	1
0.627	5.928	26	26	5461	210.038	8.478	208.000	200	230	417.846	171.808	1.000	0.554	0.255	0.559	417.874	171.832	1.000	416	168	1	5	8	1
7.351	51.658	305	305	88972	291.711	75.831	274.000	200	601	396.331	188.711	1.000	2.275	1.083	2.350	396.088	188.959	1.000	382	175	1	30	28	1
0.988	8.364	41	41	10343	252.268	55.653	222.000	200	392	414.659	183.610	1.000	0.695	0.315	0.677	414.635	183.915	1.000	412	179	1	6	10	1
1.085	8.664	45	45	14914	331.422	121.231	289.000	205	666	201.622	184.911	1.000	0.668	0.279	0.652	201.752	185.088	1.000	199	180	1	6	10	1
0.289	3.228	12	12	3060	255.000	33.960	260.500	211	314	455.667	181.833	1.000	0.342	0.142	0.334	455.724	181.877	1.000	454	180	1	5	4	1
0.530	4.852	22	22	5782	262.818	49.111	251.500	202	354	143.682	185.500	1.000	0.459	0.182	0.436	143.680	185.554	1.000	142	183	1	5	6	1
0.289	3.034	12	12	2775	231.250	19.923	229.500	206	263	383.833	186.917	1.000	0.331	0.138	0.324	383.836	186.893	1.000	382	186	1	5	3	1
18.389	128.237	763	763	263970	345.963	173.529	282.000	200	1428	341.126	207.104	1.000	3.731	1.591	3.694	342.826	208.184	1.000	311	190	1	60	38	1
0.337	3.669	14	14	2956	211.143	8.734	210.500	200	227	375.071	192.143	1.000	0.425	0.236	0.378	375.068	192.126	1.000	374	190	1	3	7	1
0.313	3.546	13	13	2765	212.692	11.764	211.000	200	242	197.231	196.231	1.000	0.400	0.190	0.361	197.196	196.251	1.000	195	195	1	6	4	1
0.940	8.117	39	39	12143	311.359	86.308	279.000	210	493	298.949	199.410	1.000	0.644	0.273	0.644	298.716	199.251	1.000	295	196	1	9	8	1
0.265	2.911	11	11	2526	229.636	21.768	228.000	202	266	375.455	199.636	1.000	0.312	0.109	0.365	375.443	199.635	1.000	374	198	1	4	4	1
0.313	3.158	13	13	4360	335.385	128.375	298.000	214	561	338.385	203.385	1.000	0.335	0.115	0.377	338.327	203.383	1.000	337	202	1	4	4	1
5.616	38.105	233	233	77102	330.910	120.329	290.000	200	662	154.622	212.914	1.000	1.507	0.589	1.552	154.984	212.577	1.000	145	204	1	20	18	1
0.434	3.970	18	18	7950	441.667	168.258	384.500	207	776	360.000	221.500	1.000	0.400	0.148	0.448	359.988	221.525	1.000	358	220	1	5	4	1
2.410	17.401	100	100	29523	295.230	63.388	290.000	202	438	373.630	227.200	1.000	1.020	0.425	1.016	373.639	227.293	1.000	370	220	1	9	15	1
4.001	28.855	166	166	56805	342.199	150.449	279.500	201	924	322.699	233.193	1.000	1.360	0.567	1.415	322.979	232.151	1.000	315	223	1	14	19	1
1.133	9.687	47	47	12417	264.191	57.664	250.000	200	449	341.957	231.511	1.000	0.727	0.331	0.676	342.010	231.291	1.000	337	227	1	11	8	1
0.410	3.846	17	17	5880	345.882	104.246	323.000	217	534	311.882	239.588	1.000	0.385	0.139	0.414	311.815	239.568	1.000	310	238	1	5	4	1
3.013	22.430	125	125	32244	257.952	43.756	244.000	200	380	297.712	245.792	1.000	1.280	0.597	1.272	297.904	245.550	1.000	289	239	1	19	14	1
0.313	3.352	13	13	2983	229.462	22.452	229.000	203	266	333.923	241.615	1.000	0.343	0.130	0.345	333.955	241.627	1.000	332	240	1	5	4	1
844.244	2636.156	35029	20252	12815848	365.864	196.305	302.000	200	2390	54.744	65.543	23.263	14.718	10.952	11.739	53.161	61.520	24.012	7	0	3	173	227	28
9.616	67.542	399	399	119810	300.276	92.542	274.000	200	665	470.551	132.870	3.794	2.152	0.865	2.148	469.763	133.449	3.776	457	118	3	28	29	2
0.362	3.599	15	15	4085	272.333	52.234	262.000	212	370	489.333	141.467	3.000	0.368	0.137	0.390	489.330	141.526	3.000	487	140	3	5	4	1
0.530	5.628	22	22	4791	217.773	13.904	216.000	200	250	455.955	150.091	3.000	0.558	0.266	0.538	455.998	150.076	3.000	453	146	3	6	8	1
35.622	218.548	1478	1478	444329	300.629	95.646	274.000	200	917	343.599	168.231	3.000	3.926	1.509	4.034	344.171	168.596	3.000	318	147	3	54	44	1
19.546	137.660	811	811	237274	292.570	84.066	266.000	200	623	401.401	176.125	3.000	4.081	1.808	4.071	401.440	175.810	3.000	378	147	3	45	57	1
87.632	534.132	3636	3636	1235714	339.855	133.578	304.000	200	1566	255.357	210.909	3.000	7.113	3.272	7.035	256.326	209.188	3.000	195	167	3	122	82	1
0.337	3.282	14	14	3729	266.357	44.554	260.500	202	352	248.500	172.500	3.000	0.350	0.124	0.393	248.497	172.525	3.000	247	171	3	4	4	1
0.458	4.481	19	19	4960	261.053	50.222	256.000	207	368	279.789	175.842	3.000	0.440	0.188	0.447	279.857	175.804	3.000	277	174	3	6	5	1
3.663	25.767	152	152	39680	261.053	66.041	243.500	200	622	309.829	186.257	3.000	1.319	0.582	1.321	309.632	185.861	3.000	303	179	3	16	17	1
0.313	3.352	13	13	2963	227.923	20.147	225.000	200	268	455.462	180.846	3.000	0.365	0.160	0.365	455.443	180.854	3.000	454	179	3	4	5	1
3.760	25.486	156	156	49278	315.885	151.909	268.000	200	1063	199.788	188.635	3.000	1.272	0.532	1.282	200.291	188.054	3.000	194	180	3	11	19	1
0.892	7.869	37	37	9981	269.757	65.063	241.000	200	441	143.757	185.514	3.000	0.658	0.318	0.628	143.809	185.590	3.000	141	181	3	6	11	1
0.819	7.886	34	34	7694	226.294	16.712	221.500	200	273	374.853	195.294	3.000	0.860	0.441	0.934	374.861	195.310	3.000	373	189	3	4	13	1
16.389	112.743	680	680	218290	321.015	156.558	275.000	200	1480	324.703	216.968	3.000	3.578	1.339	3.450	324.854	218.944	3.000	310	191	3	34	52	1
9.520	60.067	395	395	153657	389.005	160.805	353.000	200	1169	354.124	205.395	3.000	2.026	0.867	1.996	353.130	205.686	3.000	341	195	3	31	21	1
0.940	7.923	39	39	12123	310.846	91.641	293.000	201	555	299.538	199.564	3.000	0.646	0.272	0.646	299.368	199.401	3.000	295	197	3	9	7	1
6.170	39.978	256	256	85291	333.168	116.197	298.500	200	674	155.699	212.086	3.000	1.529	0.576	1.580	155.855	212.015	3.000	146	202	3	19	20	1
0.265	2.911	11	11	3102	282.000	61.555	267.000	209	399	378.636	205.545	3.000	0.336	0.139	0.365	378.716	205.484	3.000	377	204	3	4	4	1
0.434	4.939	18	18	4735	263.056	52.448	250.500	202	369	138.333	214.278	3.000	0.530	0.305	0.455	138.486	214.375	3.000	134	213	3	9	5	1
0.458	4.287	19	19	11047	581.421	316.947	511.000	205	1254	360.000	221.211	3.000	0.406	0.149	0.445	359.978	221.314	3.000	358	219	3	5	5	1
2.675	19.536	111	111	33977	306.099	79.042	298.000	200	502	374.081	227.189	3.000	1.080	0.455	1.076	374.066	227.093	3.000	370	219	3	11	16	1
0.337	3.475	14	14	3632	259.429	44.130	247.500	204	335	251.214	227.357	3.000	0.352	0.129	0.366	251.251	227.344	3.000	249	226	3	5	4	1
0.916	7.799	38	38	12191	320.816	115.364	281.500	202	577	341.026	230.658	3.000	0.633	0.287	0.617	341.398	230.391	3.000	336	227	3	9	7	1
3.471	25.360	144	144	41789	290.201	68.076	273.000	202	536	296.389	245.861	3.000	1.337	0.582	1.353	296.752	245.701	3.000	287	239	3	19	14	1
0.723	7.586	30	30	7169	238.967	24.913	235.500	200	290	337.400	241.433	3.000	0.891	0.492	0.879	337.370	241.462	3.000	331	240	3	15	5	1
0.362	3.793	15	15	3223	214.867	11.495	220.000	200	234	265.733	246.800	3.000	0.403	0.187	0.434	265.761	246.823	3.000	264	245	3	5	5	1
5.206	34.647	216	216	62328	288.556	57.727	288.500	201	423	63.866	82.736	4.000	1.557	0.652	1.560	64.207	82.932	4.000	54	74	4	18	20	1
5.350	35.194	222	222	64395	290.068	70.692	270.500	201	481	40.802	87.869	4.000	1.510	0.613	1.530	40.835	88.455	4.000	34	78	4	14	21	1
0.603	5.805	25	25	6477	259.080	71.212	230.000	203	453	461.880	122.120	4.000	0.588	0.284	0.596	461.521	122.278	4.000	458	120	4	9	5	1
4.893	32.846	203	203	60688	298.956	69.098	285.000	200	469	64.645	83.010	6.000	1.576	0.683	1.544	65.020	83.359	6.000	54	74	6	18	21	1
5.061	32.742	210	210	62068	295.562	65.318	284.000	200	462	40.162	87.743	6.000	1.452	0.592	1.455	40.186	88.206	6.000	34	78	6	13	21	1
7.182	51.568	298	298	86830	291.376	83.668	271.000	200	660	474.685	131.550	6.000	1.910	0.781	1.925	473.891	131.943	6.000	462	119	6	25	26	1
0.265	2.911	11	11	2506	227.818	22.973	229.000	203	279	463.727	122.000	6.000	0.326	0.142	0.307	463.684	122.011	6.000	462	121	6	5	3	1
1.976	15.176	82	82	20773	253.329	57.180	236.500	200	460	493.451	137.744	6.000	0.923	0.398	0.914	493.182	138.141	6.000	488	132	6	13	12	1
0.362	3.599	15	15	3531	235.400	27.443	240.000	201	286	471.133	142.400	6.000	0.377	0.147	0.399	471.131	142.373	6.000	469	141	6	5	4	1
1.711	16.531	71	71	15436	217.408	18.086	214.000	200	284	456.366	152.225	6.000	1.099	0.507	1.104	456.361	152.138	6.000	452	144	6	11	17	1
34.393	207.009	1427	1427	469874	329.274	91.918	317.000	200	820	345.363	168.118	6.000	3.861	1.451	3.990	345.063	168.586	6.000	320	146	6	52	46	1
25.644	169.318	1064	1064	346416	325.579	144.773	285.000	200	1571	402.630	176.848	6.000	4.021	1.849	3.995	403.324	176.332	6.000	377	146	6	49	58	1
0.723	7.198	30	30	6983	232.767	30.347	224.500	203	320	469.400	149.400	6.000	0.770	0.341	0.759	469.591	149.511	6.000	464	147	6	11	7	1
4.627	32.844	192	192	83794	436.427	248.310	368.000	202	1597	237.984	178.760	6.000	1.512	0.717	1.420	238.394	179.417	6.000	228	169	6	19	22	1
0.241	2.787	10	10	2105	210.500	8.073	208.000	201	221	390.200	172.100	6.000	0.311	0.141	0.299	390.181	172.108	6.000	389	170	6	3	5	1
0.482	4.411	20	20	7607	380.350	155.782	312.000	213	733	280.050	176.100	6.000	0.415	0.152	0.479	280.087	176.103	6.000	278	174	6	5	5	1
87.006	534.021	3610	3610	1266433	350.812	139.513	316.000	200	1397	255.734	216.738	6.000	7.733	4.252	6.885	256.191	215.701	6.000	185	175	6	146	74	1
6.821	45.061	283	283	106857	377.587	143.833	350.000	201	1056	195.208	187.134	6.000	1.763	0.785	1.769	196.165	186.948	6.000	179	178	6	26	21	1
14.605	97.586	606	606	188208	310.574	103.384	284.000	200	747	318.513	199.538	6.000	3.040	1.093	2.928	318.674	200.431	6.000	303	178	6	31	41	1
0.362	3.599	15	15	3526	235.067	24.697	227.000	205	279	454.867	180.067	6.000	0.371	0.151	0.365	454.859	180.085	6.000	453	178	6	4	5	1
1.446	12.263	60	60	15782	263.033	44.963	256.500	200	365	144.183	185.767	6.000	0.991	0.498	0.970	144.178	185.763	6.000	139	179	6	11	14	1
0.362	3.599	15	15	3532	235.467	30.341	227.000	201	293	448.267	186.333	6.000	0.364	0.134	0.378	448.314	186.385	6.000	447	184	6	4	5	1
0.313	3.158	13	13	2908	223.692	16.194	220.000	204	252	424.000	193.000	6.000	0.347	0.156	0.352	423.990	192.978	6.000	423	191	6	3	5	1
8.942	57.488	371	371	130699	352.288	127.355	335.000	200	999	356.814	205.221	6.000	1.970	0.843	1.937	356.844	205.030	6.000	342	192	6	30	24	1
11.231	72.720	466	466	134407	288.427	68.882	274.500	200	496	159.202	210.315	6.000	2.125	0.833	2.178	158.939	210.415	6.000	145	198	6	28	26	1
0.362	3.599	15	15	6121	408.067	150.650	408.000	202	703	377.800	206.067	6.000	0.375	0.153	0.378	377.737	206.026	6.000	376	205	6	5	4	1
1.085	9.440	45	45	11171	248.244	57.852	225.000	200	416	405.600	214.578	6.000	0.743	0.318	0.729	405.313	214.922	6.000	401	210	6	9	10	1
0.506	4.535	21	21	11810	562.381	306.352	458.000	226	1207	292.952	212.810	6.000	0.428	0.157	0.488	292.924	212.612	6.000	291	211	6	5	5	1
0.627	5.928	26	26	7784	299.385	70.460	291.500	201	429	138.538	213.654	6.000	0.536	0.250	0.521	138.674	213.811	6.000	134	212	6	9	5	1
0.313	3.158	13	13	4796	368.923	151.972	332.000	200	636	360.154	221.462	6.000	0.338	0.122	0.365	360.141	221.448	6.000	359	220	6	4	4	1
3.471	24.197	144	144	41936	291.222	57.533	280.500	201	454	375.549	228.215	6.000	1.188	0.493	1.191	375.486	228.201	6.000	367	221	6	19	14	1
0.554	5.170	23	23	6011	261.348	53.705	245.000	202	374	179.348	224.696	6.000	0.469	0.186	0.452	179.259	224.657	6.000	177	222	6	6	6	1
0.410	3.846	17	17	4065	239.118	26.566	242.000	200	290	332.412	225.059	6.000	0.396	0.152	0.422	332.399	225.020	6.000	331	223	6	4	5	1
0.410	3.846	17	17	5468	321.647	78.739	319.000	207	459	341.588	230.059	6.000	0.396	0.152	0.422	341.718	230.023	6.000	340	228	6	4	5	1
5.085	36.549	211	211	64128	303.924	89.603	271.000	200	558	296.626	244.043	6.000	1.752	0.843	1.672	296.777	244.442	6.000	285	233	6	25	20	1
0.988	9.527	41	41	10263	250.317	32.071	241.000	203	322	338.195	241.024	6.000	0.977	0.558	0.946	338.349	241.043	6.000	330	239	6	17	6	1
0.241	2.787	10	10	2191	219.100	9.362	221.000	205	233	265.000	247.600	6.000	0.317	0.122	0.319	265.017	247.624	6.000	264	246	6	3	4	1
0.410	4.215	17	17	4618	271.647	51.187	241.000	215	353	5.471	52.765	9.059	0.370	0.120	0.413	5.480	52.713	9.115	4	52	8	4	3	3
12.484	46.487	518	403	149341	288.303	76.082	266.000	200	528	65.832	84.023	8.954	1.671	0.712	1.617	66.235	84.570	8.939	55	74	8	18	22	3
10.315	38.656	428	331	118471	276.801	48.734	274.000	200	397	39.119	88.166	8.871	1.358	0.496	1.338	39.050	88.303	8.844	34	79	8	12	19	3
0.603	5.238	25	23	5757	230.280	25.092	225.000	200	281	507.280	97.960	9.240	0.436	0.107	0.432	507.297	97.931	9.277	505	97	8	5	3	3
0.434	4.603	18	18	3906	217.000	12.728	216.000	200	241	498.222	102.167	9.167	0.412	0.135	0.443	498.225	102.169	9.170	497	101	8	4	3	3
0.458	4.903	19	19	4411	232.158	33.674	215.000	200	309	486.421	117.947	9.474	0.419	0.177	0.351	486.457	117.928	9.526	484	116	8	5	4	3
0.434	4.409	18	18	3768	209.333	8.423	206.000	200	230	488.556	122.889	9.222	0.395	0.150	0.396	488.557	122.894	9.230	487	121	8	4	4	3
7.520	48.722	312	285	101437	325.119	171.601	263.500	200	1229	477.590	133.933	8.603	1.677	0.746	1.691	478.496	134.158	8.680	466	124	8	21	21	3
1.398	8.413	58	51	24673	425.397	207.127	353.000	205	1095	482.983	126.776	8.948	0.561	0.097	0.553	482.999	126.757	9.086	481	125	8	5	5	3
0.627	5.943	26	24	5884	226.308	19.162	221.500	201	260	500.346	129.962	9.154	0.462	0.138	0.454	500.361	129.959	9.158	498	128	8	5	5	3
4.965	22.739	206	165	54930	266.650	55.027	254.000	200	493	494.573	135.913	8.888	0.946	0.281	0.956	494.584	135.771	8.907	490	131	8	11	11	3
1.398	10.511	58	53	14265	245.948	41.216	231.000	200	373	103.397	139.017	9.276	0.633	0.215	0.612	103.438	139.108	9.318	102	135	8	5	8	3
0.386	3.844	16	15	3470	216.875	12.940	214.000	203	247	79.750	139.250	9.125	0.383	0.101	0.394	79.748	139.236	9.129	79	138	8	3	3	3
0.337	3.456	14	14	3283	234.500	27.729	227.000	200	281	507.500	140.143	8.786	0.356	0.120	0.363	507.493	140.155	8.762	507	139	8	2	3	3
0.482	4.338	20	20	4985	249.250	32.997	255.500	203	316	472.000	142.250	8.700	0.396	0.126	0.394	472.008	142.274	8.668	470	141	8	4	3	3
17.618	73.652	731	574	189954	259.855	59.470	246.000	200	679	459.631	152.706	9.063	2.026	0.907	1.989	459.034	152.765	9.109	448	144	8	30	20	3
176.976	535.010	7343	5418	2494024	339.646	132.065	317.000	200	2087	371.700	173.538	8.978	7.845	2.826	8.152	371.003	173.078	8.982	320	145	8	107	61	3
2.964	30.577	123	123	30999	252.024	54.363	233.000	201	472	508.268	154.187	8.821	1.623	0.626	1.557	508.587	154.018	8.837	497	146	8	15	21	3
0.434	4.321	18	18	4162	231.222	29.439	224.500	201	297	382.944	160.611	8.278	0.372	0.118	0.371	382.966	160.575	8.261	381	159	8	5	4	2
1.783	11.129	74	65	17288	233.622	21.627	229.000	200	291	389.770	170.541	8.986	0.655	0.192	0.634	389.777	170.601	8.976	387	167	8	6	8	3
0.458	4.409	19	18	4005	210.789	8.073	210.000	200	225	127.579	170.158	9.158	0.387	0.103	0.409	127.572	170.168	9.148	126	169	8	4	3	3
0.603	6.173	25	25	7330	293.200	93.595	261.000	206	527	229.640	173.400	8.320	0.524	0.238	0.466	229.719	173.257	8.277	227	171	8	6	7	2
61.940	207.991	2570	1927	804906	313.193	89.169	295.000	200	799	153.558	205.621	9.046	3.845	2.013	3.622	154.329	205.921	9.087	124	169	8	50	57	3
9.616	42.586	399	322	242267	607.185	426.137	422.000	201	2140	238.451	181.729	8.950	1.378	0.543	1.317	239.016	182.081	8.958	229	174	8	17	17	3
0.699	5.996	29	27	11341	391.069	164.866	352.000	204	857	280.172	176.172	8.690	0.444	0.107	0.447	280.149	176.128	8.566	278	175	8	5	4	3
192.521	642.335	7988	6055	3021194	378.217	175.743	331.000	200	1822	232.001	215.326	8.927	7.135	3.502	7.065	231.281	213.660	8.933	174	176	8	114	76	3
0.964	8.025	40	39	9039	225.975	19.303	223.000	200	286	455.100	178.425	8.575	0.545	0.195	0.528	455.088	178.475	8.556	454	176	8	4	7	3
37.646	127.443	1562	1178	533493	341.545	133.970	303.000	200	865	319.008	200.403	8.955	2.625	0.915	2.674	319.177	201.770	8.955	306	180	8	27	35	3
0.482	4.321	20	20	4409	220.450	18.054	216.000	200	258	277.550	182.100	8.350	0.366	0.094	0.375	277.555	182.072	8.336	276	181	8	4	4	2
2.531	16.067	105	91	30293	288.505	67.442	275.000	203	445	445.924	185.229	8.924	0.867	0.275	0.867	445.940	185.200	8.889	441	183	8	10	6	3
0.964	7.601	40	37	10821	270.525	48.633	257.500	201	381	441.875	192.125	8.925	0.536	0.152	0.515	441.842	192.200	8.934	440	190	8	6	5	3
14.557	58.309	604	474	221197	366.220	138.812	340.500	200	1173	360.566	203.382	8.838	1.633	0.648	1.598	360.545	203.074	8.826	349	191	8	21	23	3
2.097	12.470	87	74	22678	260.667	48.783	253.000	200	380	424.828	193.793	9.046	0.719	0.227	0.690	424.783	193.750	9.036	422	190	8	8	8	3
1.036	6.825	43	39	13471	313.279	88.755	282.000	203	569	370.512	193.698	8.930	0.506	0.091	0.503	370.496	193.700	9.031	369	192	8	4	5	3
1.350	13.738	56	56	18575	331.696	81.201	322.000	209	572	510.839	213.893	8.554	1.555	0.801	1.628	510.823	213.731	8.537	510	204	8	2	24	3
0.506	4.728	21	21	4839	230.429	18.370	229.000	200	263	349.143	211.095	8.000	0.437	0.172	0.475	349.147	211.105	8.000	347	208	8	5	6	1
23.812	131.545	988	856	324841	328.786	132.790	286.000	200	924	315.666	227.645	8.753	3.588	1.836	3.752	315.196	227.323	8.725	294	209	8	53	37	3
6.001	25.933	249	199	84196	338.137	87.569	331.000	200	572	404.626	214.361	9.068	1.055	0.353	1.021	404.844	214.527	9.096	396	210	8	15	10	3
12.822	47.372	532	406	167261	314.400	89.739	298.000	200	771	378.312	228.122	8.951	1.539	0.609	1.498	378.905	228.147	8.990	367	221	8	22	15	3
1.687	9.683	70	63	19632	280.457	64.111	266.500	200	491	393.257	222.257	9.057	0.634	0.174	0.626	393.355	222.286	9.121	390	221	8	7	4	3
1.711	13.987	71	68	17986	253.324	41.631	244.000	201	368	285.746	228.085	8.507	0.789	0.292	0.777	285.743	228.299	8.498	282	223	8	8	10	3
0.265	2.998	11	11	2826	256.909	49.034	229.000	216	368	333.000	226.727	8.364	0.298	0.062	0.307	332.996	226.752	8.345	332	226	8	3	3	2
14.003	57.794	581	452	170138	292.836	88.785	261.000	200	694	297.232	244.620	8.926	1.891	0.870	1.829	297.021	244.878	8.897	285	231	8	25	23	3
0.265	2.874	11	11	2780	252.727	26.066	248.000	217	284	354.364	238.545	8.455	0.309	0.079	0.274	354.390	238.562	8.452	353	238	8	4	2	2
0.337	4.004	14	14	3054	218.143	16.801	212.000	201	259	21.286	74.357	9.857	0.408	0.176	0.430	21.309	74.380	9.866	19	72	9	5	5	2
0.362	3.563	15	15	3404	226.933	24.563	218.000	200	280	494.133	127.600	9.667	0.338	0.090	0.344	494.101	127.603	9.690	493	126	9	3	4	2
0.337	3.192	14	14	3114	222.429	16.915	220.500	200	253	124.000	161.286	9.500	0.317	0.059	0.324	124.014	161.293	9.519	123	160	9	3	3	2
0.265	3.051	11	11	3287	298.818	80.483	283.000	201	460	222.364	181.909	9.818	0.301	0.092	0.322	222.368	181.925	9.852	221	181	9	4	3	2
1.759	11.658	73	65	19264	263.890	41.886	262.000	200	345	20.466	73.603	13.123	0.692	0.236	0.659	20.382	73.554	13.135	18	70	12	6	9	3
1.398	9.348	58	50	14389	248.086	36.040	237.500	201	339	50.983	72.259	13.276	0.575	0.132	0.577	50.961	72.253	13.311	48	70	12	6	6	3
12.002	48.480	498	394	136711	274.520	61.660	261.000	200	513	67.365	84.538	13.026	1.819	0.857	1.732	67.622	84.963	13.036	60	71	12	15	28	3
5.061	23.233	210	170	53312	253.867	35.173	248.000	200	388	36.933	86.586	12.914	1.055	0.399	1.018	36.892	86.412	12.912	33	80	12	8	15	3
3.326	21.377	138	120	36006	260.913	51.484	249.000	200	415	502.580	98.913	13.167	1.270	0.545	1.287	502.607	98.883	13.203	494	94	12	16	11	3
0.458	5.890	19	19	3980	209.474	10.731	207.000	200	232	77.579	101.947	13.211	0.490	0.168	0.484	77.600	101.966	13.221	76	100	12	4	5	3
8.363	37.135	347	279	97032	279.631	65.526	265.000	200	523	490.686	120.602	13.138	1.375	0.590	1.297	490.518	120.612	13.193	486	108	12	13	22	3
0.916	6.508	38	33	9025	237.500	27.745	233.000	201	302	67.842	121.053	12.868	0.495	0.091	0.503	67.846	121.068	12.867	66	119	12	4	5	3
0.506	4.321	21	21	8092	385.333	155.839	365.000	228	776	483.286	126.714	12.381	0.369	0.090	0.395	483.250	126.728	12.312	482	125	12	4	4	2
0.916	8.008	38	37	9843	259.026	58.404	238.500	200	439	496.132	134.053	12.395	0.573	0.202	0.552	495.945	133.934	12.358	493	132	12	7	5	3
0.362	3.686	15	15	5289	352.600	133.409	303.000	208	638	483.667	134.067	12.267	0.337	0.094	0.331	483.677	134.068	12.188	482	133	12	4	3	2
3.013	17.181	125	105	32336	258.688	59.358	240.000	200	479	95.800	135.512	13.208	0.793	0.233	0.758	95.821	135.533	13.251	91	131	12	11	10	3
1.326	8.536	55	47	14499	263.618	52.955	245.000	201	403	103.945	139.655	12.855	0.561	0.112	0.558	103.990	139.625	12.819	102	137	12	5	6	3
0.241	2.874	10	10	2119	211.900	13.420	206.500	200	242	81.400	137.500	13.400	0.333	0.161	0.283	81.414	137.481	13.413	80	136	12	3	4	3
1.085	7.336	45	40	14979	332.867	106.558	307.000	201	628	495.444	140.556	13.044	0.522	0.104	0.541	495.392	140.614	13.120	493	139	12	6	4	3
17.473	73.394	725	579	224622	309.823	166.096	257.000	200	1208	460.659	154.068	12.914	1.765	0.667	1.769	459.105	153.987	12.924	449	143	12	24	24	3
1.374	14.424	57	57	16578	290.842	83.276	275.000	200	524	511.000	154.807	13.070	1.280	0.693	1.249	511.000	154.305	13.052	511	145	12	1	21	3
57.409	198.625	2382	1839	756768	317.703	85.892	306.000	200	812	345.839	165.476	12.818	3.172	1.328	3.164	346.142	165.466	12.783	321	147	12	49	39	3
0.313	5.078	13	13	2901	223.154	17.502	219.000	200	257	507.231	148.231	12.846	0.477	0.199	0.489	507.282	148.204	12.855	505	147	12	5	4	3
59.675	239.769	2476	1949	804594	324.957	145.410	279.000	200	1574	409.226	181.509	12.862	3.444	1.492	3.376	408.410	181.814	12.878	387	156	12	48	50	3
1.109	7.390	46	42	13571	295.022	68.947	277.500	204	467	476.543	158.630	13.043	0.522	0.104	0.543	476.612	158.642	13.070	474	157	12	5	5	3
0.747	6.066	31	29	7009	226.097	16.738	226.000	200	264	124.742	160.613	12.968	0.466	0.113	0.466	124.758	160.635	12.959	123	159	12	4	4	3
2.049	14.920	85	77	25567	300.788	90.425	275.000	200	588	77.682	166.188	13.188	0.810	0.345	0.724	77.617	166.180	13.235	72	162	12	11	10	3
18.944	76.000	786	612	238822	303.845	94.133	277.500	200	847	141.093	180.547	13.069	2.481	1.278	2.308	141.582	181.376	13.082	126	166	12	25	35	3
0.241	3.316	10	10	2099	209.900	6.855	208.500	202	220	387.900	167.700	12.200	0.412	0.226	0.358	387.885	167.693	12.199	386	167	12	6	3	2
0.410	3.934	17	17	5799	341.118	127.667	292.000	211	587	192.412	179.588	12.235	0.349	0.095	0.377	192.417	179.620	12.178	191	178	12	4	4	2
2.868	20.373	119	109	46931	394.378	231.524	312.000	200	1425	236.143	182.479	12.571	0.999	0.405	0.993	237.035	182.417	12.474	229	179	12	15	8	3
3.663	18.628	152	125	48829	321.243	86.158	300.000	200	563	384.158	183.237	12.803	0.879	0.280	0.868	384.166	183.290	12.746	378	179	12	11	9	3
0.458	4.338	19	18	6446	339.263	117.588	312.000	213	624	222.263	182.000	12.579	0.379	0.097	0.352	222.309	181.971	12.477	221	181	12	4	3	3
0.627	5.485	26	25	5841	224.654	16.166	226.500	200	252	449.154	184.577	12.731	0.435	0.122	0.429	449.164	184.565	12.720	448	183	12	3	5	3
74.328	325.465	3084	2528	1107421	359.086	157.424	310.000	200	1639	220.351	219.402	12.787	5.786	2.898	5.701	219.851	218.358	12.774	183	184	12	82	66	3
0.747	6.827	31	31	9463	305.258	101.576	265.000	201	577	255.839	186.968	12.129	0.495	0.185	0.519	255.854	186.848	12.100	254	184	12	6	7	2
22.655	76.568	940	723	261677	278.380	63.552	260.000	200	563	317.722	199.726	12.809	1.851	0.636	1.916	317.867	200.165	12.764	307	187	12	23	26	3
2.266	13.228	94	80	22631	240.755	27.670	236.500	200	337	442.755	190.234	13.096	0.731	0.224	0.713	442.772	190.235	13.119	439	187	12	9	7	3
1.133	8.536	47	42	11450	243.617	35.725	236.000	200	328	176.426	193.064	12.723	0.595	0.250	0.555	176.386	193.100	12.749	174	190	12	8	6	3
0.916	6.878	38	34	13623	358.500	131.882	325.500	200	707	270.132	192.263	12.711	0.490	0.104	0.506	270.136	192.261	12.648	268	190	12	5	5	3
0.819	6.738	34	32	12844	377.765	174.529	329.000	202	846	264.059	194.118	12.529	0.466	0.123	0.469	264.016	194.231	12.431	262	192	12	5	5	3
0.554	4.569	23	23	8389	364.739	150.223	318.000	223	738	363.304	193.696	12.348	0.384	0.101	0.392	363.275	193.696	12.276	362	192	12	4	4	2
54.806	156.556	2274	1653	1004339	441.662	193.682	404.000	200	1607	153.649	210.051	13.000	3.079	1.457	2.926	154.472	209.468	13.043	123	196	12	51	31	3
0.747	6.049	31	30	7691	248.097	47.716	236.000	200	411	427.903	198.097	13.129	0.472	0.140	0.471	427.904	198.176	13.199	426	196	12	4	5	3
0.386	3.774	16	16	3521	220.062	16.458	217.500	200	250	421.750	198.188	13.188	0.365	0.123	0.374	421.742	198.184	13.214	421	197	12	3	3	3
0.362	3.580	15	15	4235	282.333	74.999	274.000	203	420	217.000	199.600	13.333	0.347	0.105	0.318	216.932	199.579	13.413	216	199	12	3	3	3
0.844	7.603	35	35	9812	280.343	66.268	276.000	200	455	228.657	205.400	12.229	0.551	0.189	0.580	228.592	205.455	12.183	226	202	12	6	7	2
0.362	3.439	15	15	4004	266.933	61.625	253.000	202	418	219.933	205.933	12.400	0.325	0.068	0.330	219.910	205.916	12.373	219	205	12	3	3	2
0.265	3.105	11	11	2577	234.273	30.499	225.000	204	290	358.091	207.818	12.000	0.348	0.176	0.304	358.102	207.880	12.000	357	205	12	3	6	1
10.002	43.909	415	333	128399	309.395	109.777	274.000	200	789	399.824	216.520	13.022	1.494	0.649	1.399	400.356	216.066	12.989	391	211	12	20	16	3
0.289	3.456	12	11	2905	242.083	38.213	228.000	203	333	391.917	212.917	12.583	0.338	0.084	0.323	391.912	212.908	12.533	391	212	12	3	3	3
9.183	35.159	381	299	156667	411.199	161.372	381.000	200	931	380.866	227.709	12.979	1.328	0.522	1.281	380.710	227.652	13.016	372	221	12	18	14	3
5.061	26.088	210	176	78737	374.938	193.732	299.500	200	992	179.314	225.895	13.062	1.233	0.688	1.070	180.228	225.736	13.066	167	222	12	20	8	3
0.458	4.321	19	19	6784	357.053	146.987	306.000	214	703	262.684	225.684	12.316	0.360	0.092	0.359	262.670	225.727	12.253	261	224	12	4	4	2
1.133	7.584	47	40	21675	461.170	245.223	375.000	202	1200	246.723	232.915	12.830	0.528	0.087	0.531	246.693	232.963	12.693	245	231	12	5	5	3
0.265	2.804	11	11	3034	275.818	67.471	252.000	207	397	251.818	234.636	12.364	0.298	0.063	0.298	251.807	234.625	12.300	251	234	12	3	3	2
0.578	5.732	24	23	4985	207.708	5.864	206.000	200	220	307.625	236.958	12.917	0.466	0.155	0.457	307.639	236.953	12.914	305	235	12	5	5	3
1.012	7.213	42	36	15261	363.357	139.268	329.000	200	707	351.095	236.714	13.143	0.508	0.083	0.512	351.088	236.724	13.207	349	235	12	5	5	3
5.543	31.360	230	192	88339	384.083	174.609	331.500	201	1139	332.383	240.070	12.939	1.119	0.396	1.106	332.683	239.720	12.929	325	236	12	16	10	3
0.386	4.198	16	16	3326	207.875	7.544	207.500	200	222	303.438	240.500	12.250	0.378	0.133	0.396	303.432	240.502	12.243	302	238	12	4	5	2
2.000	14.181	83	79	24919	300.229	82.130	283.000	203	560	293.458	250.771	12.699	0.786	0.330	0.714	293.282	250.917	12.658	288	248	12	13	5	3
0.603	5.361	25	25	6768	270.720	78.995	238.000	202	491	268.960	248.480	13.320	0.439	0.146	0.454	268.933	248.509	13.427	267	247	12	5	3	3
2.892	16.804	120	87	31723	264.358	46.856	252.000	201	367	1.775	10.975	17.283	0.888	0.318	0.802	1.739	10.965	17.239	0	9	13	6	5	9
0.627	5.468	26	26	5782	222.385	17.866	218.000	200	266	59.038	46.077	13.615	0.409	0.117	0.395	59.021	46.075	13.628	57	44	13	5	5	2
0.699	5.962	29	29	6543	225.621	22.119	218.000	200	274	25.207	63.345	13.690	0.441	0.143	0.432	25.184	63.358	13.706	24	61	13	4	6	2
0.410	4.569	17	17	3768	221.647	14.217	219.000	200	245	87.765	121.471	13.882	0.434	0.173	0.460	87.782	121.479	13.894	85	120	13	6	4	2
0.434	6.207	18	18	4124	229.111	20.393	224.000	204	267	66.056	155.611	13.611	0.585	0.283	0.519	66.029	155.603	13.631	64	153	13	6	7	2
0.265	2.681	11	11	2574	234.000	36.061	229.000	200	313	199.091	210.545	13.545	0.298	0.055	0.318	199.078	210.561	13.574	198	210	13	3	2	2
0.337	3.844	14	14	3254	232.429	26.375	221.500	204	279	7.357	0.286	17.643	0.368	0.139	0.333	7.359	0.274	17.642	6	0	16	4	2	4
3.422	24.210	142	122	42524	299.465	79.461	278.000	200	510	20.761	74.338	19.035	1.094	0.405	1.167	20.780	74.519	19.092	18	69	16	7	11	8
15.738	59.681	653	368	212002	324.659	121.733	294.000	200	1232	503.816	100.660	19.628	1.596	0.439	1.573	504.210	100.557	19.842	495	94	16	17	15	8
18.678	64.445	775	418	246497	318.061	95.006	295.000	200	636	491.439	119.515	18.435	1.638	0.443	1.585	491.529	120.126	18.283	486	108	16	12	21	8
78.329	269.322	3250	1887	842278	259.162	58.476	241.000	200	608	82.720	126.981	20.454	3.278	1.434	3.141	83.082	127.276	20.516	59	106	16	48	38	8
16.244	78.044	674	490	168818	250.472	40.292	240.000	200	393	51.788	116.027	21.322	2.002	0.951	1.846	51.876	116.157	21.405	41	105	16	23	26	8
13.015	50.595	540	307	187859	347.887	120.397	317.500	200	778	498.911	136.946	20.137	1.509	0.421	1.516	498.870	136.941	20.358	492	130	16	13	15	8
0.386	3.897	16	15	4063	253.938	44.312	245.000	204	359	507.938	139.000	16.625	0.372	0.098	0.349	507.910	139.009	16.575	507	138	16	3	3	3
258.968	561.044	10745	4530	4398213	409.326	204.984	343.000	200	2221	147.900	197.953	19.584	5.946	3.335	5.233	150.018	200.325	19.558	107	144	16	80	86	8
2.458	15.560	102	88	29758	291.745	88.527	258.000	200	540	463.422	153.167	16.608	0.767	0.260	0.774	463.612	153.035	16.596	459	150	16	9	8	4
2.723	25.687	113	113	42860	379.292	106.814	396.000	201	636	511.000	158.398	19.593	1.283	0.499	1.337	511.000	158.570	19.626	511	150	16	1	16	8
12.798	80.734	531	424	181274	341.382	150.993	289.000	200	951	72.269	160.861	19.554	2.270	0.953	2.301	72.766	161.567	19.522	61	149	16	22	24	8
0.289	3.034	12	12	3481	290.083	53.111	294.500	204	381	451.833	154.583	16.000	0.342	0.147	0.339	451.864	154.536	16.000	451	153	16	3	5	1
1.398	12.086	58	58	13789	237.741	32.009	228.500	201	328	342.621	161.483	16.017	0.816	0.360	0.855	342.620	161.627	16.015	339	155	16	8	12	2
2.386	16.329	99	84	26608	268.768	58.961	251.000	201	478	476.606	160.020	19.010	0.995	0.415	1.009	476.525	160.053	18.828	474	158	16	6	5	8
1.591	9.981	66	53	23871	361.682	135.722	321.000	201	780	463.515	161.924	17.545	0.657	0.176	0.658	463.622	161.916	17.542	462	160	16	4	5	5
21.185	97.399	879	628	305803	347.899	182.512	289.000	200	1515	419.540	180.151	17.323	1.990	0.678	1.955	418.961	180.603	17.263	409	168	16	24	26	6
0.940	9.261	39	39	11400	292.308	108.745	245.000	202	626	360.538	174.333	16.205	0.703	0.318	0.681	360.704	174.743	16.192	356	170	16	8	9	2
1.422	11.730	59	59	19574	331.763	118.657	296.000	200	661	397.051	177.763	16.322	0.715	0.289	0.698	397.056	177.714	16.239	394	173	16	7	11	2
9.231	49.480	383	277	117661	307.209	99.003	279.000	200	843	449.995	184.548	20.081	1.708	0.647	1.732	450.302	184.270	20.221	443	177	16	17	15	8
4.676	31.796	194	166	53032	273.361	73.894	251.000	200	548	106.985	191.289	20.696	1.301	0.485	1.224	106.913	191.110	20.517	103	186	16	12	14	8
12.099	48.019	502	355	180420	359.402	132.881	334.000	200	992	200.392	197.843	17.171	1.369	0.426	1.418	200.505	198.132	17.048	194	190	16	15	17	6
0.386	3.917	16	16	4349	271.812	59.348	258.500	201	373	406.188	191.625	16.000	0.414	0.178	0.429	406.040	191.610	16.000	404	190	16	6	4	1
1.036	7.143	43	36	11023	256.349	38.537	249.000	201	335	439.884	191.651	16.837	0.517	0.100	0.521	439.871	191.638	16.821	438	190	16	5	4	4
0.458	4.321	19	19	4353	229.105	24.949	221.000	201	284	190.789	192.474	16.316	0.379	0.116	0.356	190.771	192.418	16.300	189	191	16	4	4	2
0.386	3.439	16	16	4885	305.312	80.405	282.000	209	514	428.000	199.125	16.438	0.331	0.067	0.333	427.989	199.129	16.380	427	198	16	3	3	2
1.326	11.408	55	50	12602	229.127	23.638	223.000	200	296	434.964	196.618	18.745	0.700	0.289	0.686	434.994	196.580	18.752	432	195	16	6	6	7
0.265	2.911	11	11	2321	211.000	6.723	211.000	201	220	315.364	201.545	16.000	0.336	0.139	0.365	315.367	201.553	16.000	314	200	16	4	4	1
42.635	132.530	1769	919	685561	387.542	154.384	356.000	200	1233	389.075	222.741	19.076	2.620	1.078	2.560	388.189	223.352	19.147	371	211	16	34	24	8
0.386	3.703	16	15	4488	280.500	70.714	273.500	203	454	192.062	214.812	16.562	0.352	0.079	0.347	192.071	214.801	16.492	191	214	16	3	3	3
0.313	3.456	13	13	3215	247.308	35.570	231.000	201	323	211.231	232.769	16.692	0.343	0.113	0.336	211.234	232.758	16.650	210	232	16	3	3	3
0.386	3.439	16	16	4863	303.938	80.628	287.500	206	480	351.125	237.000	16.438	0.331	0.067	0.333	351.118	236.955	16.349	350	236	16	3	3	2
0.506	4.993	21	21	5671	270.048	46.404	254.000	207	346	335.095	241.048	16.048	0.453	0.188	0.486	335.095	241.040	16.037	333	239	16	6	5	2
10.098	53.735	419	332	128704	307.169	152.251	250.000	200	1292	246.568	245.229	18.036	1.805	0.834	1.691	245.352	245.127	17.773	234	241	16	28	8	6
1.639	10.880	68	58	24281	357.074	159.051	297.500	200	909	269.706	247.956	17.647	0.660	0.184	0.674	269.524	248.120	17.414	267	246	16	7	4	5
2.073	12.766	86	68	37242	433.047	202.880	371.500	200	986	413.930	210.523	20.663	0.780	0.250	0.745	413.850	210.588	20.940	412	209	17	5	5	7
0.241	2.945	10	10	2104	210.400	10.211	205.500	200	226	208.200	239.500	18.000	0.335	0.137	0.412	208.194	239.501	17.986	207	239	17	3	2	3
29.886	112.403	1240	773	382260	308.274	95.602	285.000	200	844	5.535	25.172	27.655	2.406	1.060	2.187	5.248	25.362	27.854	0	8	18	17	35	13
1.904	11.144	79	61	31146	394.253	168.977	351.000	200	855	508.481	125.177	21.025	0.705	0.178	0.683	508.444	125.191	21.201	507	123	18	4	5	6
1.085	8.534	45	41	10647	236.600	35.322	226.000	201	338	484.422	162.356	20.311	0.642	0.258	0.628	484.427	162.385	20.422	483	161	18	4	4	6
1.326	12.853	55	55	15997	290.855	73.113	274.000	203	459	86.709	176.164	21.036	0.741	0.293	0.797	86.744	176.287	21.101	84	174	18	6	6	6
2.025	11.939	84	68	24056	286.381	67.583	271.500	202	507	112.810	183.940	21.702	0.686	0.160	0.711	112.812	184.008	21.813	111	181	19	5	7	5
0.362	4.372	15	15	3709	247.267	33.828	248.000	200	318	420.133	207.467	21.200	0.470	0.220	0.483	420.151	207.484	21.238	419	207	19	3	2	5
0.265	3.068	11	11	2528	229.818	28.021	232.000	201	280	217.273	240.273	20.455	0.321	0.102	0.287	217.273	240.272	20.464	216	239	19	3	3	3
0.241	3.085	10	10	2161	216.100	8.647	218.500	202	229	510.800	145.400	21.300	0.418	0.196	0.417	510.797	145.393	21.329	510	145	20	2	2	4
2.241	18.008	93	92	24269	260.957	50.924	248.000	200	413	117.871	203.935	22.366	0.898	0.416	0.841	117.858	204.034	22.428	111	201	20	13	8	4
1.687	10.722	70	56	19635	280.500	69.164	256.500	200	472	204.429	234.457	21.886	0.650	0.159	0.634	204.543	234.476	21.950	201	233	20	8	4	4
1.229	9.014	51	47	13489	264.490	63.792	244.000	200	460	39.667	97.961	22.471	0.564	0.174	0.554	39.742	97.848	22.524	38	95	21	5	8	3
1.494	11.112	62	56	19137	308.661	128.385	255.500	201	742	491.081	150.032	22.468	0.709	0.341	0.612	491.372	149.856	22.563	485	147	21	10	8	3
0.289	3.333	12	12	2660	221.667	16.757	221.000	201	251	505.500	148.833	21.917	0.343	0.126	0.381	505.503	148.839	21.921	505	148	21	2	3	3
0.506	4.285	21	20	6077	289.381	67.942	266.000	209	475	469.238	167.143	22.143	0.401	0.100	0.420	469.236	167.149	22.252	468	166	21	3	3	3
1.350	9.154	56	48	20616	368.143	183.978	294.000	202	980	195.143	229.196	22.304	0.582	0.157	0.576	194.995	229.086	22.416	192	227	21	8	5	3
0.337	4.639	14	14	3386	241.857	28.164	240.500	203	311	193.857	240.643	23.000	0.740	0.394	0.757	194.069	240.717	23.000	189	239	23	11	4	1
0.410	4.428	17	17	3849	226.412	23.182	215.000	200	273	237.941	241.412	23.000	0.488	0.246	0.475	237.945	241.448	23.000	235	239	23	7	5	1
0.337	3.669	14	14	3163	225.929	12.206	228.500	206	241	218.643	241.357	23.000	0.394	0.187	0.373	218.648	241.362	23.000	216	240	23	6	4	1
0.554	4.976	23	23	5881	255.696	36.161	254.000	204	332	250.391	245.000	23.000	0.466	0.188	0.471	250.408	244.972	23.000	248	243	23	6	5	1
0.265	2.911	11	11	5048	458.909	215.782	478.000	209	840	258.273	247.545	23.000	0.377	0.187	0.344	258.333	247.636	23.000	256	247	23	6	2	1
1.277	11.010	53	53	13318	251.283	40.155	245.000	200	355	38.038	82.057	26.000	0.782	0.321	0.776	38.015	82.203	26.000	34	78	26	10	10	1
0.289	3.034	12	12	3629	302.417	78.536	284.000	202	428	72.333	94.750	26.000	0.325	0.117	0.345	72.322	94.770	26.000	71	93	26	4	4	1
0.578	5.293	24	24	5852	243.833	30.862	237.000	200	302	65.500	97.625	26.000	0.493	0.202	0.464	65.513	97.622	26.000	63	95	26	6	6	1
0.771	6.864	32	32	15237	476.156	208.913	485.000	202	1006	506.750	102.812	26.000	0.591	0.252	0.611	506.981	102.832	26.000	503	101	26	9	5	1
7.182	46.521	298	291	78721	264.164	71.599	245.500	200	649	501.826	137.067	28.047	1.206	0.374	1.142	501.760	136.875	27.975	496	131	26	13	16	5
0.530	6.842	22	22	4936	224.364	19.490	221.500	200	275	52.727	136.364	28.455	0.626	0.285	0.661	52.717	136.385	28.485	51	134	26	4	5	5
0.434	5.238	18	18	4767	264.833	38.657	253.500	211	346	510.889	148.778	26.389	0.607	0.309	0.588	510.903	148.797	26.377	510	145	26	2	10	2
4.724	36.386	196	196	56698	289.276	82.236	255.000	200	568	73.714	161.653	26.495	2.993	1.273	3.232	72.563	160.526	26.497	62	148	26	28	32	2
2.482	14.677	103	103	46140	447.961	250.461	364.000	202	1425	489.738	152.320	26.495	0.833	0.340	0.822	490.318	151.684	26.462	485	148	26	10	10	2
0.265	2.874	11	11	2840	258.182	37.847	260.000	209	315	481.818	160.273	26.455	0.300	0.057	0.302	481.794	160.294	26.472	481	159	26	3	3	2
51.167	189.493	2123	2123	869984	409.790	176.449	371.000	200	1615	152.611	199.066	26.492	4.004	2.059	3.772	153.292	199.109	26.482	126	168	26	54	60	2
2.073	12.596	86	86	23604	274.465	56.855	261.500	202	406	104.407	172.477	26.547	0.715	0.260	0.727	104.371	172.380	26.555	99	170	26	10	8	2
0.506	5.943	21	21	7160	340.952	100.380	331.000	210	528	511.000	176.714	26.571	0.710	0.375	0.695	511.000	176.699	26.604	511	171	26	1	12	2
2.699	15.102	112	112	35163	313.955	86.309	289.000	202	543	113.509	180.545	26.500	0.822	0.333	0.825	113.511	180.572	26.516	111	176	26	7	12	2
5.061	31.950	210	210	57070	271.762	57.817	257.000	200	474	445.143	188.148	26.586	1.639	0.940	1.475	445.374	188.092	26.584	434	180	26	25	19	2
10.725	57.020	445	445	154842	347.960	140.735	300.000	200	902	117.782	199.984	26.521	2.136	0.995	2.068	118.129	200.393	26.537	102	190	26	30	22	2
0.627	5.732	26	26	7336	282.154	76.935	256.500	209	490	421.154	206.154	26.577	0.474	0.172	0.455	421.301	206.132	26.630	419	204	26	6	5	2
0.506	5.361	21	21	5326	253.619	45.983	237.000	203	370	135.000	212.857	26.571	0.460	0.204	0.396	134.962	212.855	26.615	132	212	26	7	4	2
1.567	12.348	65	65	18426	283.477	61.126	272.000	200	484	397.908	218.662	26.354	0.948	0.355	0.985	397.614	218.708	26.357	392	215	26	12	7	2
0.362	3.633	15	15	3583	238.867	29.350	237.000	200	288	150.600	219.400	26.400	0.341	0.090	0.315	150.611	219.404	26.384	149	218	26	4	3	2
1.301	8.696	54	54	17105	316.759	84.985	298.000	203	545	196.259	229.537	26.500	0.608	0.252	0.565	196.226	229.481	26.458	192	228	26	10	4	2
0.458	4.956	19	19	4126	217.158	12.029	214.000	202	249	207.316	232.789	26.368	0.535	0.221	0.489	207.271	232.810	26.364	204	231	26	7	5	2
2.145	15.839	89	89	23729	266.618	52.358	258.000	200	429	192.831	239.382	26.506	1.168	0.574	1.138	192.786	239.516	26.518	184	236	26	19	7	2
1.205	7.673	50	50	25054	501.080	281.866	365.500	200	1300	218.960	240.340	26.480	0.513	0.147	0.532	219.015	240.210	26.509	216	238	26	6	6	2
1.085	7.409	45	45	14304	317.867	89.537	302.000	201	504	250.289	242.444	26.444	0.504	0.155	0.490	250.303	242.325	26.460	248	240	26	5	6	2
1.205	8.960	50	50	16298	325.960	97.524	318.500	203	577	262.060	247.600	26.500	0.663	0.302	0.597	262.015	247.629	26.522	257	246	26	11	4	2
0.241	3.015	10	10	2120	212.000	8.537	211.000	202	226	4.600	8.700	28.300	0.355	0.166	0.310	4.608	8.710	28.305	4	8	27	2	2	4
0.723	5.432	30	28	10846	361.533	131.441	344.500	209	739	23.400	1.100	29.100	0.449	0.095	0.455	23.337	1.038	29.239	22	0	28	4	3	3
0.434	4.338	18	18	3902	216.778	11.609	215.500	203	240	16.944	17.444	29.444	0.374	0.110	0.353	16.952	17.426	29.458	16	16	28	3	4	3
2.531	14.922	105	92	29490	280.857	67.479	262.000	200	496	6.895	50.886	29.200	0.744	0.224	0.736	6.837	50.970	29.171	3	48	28	9	8	3
3.519	27.548	146	139	39490	270.479	63.810	255.500	200	535	16.760	67.795	29.267	1.401	0.751	1.332	16.877	68.193	29.309	10	58	28	13	21	3
0.603	5.308	25	25	10443	417.720	200.975	380.000	201	924	510.600	117.160	29.160	0.448	0.161	0.465	510.686	117.235	29.288	510	114	28	2	6	3
0.434	4.232	18	18	4281	237.833	28.873	226.500	207	299	46.167	123.667	29.000	0.387	0.126	0.426	46.170	123.679	28.974	45	123	28	3	3	3
2.723	17.639	113	113	33779	298.929	63.626	295.000	202	451	66.584	153.336	29.513	0.936	0.483	0.887	66.366	153.251	29.506	62	149	29	11	14	2
0.554	5.221	23	23	5175	225.000	17.154	224.000	200	261	80.087	151.870	29.609	0.431	0.156	0.393	80.072	151.846	29.627	78	150	29	4	6	2
0.747	5.715	31	31	10188	328.645	97.943	309.000	205	589	490.226	154.419	29.419	0.433	0.125	0.434	490.219	154.429	29.394	488	152	29	5	5	2
2.049	19.011	85	85	25173	296.153	61.865	301.000	200	477	83.753	172.612	29.506	1.195	0.793	1.016	83.863	172.735	29.530	74	164	29	18	18	2
0.844	9.399	35	35	23673	676.371	245.675	683.000	229	1282	511.000	179.257	29.514	1.120	0.612	1.077	511.000	178.670	29.562	511	171	29	1	18	2
11.279	55.243	468	468	148123	316.502	97.971	291.000	200	677	440.654	188.998	29.530	1.916	1.122	1.641	440.656	189.418	29.546	429	178	29	31	24	2
1.205	9.649	50	50	12057	241.140	34.743	234.000	200	349	102.340	185.820	29.620	0.567	0.211	0.533	102.368	185.773	29.639	99	183	29	7	7	2
12.798	65.932	531	531	218517	411.520	259.854	315.000	200	1797	120.623	202.057	29.516	2.307	1.362	1.920	120.480	202.165	29.527	102	192	29	38	24	2
0.651	7.354	27	27	8889	329.222	79.639	304.000	211	473	511.000	200.741	29.519	0.878	0.466	0.835	511.000	201.139	29.534	511	194	29	1	14	2
0.819	7.126	34	34	8165	240.147	30.147	240.000	200	314	136.735	199.206	29.588	0.516	0.204	0.491	136.704	199.172	29.592	134	197	29	7	6	2
0.410	3.439	17	17	4782	281.294	55.729	286.000	216	396	130.941	199.941	29.529	0.336	0.067	0.335	130.914	199.868	29.551	130	199	29	3	3	2
1.157	8.255	48	48	19796	412.417	207.874	376.500	200	981	422.250	204.104	29.542	0.542	0.195	0.535	422.255	204.495	29.535	420	201	29	7	7	2
0.386	3.827	16	16	5793	362.062	119.744	344.000	213	554	401.125	219.562	29.438	0.339	0.082	0.342	401.215	219.639	29.434	400	218	29	4	4	2
1.856	14.552	77	77	19053	247.442	38.138	240.000	200	349	196.338	229.507	29.532	1.126	0.524	1.156	196.378	229.526	29.543	188	227	29	17	7	2
0.603	5.221	25	25	5825	233.000	24.681	228.000	202	300	209.800	232.160	29.480	0.413	0.122	0.397	209.842	232.095	29.472	208	230	29	4	5	2
0.265	2.874	11	11	2748	249.818	30.377	240.000	200	311	238.818	236.727	29.455	0.300	0.057	0.302	238.789	236.732	29.444	238	236	29	3	3	2
1.567	12.276	65	65	18656	287.015	62.548	279.000	203	417	195.185	240.338	29.477	0.998	0.520	0.980	194.982	240.430	29.478	186	238	29	17	5	2
0.964	6.597	40	40	17174	429.350	213.919	355.000	203	1050	219.175	240.100	29.450	0.468	0.128	0.504	219.207	240.106	29.415	217	238	29	5	5	2
1.060	9.489	44	44	10771	244.795	54.221	220.000	200	404	233.364	241.886	29.523	0.643	0.256	0.634	233.153	241.650	29.523	230	239	29	8	8	2
0.723	5.715	30	30	7946	264.867	45.825	263.000	202	360	251.567	241.267	29.433	0.441	0.139	0.432	251.576	241.241	29.418	249	240	29	6	4	2
1.253	8.696	52	52	16502	317.346	105.190	280.000	200	611	262.115	247.096	29.519	0.574	0.227	0.560	262.403	247.090	29.491	257	245	29	9	5	2
0.265	2.717	11	11	2447	222.455	14.074	219.000	202	246	51.091	99.636	30.000	0.311	0.116	0.314	51.100	99.620	30.000	50	98	30	3	4	1
