Volume (micron^3)	Surface (micron^2)	Nb of obj. voxels	Nb of surf. voxels	IntDen	Mean	StdDev	Median	Min	Max	X	Y	Z	Mean dist. to surf. (micron)	SD dist. to surf. (micron)	Median dist. to surf. (micron)	XM	YM	ZM	BX	BY	BZ	B-width	B-height	B-depth
119.590	438.276	4962	2542	2152553	433.808	326.654	314.000	200	2956	184.640	169.368	12.204	4.038	1.535	4.025	184.087	168.073	11.830	165	150	1	48	38	31
81.824	278.959	3395	1692	1452175	427.739	288.141	329.000	200	2409	147.485	176.795	9.381	3.461	1.269	3.578	148.823	176.080	8.266	133	164	1	33	30	27
54.300	202.460	2253	1199	966921	429.170	305.390	334.000	200	2686	12.572	185.611	8.136	3.099	1.142	3.160	12.979	185.658	7.109	0	176	1	30	17	20
1.109	12.237	46	46	10382	225.696	22.536	219.000	200	307	50.261	183.609	5.739	1.023	0.585	0.976	50.282	183.648	5.679	48	179	1	7	8	10
11.303	47.064	469	261	167039	356.160	135.637	318.000	200	869	78.612	182.062	5.878	1.412	0.427	1.380	78.679	182.141	5.667	73	177	1	11	12	11
6.363	31.193	264	167	83556	316.500	122.306	270.000	200	803	219.167	184.670	5.239	1.286	0.513	1.187	219.068	184.667	4.806	216	181	1	8	10	12
11.617	66.844	482	339	153471	318.405	125.542	272.000	200	832	119.699	184.541	10.921	2.048	1.076	1.820	119.381	184.792	10.292	115	177	1	14	19	23
0.362	3.492	15	15	3405	227.000	25.543	216.000	200	268	211.400	187.800	1.267	0.335	0.092	0.349	211.378	187.778	1.250	210	187	1	4	3	2
2.169	11.357	90	70	41267	458.522	257.438	362.000	202	1393	198.722	190.933	2.333	0.689	0.111	0.679	198.793	190.984	2.064	196	189	1	6	5	4
7.857	40.345	326	217	127577	391.340	226.826	314.500	200	1475	37.908	191.868	4.390	1.283	0.397	1.306	37.411	192.397	3.827	33	187	1	12	10	9
0.337	3.403	14	14	3236	231.143	15.859	226.000	211	258	130.429	190.500	2.714	0.404	0.176	0.336	130.405	190.502	2.718	130	190	1	2	2	4
0.458	4.285	19	19	4938	259.895	42.681	251.000	204	347	225.105	190.632	1.789	0.391	0.127	0.411	225.080	190.624	1.720	224	190	1	4	3	3
20.149	107.347	836	562	263733	315.470	120.092	275.000	200	1034	92.425	185.396	10.958	2.633	1.260	2.612	92.274	185.256	10.813	87	171	1	15	28	23
0.434	4.091	18	17	5034	279.667	62.938	257.000	208	412	122.778	197.222	1.778	0.394	0.103	0.408	122.743	197.254	1.720	122	196	1	3	3	3
0.241	3.015	10	10	2311	231.100	28.302	219.000	206	282	129.000	196.700	1.800	0.330	0.124	0.339	129.000	196.708	1.803	128	196	1	3	2	3
1.374	8.781	57	49	21530	377.719	138.643	354.000	205	724	26.632	199.912	2.825	0.631	0.190	0.584	26.686	199.931	2.664	25	198	1	4	4	5
0.241	3.015	10	10	2509	250.900	35.032	242.500	211	318	79.900	198.800	1.800	0.333	0.128	0.344	79.901	198.806	1.772	79	198	1	3	2	3
0.289	2.998	12	12	2841	236.750	26.629	234.500	203	295	233.250	199.500	1.417	0.315	0.080	0.298	233.287	199.484	1.390	232	199	1	4	2	2
1.783	12.802	74	64	24102	325.703	143.407	268.000	200	823	93.838	203.635	2.514	0.704	0.212	0.682	93.906	203.828	2.312	92	200	1	5	8	5
2.049	11.886	85	64	34851	410.012	231.331	337.000	201	1189	133.247	205.459	2.412	0.681	0.114	0.685	133.358	205.585	2.157	131	203	1	6	6	5
7.013	39.638	291	211	95251	327.323	132.988	277.000	200	900	250.409	204.275	6.852	1.506	0.551	1.522	250.599	204.237	6.868	243	200	1	14	8	13
8.580	49.599	356	254	131151	368.402	196.095	285.000	200	1141	263.854	208.177	10.157	2.184	0.952	2.184	263.244	208.487	8.838	258	203	1	13	10	20
0.458	4.198	19	19	4757	250.368	34.423	243.000	207	321	95.632	210.842	1.368	0.358	0.090	0.359	95.616	210.822	1.343	94	209	1	4	4	2
5.061	26.942	210	158	65650	312.619	97.941	291.000	200	641	274.152	210.833	5.290	1.129	0.412	1.105	274.079	210.811	5.180	269	209	1	10	5	10
7.038	32.621	292	184	67175	230.051	21.995	225.000	200	297	247.774	212.404	4.846	1.206	0.366	1.225	247.717	212.436	4.829	244	209	1	9	8	10
4.435	30.769	184	150	49679	269.995	63.754	247.000	200	515	311.696	209.522	7.130	1.309	0.594	1.274	311.863	209.510	7.249	305	206	1	12	9	13
2.073	11.850	86	69	28433	330.616	118.051	293.500	200	672	112.419	216.488	3.267	0.757	0.243	0.773	112.494	216.383	3.116	110	215	1	5	4	6
1.783	10.335	74	59	23328	315.243	106.749	278.000	201	633	121.149	217.986	2.176	0.642	0.121	0.623	121.149	218.049	1.993	119	216	1	5	6	4
1.615	9.523	67	51	25856	385.910	176.108	340.000	202	942	23.164	219.209	2.299	0.629	0.097	0.615	23.189	219.226	2.038	21	217	1	5	5	4
1.494	11.144	62	55	16212	261.484	48.305	252.000	202	441	112.371	222.097	3.726	0.782	0.318	0.743	112.486	222.089	3.564	110	221	1	6	4	7
2.217	13.735	92	65	32199	349.989	145.449	302.500	201	814	132.326	223.011	4.304	0.832	0.297	0.779	132.289	223.006	4.375	130	221	1	5	5	8
1.374	11.479	57	51	15377	269.772	60.280	251.000	200	406	18.825	225.491	3.632	0.853	0.329	0.812	18.754	225.553	3.528	16	224	1	7	4	7
0.289	3.968	12	12	2711	225.917	22.781	221.500	202	276	99.250	224.750	2.500	0.564	0.228	0.617	99.287	224.789	2.421	98	223	1	3	4	5
0.458	4.479	19	18	5275	277.632	62.688	270.000	205	379	187.211	225.789	1.895	0.421	0.141	0.442	187.264	225.742	1.854	186	225	1	3	3	4
1.374	9.627	57	49	14374	252.175	42.996	247.000	200	375	138.491	234.105	3.316	0.714	0.280	0.704	138.473	234.091	3.388	137	233	1	4	3	7
2.675	16.169	111	81	36176	325.910	118.855	293.000	200	714	363.748	236.081	5.901	0.891	0.336	0.848	363.700	235.968	5.948	362	234	1	5	6	9
0.434	3.880	18	18	4155	230.833	22.851	228.000	200	284	143.722	240.944	1.389	0.356	0.090	0.352	143.735	240.949	1.364	142	240	1	4	3	2
0.289	3.192	12	12	2881	240.083	36.215	232.000	202	319	203.667	240.833	1.500	0.327	0.102	0.313	203.671	240.820	1.469	203	240	1	3	3	3
0.651	5.255	27	25	8368	309.926	87.881	277.000	201	487	313.778	241.148	2.259	0.475	0.152	0.450	313.727	241.164	2.178	313	240	1	3	3	4
2.266	16.222	94	81	21706	230.915	24.879	225.000	202	306	294.181	243.277	4.809	1.149	0.508	1.212	294.187	243.274	4.805	292	241	1	5	5	10
34.224	130.549	1420	755	539056	379.617	210.954	306.500	200	1791	377.754	238.311	13.152	2.922	1.290	2.795	377.608	238.273	12.278	368	233	1	22	14	28
1.012	7.053	42	38	12665	301.548	78.453	290.000	200	498	85.905	244.024	2.810	0.578	0.199	0.534	85.877	244.072	2.671	84	243	1	4	3	5
0.482	4.409	20	19	4875	243.750	34.546	235.000	207	320	141.150	245.250	1.700	0.388	0.097	0.392	141.127	245.276	1.646	140	244	1	3	4	3
4.507	23.171	187	130	78253	418.465	222.187	343.000	200	1230	329.460	248.781	3.235	0.982	0.270	1.007	329.660	248.928	3.022	326	244	1	8	9	7
35.164	173.503	1459	938	357711	245.175	51.343	232.000	200	639	299.062	250.242	9.445	3.017	1.191	2.932	298.781	250.145	9.252	284	242	1	25	19	26
1.060	7.901	44	40	13266	301.500	100.796	262.500	200	614	108.045	249.227	1.773	0.522	0.123	0.536	108.034	249.197	1.676	106	247	1	5	6	3
0.434	4.355	18	18	4634	257.444	44.180	258.000	201	328	309.444	248.778	2.056	0.428	0.178	0.434	309.467	248.765	2.012	308	248	1	3	3	4
1.494	9.945	62	48	19080	307.742	94.595	280.500	200	545	178.435	249.355	3.823	0.691	0.224	0.628	178.442	249.352	3.814	177	248	1	4	4	6
0.723	5.996	30	27	8340	278.000	72.229	261.000	200	465	350.800	250.567	1.700	0.454	0.097	0.478	350.842	250.587	1.604	349	249	1	5	4	3
5.543	26.648	230	157	73653	320.230	114.946	285.000	201	921	116.030	253.939	2.465	1.079	0.332	1.091	115.838	254.041	2.269	109	250	1	13	9	6
0.603	5.097	25	24	6343	253.720	44.163	247.000	200	349	262.480	252.280	1.560	0.409	0.110	0.416	262.513	252.299	1.510	261	251	1	4	4	3
1.832	10.773	76	60	34474	453.605	227.022	372.000	200	1072	90.500	253.789	3.224	0.728	0.228	0.703	90.415	253.823	2.897	89	252	1	4	5	6
17.353	66.948	720	390	318233	441.990	292.125	334.500	200	1859	199.810	249.779	8.728	1.936	0.756	1.919	200.122	249.711	8.826	192	245	1	13	12	18
4.314	29.640	179	144	52824	295.106	92.017	261.000	200	602	138.419	257.162	6.939	1.276	0.531	1.289	138.411	256.995	6.979	134	253	1	8	12	12
0.506	4.743	21	19	6126	291.714	71.762	264.000	215	461	329.952	257.238	2.048	0.424	0.130	0.450	329.924	257.240	1.973	329	256	1	3	3	4
0.554	5.836	23	21	5181	225.261	27.521	212.000	201	307	240.783	257.826	2.391	0.539	0.290	0.547	240.787	257.849	2.313	240	256	1	3	4	6
2.482	17.068	103	81	29311	284.573	75.151	257.000	201	497	387.757	257.835	8.214	1.115	0.596	0.913	387.758	257.907	8.381	386	256	1	4	5	12
1.470	9.751	61	52	20215	331.393	102.512	317.000	201	588	19.918	259.492	3.459	0.686	0.250	0.662	19.923	259.474	3.369	18	258	1	4	4	6
19.233	70.884	798	416	353440	442.907	275.958	335.500	200	1717	221.779	260.630	6.940	1.756	0.544	1.744	222.116	260.839	6.604	212	256	1	17	11	13
10.773	53.283	447	303	145704	325.960	120.250	294.000	200	942	10.148	265.691	5.960	1.676	0.712	1.623	10.417	265.456	5.761	3	261	1	14	10	15
3.157	17.332	131	90	53156	405.771	210.068	331.000	201	1139	40.176	262.198	5.344	0.951	0.369	0.846	40.137	262.255	5.182	38	260	1	5	5	9
1.567	13.228	65	63	14371	221.092	17.891	218.000	200	276	168.308	267.708	1.538	0.795	0.349	0.769	168.300	267.711	1.516	166	262	1	6	13	4
1.205	8.677	50	45	14881	297.620	92.530	268.000	200	557	248.680	265.800	1.900	0.553	0.147	0.549	248.680	265.828	1.786	246	264	1	6	5	4
1.518	10.051	63	51	18396	292.000	79.221	265.000	200	504	161.333	266.619	2.698	0.675	0.191	0.685	161.259	266.669	2.646	159	265	1	6	4	5
1.518	11.884	63	55	15409	244.587	42.967	228.000	200	366	203.698	266.968	4.206	0.873	0.422	0.807	203.719	266.956	4.032	202	266	1	4	3	9
2461.125	4599.769	102116	29345	37739680	369.577	215.177	300.000	200	2918	99.947	301.191	20.070	14.494	7.058	13.669	97.081	302.576	20.064	0	267	1	220	72	35
1.832	14.724	76	70	18226	239.816	30.310	234.500	200	328	225.697	271.013	2.829	0.838	0.326	0.839	225.692	271.023	2.779	223	269	1	8	5	7
192.762	426.818	7998	2983	2309605	288.773	78.213	272.000	200	1041	254.605	286.181	5.885	3.878	1.476	3.562	255.111	286.248	5.463	235	270	1	54	35	19
4.844	29.851	201	147	50866	253.065	40.552	243.000	200	363	274.920	273.035	10.114	1.640	0.852	1.558	274.965	273.008	10.166	271	269	1	8	8	17
0.627	5.097	26	24	6319	243.038	37.190	235.000	200	339	192.962	283.577	1.577	0.419	0.095	0.422	192.961	283.593	1.534	191	282	1	4	4	3
0.337	3.791	14	14	2964	211.714	6.764	210.500	200	224	231.571	284.643	3.143	0.457	0.247	0.391	231.571	284.651	3.139	231	284	1	2	2	5
1.036	7.019	43	38	10673	248.209	39.539	232.000	206	377	288.930	289.651	1.884	0.523	0.107	0.518	288.882	289.599	1.834	287	288	1	5	4	3
5.616	32.216	233	163	61779	265.146	54.411	252.000	200	437	370.670	296.790	4.292	1.272	0.498	1.245	370.740	296.698	4.179	366	291	1	12	12	10
2.410	12.378	100	79	51731	517.310	274.272	456.500	200	1228	414.460	292.480	3.670	0.803	0.268	0.760	414.435	292.479	3.435	412	291	1	5	4	7
0.289	2.821	12	12	3471	289.250	29.994	295.500	242	333	419.500	291.500	2.000	0.344	0.124	0.428	419.509	291.512	1.930	419	291	1	2	2	3
2.940	15.924	122	88	39575	324.385	146.664	260.000	201	895	308.246	296.615	2.893	0.830	0.225	0.816	308.445	296.739	2.652	305	294	1	7	6	7
0.313	3.122	13	13	3182	244.769	35.775	236.000	201	326	208.769	298.154	1.385	0.314	0.067	0.324	208.764	298.142	1.351	208	297	1	3	3	2
1.229	10.175	51	49	11440	224.314	16.191	222.000	200	259	332.039	301.804	2.118	0.647	0.251	0.629	332.009	301.811	2.107	328	300	1	9	5	4
8.243	50.449	342	243	92166	269.491	62.461	247.500	200	482	461.506	299.658	6.494	1.546	0.642	1.543	461.595	299.842	6.393	454	292	1	16	13	14
2.892	22.921	120	106	31874	265.617	61.340	251.500	200	484	207.233	305.817	4.758	1.244	0.624	1.208	207.202	305.997	4.627	205	301	1	6	9	14
3231.209	5173.442	134068	33476	61567848	459.229	376.926	331.000	200	3801	315.153	357.449	16.527	14.374	6.558	14.177	311.351	357.160	15.763	204	301	1	224	131	35
1.301	9.045	54	44	23578	436.630	178.013	422.500	202	898	419.889	304.148	2.907	0.646	0.195	0.631	419.904	304.130	2.748	418	303	1	5	4	5
1.350	9.045	56	48	14719	262.839	53.916	258.500	202	395	318.554	306.107	3.089	0.662	0.249	0.587	318.549	306.090	3.093	317	305	1	4	3	6
2.169	16.610	90	73	22696	252.178	44.481	243.000	200	370	334.189	309.156	5.633	0.902	0.402	0.795	334.173	309.205	5.709	331	305	1	7	8	9
0.530	4.726	22	20	5984	272.000	62.643	254.500	201	404	336.500	313.182	1.727	0.414	0.094	0.409	336.492	313.184	1.683	335	312	1	4	3	3
2.699	14.867	112	85	30717	274.259	55.961	261.500	200	430	316.348	318.027	2.402	0.789	0.205	0.744	316.408	318.075	2.271	312	315	1	8	6	6
2.121	14.353	88	73	35908	408.045	220.277	308.500	203	1113	461.761	318.273	2.614	0.767	0.240	0.769	462.177	318.158	2.485	458	316	1	8	6	5
0.386	4.021	16	16	3611	225.688	19.774	224.000	203	263	357.812	319.312	1.500	0.369	0.119	0.345	357.798	319.316	1.480	357	318	1	3	4	3
0.313	3.316	13	13	3026	232.769	19.079	232.000	202	275	380.231	320.231	1.385	0.328	0.090	0.312	380.212	320.223	1.367	379	319	1	4	3	2
0.530	4.603	22	20	5560	252.727	52.660	227.000	201	369	308.364	322.182	1.773	0.410	0.088	0.412	308.386	322.206	1.712	307	321	1	4	3	3
0.627	4.603	26	25	7540	290.000	71.224	278.500	206	470	385.038	324.962	1.962	0.422	0.098	0.455	385.100	324.980	1.861	384	324	1	3	3	3
0.265	2.874	11	11	2483	225.727	19.647	219.000	205	273	359.182	325.727	1.455	0.300	0.057	0.302	359.185	325.734	1.437	358	325	1	3	3	2
0.964	6.912	40	32	14821	370.525	135.941	310.000	232	674	365.500	326.500	2.200	0.531	0.106	0.502	365.463	326.502	2.060	364	325	1	4	4	4
0.723	6.418	30	27	7367	245.567	37.467	234.500	203	343	305.867	326.000	3.067	0.528	0.205	0.486	305.841	326.021	3.042	305	325	1	3	3	5
0.506	4.673	21	20	4781	227.667	19.082	228.000	200	270	335.762	331.095	2.000	0.442	0.158	0.444	335.751	331.102	1.970	335	330	1	3	3	4
1.639	9.734	68	54	21681	318.838	108.719	289.000	202	592	319.574	341.426	2.794	0.662	0.169	0.627	319.563	341.411	2.593	318	340	1	5	4	5
0.771	6.612	32	27	9614	300.438	76.310	286.500	204	471	359.000	349.562	2.531	0.535	0.169	0.607	359.012	349.562	2.376	358	348	1	3	4	5
0.578	5.519	24	22	5843	243.458	35.368	231.000	202	331	403.708	348.125	3.417	0.499	0.208	0.398	403.705	348.127	3.406	403	347	1	3	3	5
4.844	21.811	201	121	116282	578.517	389.105	421.000	200	1828	433.607	350.577	4.323	1.067	0.325	1.046	433.665	350.566	3.790	431	348	1	6	6	9
137.305	298.642	5697	1798	3043397	534.210	374.706	393.000	200	2422	501.166	345.438	16.678	3.505	1.066	3.407	501.156	345.841	16.057	490	332	1	22	30	32
1.133	8.922	47	42	12888	274.213	61.937	262.000	200	460	397.404	351.830	4.426	0.685	0.303	0.650	397.361	351.807	4.465	396	351	1	4	3	7
0.506	5.131	21	20	5608	267.048	59.601	247.000	200	406	469.286	361.000	3.619	0.457	0.194	0.372	469.303	360.969	3.636	468	360	1	3	3	5
51.432	277.486	2134	1444	579221	271.425	84.321	244.000	200	879	422.149	377.031	11.583	3.473	1.132	3.613	422.181	377.180	11.374	413	358	1	21	38	28
18.534	79.185	769	453	249914	324.986	130.123	279.000	200	876	436.889	371.819	7.979	1.910	0.741	1.882	436.982	371.804	7.836	431	364	1	11	18	17
0.578	5.325	24	24	5353	223.042	13.735	222.500	201	250	395.833	377.375	2.500	0.509	0.224	0.594	395.826	377.380	2.478	395	376	1	3	3	5
0.482	5.114	20	20	4186	209.300	6.392	209.000	200	225	400.450	379.900	1.850	0.436	0.160	0.457	400.437	379.894	1.843	399	379	1	4	3	4
7.158	42.231	297	222	88429	297.741	88.987	272.000	200	697	416.424	380.697	4.848	1.397	0.532	1.398	416.460	380.557	4.776	411	375	1	13	14	10
0.627	5.572	26	23	6294	242.077	32.389	232.000	201	309	428.538	380.000	2.192	0.477	0.142	0.479	428.553	379.999	2.158	427	379	1	4	3	4
0.337	3.492	14	14	3155	225.357	21.735	218.000	201	272	497.643	381.143	1.214	0.330	0.097	0.342	497.667	381.144	1.200	496	380	1	4	3	2
0.578	5.907	24	21	5603	233.458	30.992	225.000	201	313	433.792	381.958	2.875	0.507	0.205	0.481	433.789	381.953	2.874	433	381	1	3	3	5
1.229	8.500	51	42	14395	282.255	70.719	270.000	201	487	397.431	387.176	2.118	0.574	0.126	0.562	397.480	387.234	2.003	396	385	1	5	5	4
0.289	3.333	12	12	2842	236.833	31.124	231.000	202	282	433.250	385.583	2.000	0.367	0.178	0.408	433.225	385.580	1.986	432	385	1	3	2	4
10.894	62.861	452	327	109884	243.106	41.420	233.000	200	506	468.243	390.504	5.042	1.779	0.705	1.787	468.111	390.636	5.103	461	383	1	15	18	13
5.037	27.083	209	137	65643	314.081	127.251	268.000	200	895	440.029	385.656	8.043	1.257	0.535	1.198	440.155	385.492	8.330	437	383	1	7	7	13
6.724	40.959	279	201	79966	286.616	87.760	253.000	200	629	409.842	390.538	11.294	1.735	0.891	1.596	409.837	390.490	11.239	405	386	1	10	10	19
0.988	8.393	41	37	12248	298.732	105.238	255.000	200	591	433.341	390.780	2.732	0.709	0.420	0.586	433.376	390.832	2.399	432	390	1	4	3	8
10.267	54.236	426	293	130149	305.514	108.014	268.500	200	766	445.923	396.913	9.688	1.814	0.884	1.642	445.891	396.889	9.442	439	393	1	12	9	19
0.458	4.426	19	19	4611	242.684	28.576	237.000	204	298	487.421	401.053	2.316	0.429	0.170	0.384	487.402	401.031	2.284	487	400	1	2	3	4
0.844	7.194	35	33	12842	366.914	145.462	342.000	201	741	510.486	401.171	3.286	0.591	0.246	0.555	510.595	401.167	3.207	509	400	1	3	4	6
1.133	9.045	47	39	13638	290.170	82.870	270.000	200	534	432.213	402.745	4.277	0.630	0.236	0.566	432.167	402.732	4.224	431	401	1	4	4	7
4.459	23.997	185	128	67441	364.546	185.944	292.000	200	1023	466.114	407.416	5.719	1.231	0.526	1.190	465.880	407.688	4.876	463	404	1	7	7	12
3.615	24.017	150	122	44605	297.367	88.114	266.500	200	565	468.013	420.773	4.860	1.412	0.485	1.479	467.993	420.734	4.729	466	415	1	5	11	11
5.881	34.174	244	177	80604	330.344	148.017	281.000	200	1098	448.307	422.311	3.709	1.171	0.382	1.182	448.450	422.795	3.484	443	417	1	9	12	8
4.386	20.349	182	121	64952	356.879	194.883	294.500	201	1250	488.209	430.099	3.253	0.957	0.216	0.973	488.462	429.737	2.898	485	427	1	7	8	6
1.133	9.540	47	41	11030	234.681	27.113	228.000	201	305	498.298	431.383	2.277	0.624	0.227	0.613	498.252	431.417	2.263	496	429	1	6	5	5
1.109	8.410	46	39	14573	316.804	91.473	301.500	200	546	400.739	439.130	3.435	0.642	0.248	0.642	400.721	439.145	3.396	399	438	1	4	3	6
1.542	9.433	64	56	20737	324.016	108.097	295.500	202	602	459.984	441.547	3.312	0.698	0.253	0.687	459.982	441.564	3.170	459	440	1	3	4	6
1516.235	2730.781	62911	16930	27195384	432.283	283.441	338.000	200	3364	452.606	481.377	15.814	8.533	3.446	7.810	451.800	483.074	15.303	391	424	1	108	88	35
4.386	24.368	182	134	65662	360.780	182.751	290.000	200	1000	499.786	472.868	4.236	0.994	0.292	1.024	499.640	473.359	3.948	497	469	1	7	8	7
0.289	3.139	12	12	2992	249.333	35.572	247.500	200	294	504.167	476.417	1.917	0.342	0.128	0.381	504.163	476.438	1.890	503	476	1	3	2	3
0.458	4.673	19	18	4366	229.789	23.876	228.000	200	286	213.579	184.158	3.947	0.415	0.141	0.431	213.592	184.141	3.954	212	183	2	4	3	4
0.819	8.270	34	33	7643	224.794	21.120	220.000	200	276	125.647	189.912	4.971	0.572	0.248	0.524	125.659	189.911	4.934	123	189	2	6	3	6
3.832	19.307	159	104	69558	437.472	241.878	366.000	200	1259	233.277	192.711	6.566	0.986	0.337	0.908	233.374	192.651	6.408	230	191	2	7	5	9
7.640	46.373	317	238	86337	272.356	59.423	256.000	200	463	299.789	205.221	10.016	1.650	0.659	1.585	299.777	205.175	10.058	294	202	2	12	7	17
0.337	3.403	14	14	3268	233.429	25.606	229.500	201	282	93.429	217.500	3.714	0.404	0.176	0.336	93.401	217.513	3.746	93	217	2	2	2	4
0.578	5.255	24	22	5287	220.292	15.807	217.000	200	256	87.167	228.958	4.083	0.442	0.149	0.452	87.181	228.953	4.079	86	228	2	3	3	5
0.603	5.713	25	23	7018	280.720	58.361	268.000	207	403	38.120	236.320	4.560	0.503	0.207	0.395	38.167	236.338	4.560	37	235	2	3	3	6
0.723	6.418	30	26	9053	301.767	85.577	285.500	201	482	320.967	254.567	4.333	0.535	0.182	0.535	320.920	254.555	4.407	320	253	2	3	4	5
8.821	40.394	366	218	146162	399.350	273.505	276.500	200	1591	100.839	269.533	9.751	1.584	0.714	1.427	100.668	269.257	8.675	98	266	2	7	8	17
2.314	13.982	96	72	32096	334.333	124.023	306.000	200	733	453.896	294.052	5.240	0.789	0.259	0.757	453.869	293.918	5.230	452	292	2	4	6	8
5.881	24.828	244	130	71602	293.451	67.683	278.500	200	466	228.643	307.676	6.242	1.066	0.227	1.028	228.688	307.682	6.216	225	305	2	8	7	9
1.904	11.937	79	59	32927	416.797	193.677	359.000	205	989	413.418	319.785	5.620	0.761	0.278	0.712	413.353	319.806	5.584	412	318	2	4	5	8
0.603	5.907	25	22	6961	278.440	61.145	271.000	208	435	435.160	357.000	4.400	0.488	0.182	0.400	435.180	356.994	4.413	434	356	2	3	3	5
2.193	13.558	91	67	29543	324.648	112.111	288.000	200	661	393.560	371.308	6.220	0.838	0.347	0.799	393.525	371.289	6.198	392	370	2	4	4	9
1.832	14.441	76	66	22466	295.605	81.922	270.500	200	575	422.908	400.868	4.776	0.785	0.259	0.842	423.057	400.988	4.825	420	398	2	7	6	6
8.074	42.354	335	221	92019	274.684	73.444	248.000	200	578	483.713	411.887	6.955	1.396	0.528	1.335	484.059	411.714	6.862	477	408	2	13	11	12
9.207	36.940	382	205	131434	344.068	121.261	318.500	200	796	59.720	176.113	8.681	1.353	0.421	1.270	59.546	176.035	8.511	55	173	3	10	7	12
3.302	21.457	137	102	46571	339.934	144.001	277.000	200	846	104.489	187.847	8.307	1.194	0.563	1.096	104.359	187.860	7.780	102	186	3	6	5	12
0.289	3.597	12	12	2740	228.333	26.644	221.000	202	288	48.083	213.750	4.750	0.379	0.160	0.362	48.080	213.763	4.758	47	213	3	3	2	4
1.639	11.038	68	51	20649	303.662	96.198	271.000	200	547	317.559	215.500	6.279	0.724	0.267	0.644	317.573	215.483	6.272	316	214	3	4	4	7
2.193	15.269	91	76	26882	295.407	89.707	266.000	200	593	356.516	236.780	6.462	0.945	0.435	0.825	356.559	236.957	6.259	355	233	3	4	7	9
0.506	4.814	21	21	5104	243.048	40.583	222.000	206	328	145.048	252.476	5.048	0.452	0.201	0.456	145.046	252.474	5.047	144	252	3	3	2	5
0.530	5.131	22	20	5527	251.227	44.746	235.000	202	346	151.727	256.091	4.818	0.455	0.168	0.440	151.697	256.111	4.826	151	255	3	3	3	5
1.952	14.494	81	64	19468	240.346	39.185	229.000	200	359	370.062	322.383	6.506	0.863	0.359	0.778	370.128	322.393	6.615	367	320	3	6	5	8
0.554	5.131	23	21	5753	250.130	37.710	236.000	200	335	385.652	333.000	4.957	0.456	0.168	0.457	385.638	333.031	4.925	385	332	3	3	3	5
3.471	17.790	144	97	78150	542.708	341.921	423.500	202	1612	452.312	338.674	7.562	0.984	0.367	1.041	452.308	338.675	7.473	450	337	3	5	5	10
0.554	5.131	23	21	6049	263.000	48.360	257.000	201	362	449.087	388.739	4.565	0.459	0.150	0.384	449.129	388.718	4.533	448	388	3	3	3	4
0.265	3.527	11	10	2754	250.364	38.300	231.000	209	322	289.818	207.091	5.727	0.381	0.144	0.332	289.796	207.086	5.729	289	206	4	3	3	4
0.337	3.403	14	14	3513	250.929	29.780	254.000	202	305	86.500	216.429	5.286	0.404	0.176	0.336	86.489	216.414	5.241	86	216	4	2	2	4
1.880	11.813	78	61	30142	386.436	159.364	342.000	200	878	325.551	225.167	7.603	0.770	0.299	0.715	325.610	225.128	7.630	324	224	4	4	4	8
1.133	9.486	47	43	11821	251.511	46.512	238.000	200	383	348.383	236.660	5.809	0.613	0.210	0.620	348.469	236.624	5.787	345	235	4	7	4	5
1.542	12.502	64	54	18367	286.984	79.562	253.500	201	496	93.656	261.844	6.531	0.724	0.273	0.672	93.733	261.928	6.507	90	259	4	7	6	6
106.937	320.897	4437	1854	1863624	420.019	237.698	337.000	200	1969	402.295	257.242	19.159	3.831	1.466	3.920	402.133	256.828	18.953	391	247	4	30	24	32
4.025	22.182	167	118	50231	300.784	110.220	257.000	200	678	122.784	262.820	8.287	0.970	0.294	0.967	122.911	262.787	8.312	118	260	4	9	7	9
1.109	8.410	46	41	15603	339.196	129.251	302.000	202	663	0.630	273.457	6.674	0.638	0.244	0.638	0.518	273.432	6.631	0	272	4	3	4	6
0.410	4.162	17	15	4115	242.059	32.543	241.000	202	316	385.941	278.000	5.412	0.395	0.110	0.349	385.929	277.993	5.424	385	277	4	3	3	4
0.241	2.627	10	10	2196	219.600	10.287	220.000	202	239	269.500	279.400	5.200	0.320	0.121	0.350	269.488	279.401	5.214	269	279	4	2	2	3
52.902	222.413	2195	1227	906237	412.864	260.251	310.000	200	1722	445.411	279.595	15.613	3.414	1.322	3.392	444.540	278.347	14.999	431	268	4	28	27	30
127.616	463.768	5295	2649	2158895	407.723	285.393	311.000	200	2441	484.683	300.698	23.198	4.443	1.769	4.510	484.308	300.127	22.605	460	279	4	48	37	32
0.603	6.154	25	25	5506	220.240	12.758	218.000	200	243	326.360	328.160	6.560	0.565	0.277	0.528	326.341	328.164	6.552	325	327	4	4	3	6
1.518	9.945	63	50	19382	307.651	96.889	277.000	200	585	353.365	347.746	6.810	0.697	0.233	0.643	353.330	347.746	6.697	352	346	4	4	4	6
0.651	5.713	27	25	7560	280.000	62.464	264.000	200	417	467.963	353.630	6.259	0.510	0.195	0.500	467.934	353.609	6.248	467	353	4	3	3	5
1.229	11.796	51	47	12258	240.353	36.570	231.000	200	344	404.804	354.745	8.725	0.992	0.470	1.031	404.866	354.738	8.853	402	353	4	6	5	10
0.651	5.766	27	24	7865	291.296	74.188	276.000	200	432	457.111	386.630	5.741	0.490	0.163	0.438	457.156	386.590	5.730	456	385	4	3	4	5
0.554	5.131	23	20	6447	280.304	64.726	265.000	209	456	506.000	398.261	6.000	0.446	0.152	0.467	506.001	398.255	5.976	505	397	4	3	3	5
0.386	4.162	16	16	3390	211.875	8.205	212.500	200	225	471.938	406.750	5.438	0.442	0.175	0.386	471.931	406.738	5.425	471	406	4	3	3	4
27.283	117.255	1132	664	373037	329.538	150.913	279.500	200	1316	38.243	177.078	16.638	2.694	1.523	2.208	37.870	177.297	15.729	31	170	5	17	16	31
0.386	3.844	16	16	3973	248.312	36.282	235.500	209	320	149.000	203.500	6.500	0.377	0.139	0.340	149.003	203.522	6.482	148	203	5	3	2	4
2.458	13.471	102	76	39807	390.265	176.802	331.500	201	978	416.735	271.627	8.265	0.820	0.271	0.800	416.624	271.729	8.204	415	270	5	5	4	7
0.892	10.720	37	34	8307	224.514	24.588	216.000	200	303	18.892	289.703	8.838	0.904	0.446	0.839	18.920	289.669	8.791	17	288	5	5	5	10
1.591	10.686	66	52	16740	253.636	38.761	241.500	201	343	423.697	335.409	7.091	0.661	0.177	0.680	423.688	335.435	7.088	421	333	5	6	5	5
0.458	4.814	19	17	4887	257.211	46.050	243.000	205	362	485.158	347.789	6.579	0.444	0.150	0.370	485.166	347.821	6.564	484	347	5	3	3	4
5.664	31.404	235	166	67554	287.464	82.889	262.000	200	571	477.889	359.677	9.774	1.150	0.378	1.142	477.740	359.548	9.650	475	355	5	9	11	10
0.964	8.410	40	33	10437	260.925	51.705	253.500	201	397	400.675	369.000	8.175	0.604	0.247	0.528	400.692	369.001	8.178	399	368	5	4	3	7
1.012	8.093	42	35	11617	276.595	59.926	264.000	201	425	502.429	375.071	7.667	0.647	0.256	0.630	502.435	375.075	7.672	501	374	5	4	3	6
0.868	6.542	36	33	9698	269.389	53.549	260.000	202	422	453.056	377.000	7.250	0.537	0.194	0.541	453.072	376.982	7.219	452	376	5	3	3	5
0.241	2.627	10	10	2187	218.700	15.514	215.000	202	250	404.500	397.400	6.200	0.320	0.121	0.350	404.484	397.386	6.215	404	397	5	2	2	3
3.446	18.285	143	99	48490	339.091	139.547	280.000	200	833	417.972	402.909	9.629	1.005	0.383	0.959	418.018	402.935	9.437	416	400	5	5	6	10
0.362	3.844	15	15	3602	240.133	34.086	225.000	202	311	427.467	412.067	6.467	0.379	0.145	0.339	427.458	412.077	6.440	427	411	5	2	3	4
0.844	8.410	35	34	8853	252.943	36.417	257.000	202	332	436.057	417.914	8.714	0.827	0.386	0.790	436.032	417.845	8.649	435	416	5	3	5	8
1.591	12.060	66	54	17529	265.591	51.231	253.000	200	420	437.409	438.833	8.939	0.819	0.383	0.778	437.422	438.836	8.892	436	437	5	4	5	9
2.241	13.260	93	68	29160	313.548	88.343	284.000	201	522	418.226	451.516	7.409	0.753	0.214	0.731	418.240	451.588	7.396	416	449	5	5	6	6
0.482	5.007	20	18	5405	270.250	52.462	261.000	207	385	431.250	449.750	7.300	0.469	0.185	0.418	431.257	449.728	7.259	430	449	5	3	3	5
0.337	3.403	14	14	3570	255.000	33.317	247.000	203	317	195.429	185.500	7.286	0.404	0.176	0.336	195.393	185.525	7.295	195	185	6	2	2	4
2.892	17.121	120	84	41806	348.383	158.100	287.000	200	898	370.067	232.817	9.692	0.878	0.317	0.822	370.091	232.715	9.497	367	231	6	7	6	9
1.060	7.882	44	34	13618	309.500	94.222	281.500	202	534	224.341	238.432	7.932	0.591	0.169	0.553	224.334	238.417	7.934	223	237	6	4	4	5
0.651	5.713	27	24	7588	281.037	60.220	268.000	202	415	381.074	249.333	7.852	0.504	0.193	0.474	381.116	249.346	7.805	380	248	6	3	3	5
1.060	8.728	44	37	11342	257.773	45.918	250.500	202	361	42.705	292.545	8.500	0.639	0.242	0.621	42.732	292.534	8.503	41	291	6	4	4	6
3.350	17.526	139	94	59187	425.806	229.675	345.000	201	1208	392.043	299.367	10.439	0.968	0.358	0.882	392.014	299.401	10.314	390	297	6	5	5	9
0.337	3.914	14	14	3102	221.571	16.814	217.000	204	259	320.786	311.714	7.643	0.398	0.166	0.333	320.793	311.720	7.652	320	311	6	3	2	4
3.085	17.402	128	93	50834	397.141	161.922	346.000	201	856	447.023	320.320	10.836	1.025	0.435	0.942	447.016	320.387	10.852	445	318	6	5	5	10
0.723	6.736	30	26	8345	278.167	70.616	249.000	200	470	455.067	320.033	8.433	0.514	0.216	0.416	455.076	320.031	8.442	454	319	6	3	3	6
1.711	10.950	71	55	18488	260.394	45.080	246.000	202	382	489.324	321.958	8.099	0.675	0.170	0.669	489.297	321.921	8.059	488	320	6	4	6	5
1.109	8.199	46	37	13960	303.478	86.804	275.500	201	517	483.717	323.283	8.783	0.590	0.188	0.545	483.724	323.261	8.776	482	322	6	4	4	6
0.554	5.131	23	22	5659	246.043	37.896	241.000	200	329	488.522	331.870	7.652	0.470	0.191	0.424	488.526	331.852	7.637	488	331	6	3	3	5
0.313	3.139	13	13	3202	246.308	27.945	239.000	209	301	444.538	344.385	7.000	0.346	0.120	0.418	444.555	344.369	7.002	444	343	6	2	3	3
10.412	51.116	432	270	122100	282.639	77.668	258.000	200	578	405.822	399.963	14.361	1.762	0.780	1.686	405.825	399.907	14.265	401	395	6	10	11	18
0.458	4.426	19	19	4057	213.526	10.808	211.000	200	232	494.526	404.053	7.579	0.419	0.162	0.352	494.521	404.038	7.576	494	403	6	2	3	4
1.205	9.540	50	44	11945	238.900	26.812	232.000	204	297	503.720	424.260	7.460	0.600	0.182	0.631	503.705	424.272	7.459	501	423	6	7	4	4
0.940	7.511	39	33	11516	295.282	75.564	268.000	203	466	155.308	202.872	9.333	0.594	0.226	0.589	155.332	202.832	9.270	154	202	7	4	3	6
0.458	4.620	19	19	4634	243.895	42.867	224.000	201	342	289.000	211.579	9.000	0.433	0.195	0.416	289.008	211.591	8.983	288	211	7	3	2	5
0.241	3.333	10	9	2176	217.600	22.431	206.000	200	261	96.100	216.900	8.400	0.360	0.133	0.316	96.096	216.904	8.384	95	216	7	3	3	4
1.470	10.315	61	48	18175	297.951	90.078	259.000	204	544	357.246	229.295	9.607	0.693	0.236	0.651	357.388	229.332	9.490	355	228	7	5	4	6
61.916	243.982	2569	1355	864921	336.676	211.535	270.000	200	2229	347.192	230.525	19.157	3.244	1.412	3.163	346.612	230.628	18.177	330	220	7	43	18	25
0.241	3.015	10	10	2206	220.600	14.136	217.000	201	243	118.400	237.100	8.200	0.340	0.129	0.338	118.387	237.117	8.193	118	236	7	2	3	3
0.578	5.642	24	21	6642	276.750	68.913	258.000	201	409	312.458	245.125	9.042	0.498	0.188	0.453	312.466	245.172	9.012	311	244	7	4	3	5
1.735	12.043	72	56	17091	237.375	31.588	230.000	200	314	286.333	263.792	10.389	0.764	0.287	0.707	286.342	263.800	10.350	284	262	7	5	5	7
0.289	3.209	12	12	2849	237.417	31.385	233.500	201	301	28.583	294.583	8.750	0.369	0.162	0.343	28.607	294.613	8.764	28	294	7	2	2	4
1.422	11.513	59	52	16148	273.695	69.302	251.000	201	448	181.136	299.119	10.661	0.916	0.563	0.738	181.078	299.174	10.423	180	298	7	3	4	11
0.289	3.597	12	12	2898	241.500	33.655	237.000	202	304	349.250	339.917	8.250	0.379	0.160	0.362	349.261	339.914	8.227	349	339	7	2	3	4
0.771	6.983	32	27	8055	251.719	47.523	242.000	200	383	362.500	339.969	9.094	0.521	0.172	0.505	362.535	339.973	9.105	360	339	7	5	3	5
1.398	10.015	58	43	19224	331.448	120.853	293.500	202	648	453.362	353.448	9.966	0.699	0.256	0.580	453.324	353.422	9.923	452	352	7	4	4	7
1.591	11.549	66	53	20964	317.636	98.917	297.500	201	611	407.197	363.030	10.212	0.739	0.273	0.739	407.119	363.042	10.234	405	361	7	6	5	7
0.603	5.519	25	22	6579	263.160	46.587	263.000	205	362	457.320	366.040	8.840	0.476	0.176	0.457	457.339	366.041	8.795	456	365	7	3	3	5
0.723	6.348	30	26	8461	282.033	66.436	261.000	202	432	411.867	374.267	9.300	0.513	0.188	0.490	411.828	374.284	9.313	411	373	7	3	4	5
0.675	6.401	28	24	6403	228.679	21.262	223.000	202	273	456.821	407.500	9.071	0.512	0.183	0.481	456.810	407.510	9.084	456	406	7	3	4	5
0.241	2.627	10	10	2301	230.100	26.062	220.500	201	264	149.500	199.600	8.800	0.320	0.121	0.350	149.499	199.630	8.778	149	199	8	2	2	3
1.591	10.650	66	52	19575	296.591	84.105	266.000	201	538	222.485	217.939	10.909	0.714	0.272	0.624	222.451	217.977	10.883	221	216	8	4	4	7
0.410	4.038	17	17	3568	209.882	6.363	210.000	201	220	247.471	219.000	9.882	0.391	0.152	0.440	247.469	218.995	9.886	247	218	8	2	3	4
0.241	2.821	10	10	2232	223.200	17.441	218.000	200	246	264.400	221.400	9.500	0.332	0.143	0.265	264.384	221.402	9.497	264	221	8	2	2	4
5.712	29.339	237	153	95222	401.781	244.020	290.000	200	1336	102.667	228.207	12.886	1.265	0.478	1.274	102.654	228.270	13.082	100	224	8	6	9	11
0.868	7.123	36	32	9784	271.778	59.261	260.000	200	418	384.667	241.889	10.750	0.590	0.233	0.563	384.659	241.893	10.767	383	241	8	4	3	6
0.362	4.496	15	14	3326	221.733	21.114	214.000	200	273	257.933	249.000	10.000	0.439	0.178	0.454	257.926	248.999	9.999	257	248	8	3	3	5
0.313	3.209	13	13	3228	248.308	23.203	246.000	206	290	273.462	249.462	9.154	0.378	0.164	0.374	273.488	249.450	9.139	273	249	8	2	2	4
1.157	9.099	48	41	10452	217.750	13.124	215.500	200	249	310.500	255.729	10.167	0.617	0.211	0.592	310.478	255.745	10.137	309	254	8	5	5	5
1.253	9.239	52	40	16267	312.827	105.010	276.000	203	565	422.654	271.462	10.327	0.651	0.214	0.634	422.702	271.469	10.306	421	270	8	4	4	6
0.337	3.720	14	14	3296	235.429	24.286	235.000	200	284	300.500	288.643	9.357	0.394	0.169	0.322	300.476	288.643	9.316	300	288	8	2	3	4
2.868	16.169	119	82	54366	456.857	253.195	371.000	200	1233	130.740	293.378	11.605	0.905	0.310	0.796	130.717	293.382	11.531	129	291	8	5	6	8
0.771	6.682	32	29	8636	269.875	51.082	261.500	203	398	416.062	324.312	10.438	0.586	0.254	0.612	416.076	324.321	10.418	415	323	8	3	3	6
0.410	4.620	17	16	4045	237.941	33.946	226.000	201	319	430.118	328.765	9.941	0.429	0.166	0.425	430.133	328.773	9.947	429	328	8	3	3	5
2.217	13.999	92	69	26690	290.109	82.725	266.500	200	535	403.880	344.446	11.391	0.843	0.331	0.737	403.872	344.406	11.430	402	343	8	5	4	8
1.253	8.851	52	43	15065	289.712	76.381	273.000	200	501	488.154	422.269	10.250	0.626	0.208	0.582	488.153	422.253	10.245	487	421	8	4	4	6
0.675	6.348	28	25	7848	280.286	64.639	267.500	203	413	431.607	461.250	10.321	0.520	0.189	0.518	431.592	461.266	10.329	430	460	8	4	4	5
1.301	9.310	54	45	16059	297.389	78.640	275.000	200	520	137.889	181.130	12.426	0.679	0.266	0.658	137.872	181.083	12.385	136	180	9	4	4	7
1.494	11.937	62	55	15739	253.855	49.956	240.000	200	405	231.145	258.274	12.935	0.877	0.507	0.810	231.133	258.191	12.770	230	256	9	4	6	10
0.362	3.597	15	15	3629	241.933	19.754	243.000	200	269	153.467	265.467	10.600	0.423	0.179	0.300	153.477	265.457	10.634	153	265	9	2	2	4
2.314	16.186	96	76	29045	302.552	101.766	264.000	200	605	501.979	397.688	13.062	0.996	0.444	0.904	502.055	397.677	13.318	498	396	9	7	5	9
1.350	9.503	56	47	15195	271.339	56.604	262.000	201	436	461.357	430.089	12.339	0.680	0.275	0.662	461.333	430.083	12.374	460	429	9	4	3	7
1.229	11.302	51	48	12689	248.804	39.935	235.000	201	343	78.569	173.863	13.882	0.946	0.545	0.854	78.568	173.855	13.799	77	172	10	4	5	11
44.491	176.887	1846	1032	653846	354.196	149.916	306.500	200	1132	15.674	172.510	25.777	2.896	1.038	2.948	14.858	172.487	25.806	1	166	10	31	14	26
0.241	3.085	10	10	2333	233.300	31.763	218.500	200	280	180.600	209.200	11.500	0.394	0.179	0.296	180.605	209.179	11.505	180	209	10	2	2	4
2.410	16.486	100	77	26116	261.160	51.111	251.500	200	428	103.500	210.460	14.530	0.926	0.392	0.862	103.573	210.429	14.422	101	208	10	6	6	10
0.723	6.682	30	26	7402	246.733	38.832	236.500	200	350	245.267	235.000	12.600	0.552	0.238	0.590	245.264	235.004	12.617	244	234	10	3	3	6
11.761	58.591	488	306	150288	307.967	110.305	267.000	200	743	230.316	244.711	19.893	1.743	0.748	1.645	230.014	244.757	19.936	226	239	10	11	13	18
0.386	3.844	16	16	3922	245.125	37.297	232.500	202	309	81.500	260.000	11.500	0.377	0.139	0.340	81.505	260.023	11.485	81	259	10	2	3	4
0.337	3.580	14	13	3190	227.857	26.076	222.500	200	274	229.214	269.643	11.071	0.356	0.095	0.377	229.207	269.631	11.081	228	269	10	3	3	3
1.085	9.998	45	41	11764	261.422	51.888	245.000	203	379	393.044	273.556	13.644	0.810	0.396	0.698	393.017	273.639	13.711	392	271	10	4	6	8
1.036	8.023	43	36	12593	292.860	77.288	274.000	200	491	284.256	274.977	12.442	0.606	0.235	0.628	284.270	274.966	12.425	283	274	10	4	3	6
0.530	5.131	22	20	5323	241.955	37.438	225.500	201	327	388.864	278.636	12.318	0.462	0.179	0.409	388.862	278.642	12.327	388	278	10	3	3	5
8.194	32.516	340	173	85382	251.124	37.593	246.500	200	346	272.759	292.976	14.400	1.220	0.292	1.185	272.738	292.976	14.387	269	289	10	9	10	10
0.699	6.612	29	29	6798	234.414	27.914	228.000	200	289	327.690	309.862	13.276	0.639	0.316	0.596	327.676	309.830	13.182	327	309	10	3	3	7
0.651	5.766	27	24	7647	283.222	63.747	273.000	205	462	468.963	314.037	12.222	0.468	0.165	0.426	468.951	314.047	12.217	468	313	10	3	3	5
0.723	6.612	30	26	8094	269.800	59.359	262.000	203	432	473.133	324.100	12.700	0.528	0.217	0.502	473.103	324.109	12.653	472	323	10	3	3	6
37.140	155.295	1541	854	707750	459.280	387.811	314.000	200	2672	496.321	325.474	18.295	2.628	1.004	2.619	495.055	325.967	18.333	483	314	10	29	22	17
2.675	17.351	111	83	26625	239.865	31.578	233.000	200	329	412.514	332.117	13.135	0.857	0.277	0.819	412.508	332.123	13.141	408	330	10	9	6	7
0.362	3.720	15	15	3621	241.400	27.375	234.000	210	303	366.733	341.400	11.800	0.384	0.151	0.375	366.729	341.379	11.802	366	341	10	3	2	4
3.278	18.990	136	91	43702	321.338	101.578	288.500	200	707	439.949	352.926	14.654	0.974	0.373	0.881	440.038	352.842	14.470	438	350	10	5	7	10
0.313	3.403	13	13	3141	241.615	29.285	239.000	200	287	505.538	474.385	11.385	0.394	0.174	0.307	505.544	474.357	11.365	505	474	10	2	2	4
4.820	26.925	200	134	74431	372.155	190.887	302.500	200	1141	194.105	159.835	14.930	1.032	0.332	1.055	194.543	159.942	14.954	189	157	11	10	6	9
1.253	9.928	52	44	12174	234.115	25.899	227.000	201	299	203.865	224.269	13.269	0.665	0.255	0.649	203.851	224.291	13.241	202	222	11	5	5	6
0.313	3.403	13	13	3282	252.462	32.087	249.000	206	306	386.615	248.462	12.385	0.394	0.174	0.307	386.626	248.457	12.377	386	248	11	2	2	4
3.446	18.214	143	93	50506	353.189	124.126	321.000	200	676	428.965	269.685	14.811	0.920	0.268	0.905	428.987	269.720	14.760	426	267	11	6	6	8
3.567	20.347	148	103	40185	271.520	61.330	257.500	200	425	43.878	277.872	15.020	1.027	0.404	0.945	43.858	277.911	15.108	42	274	11	5	7	10
0.458	4.743	19	17	4706	247.684	36.750	245.000	210	336	270.895	280.789	12.316	0.426	0.141	0.387	270.904	280.789	12.315	270	280	11	3	3	4
10.388	35.216	431	204	107509	249.441	30.614	246.000	200	312	305.153	301.165	14.900	1.278	0.199	1.252	305.138	301.135	14.915	301	296	11	9	10	9
1.494	10.262	62	49	21732	350.516	139.549	303.500	202	722	469.145	319.532	13.952	0.676	0.251	0.593	469.116	319.541	13.941	468	318	11	4	4	7
0.289	3.720	12	10	2885	240.417	31.653	226.500	216	307	398.000	337.000	12.500	0.370	0.113	0.316	397.993	337.001	12.495	397	336	11	3	3	4
0.265	3.209	11	11	2551	231.909	25.844	231.000	201	268	501.545	368.727	12.545	0.385	0.174	0.287	501.544	368.758	12.575	501	368	11	2	2	4
1.060	9.293	44	41	9889	224.750	19.541	219.500	201	268	486.977	374.045	13.227	0.656	0.272	0.621	486.947	374.097	13.177	486	372	11	4	6	6
0.241	3.015	10	10	2288	228.800	28.959	218.000	204	289	436.100	428.200	12.200	0.333	0.128	0.344	436.094	428.188	12.191	435	428	11	3	2	3
10.725	49.369	445	268	141536	318.058	110.224	283.000	200	816	69.613	172.067	19.948	1.853	0.824	1.817	69.557	171.988	19.609	65	168	12	10	11	18
0.482	5.131	20	19	5058	252.900	42.818	244.000	202	337	76.800	197.650	14.150	0.487	0.211	0.454	76.759	197.657	14.136	76	197	12	3	3	5
0.964	8.658	40	37	10326	258.150	48.822	243.500	200	380	308.500	227.250	14.725	0.656	0.309	0.649	308.492	227.209	14.643	307	225	12	4	5	7
5.857	37.311	243	188	62557	257.436	58.218	237.000	200	507	207.284	239.193	19.502	1.533	0.681	1.472	207.454	239.419	19.208	203	232	12	9	13	15
0.578	5.325	24	23	6103	254.292	51.990	240.500	201	379	158.958	250.417	13.917	0.481	0.191	0.453	158.947	250.416	13.891	158	249	12	3	3	5
1.133	8.604	47	39	13902	295.787	82.707	287.000	200	538	297.809	259.000	15.021	0.625	0.249	0.543	297.796	259.006	15.055	296	258	12	4	3	7
0.747	6.418	31	28	8139	262.548	58.013	241.000	200	386	78.871	286.258	14.645	0.541	0.231	0.508	78.828	286.288	14.585	78	285	12	3	3	6
0.506	5.007	21	20	5884	280.190	54.822	295.000	209	380	183.381	305.619	14.095	0.515	0.227	0.456	183.394	305.606	14.059	182	305	12	3	3	5
1.036	7.494	43	36	12128	282.047	68.049	257.000	200	461	495.163	314.140	13.930	0.569	0.178	0.524	495.182	314.130	13.904	494	312	12	3	5	5
0.723	6.224	30	29	8019	267.300	50.968	246.500	201	361	477.333	318.600	14.000	0.524	0.199	0.449	477.336	318.582	14.006	476	318	12	4	3	5
0.554	5.519	23	20	5788	251.652	43.420	244.000	209	367	441.783	345.043	14.261	0.467	0.178	0.420	441.785	345.035	14.251	441	344	12	3	3	5
0.289	3.597	12	12	2723	226.917	22.464	217.500	200	273	448.917	370.750	13.750	0.379	0.160	0.362	448.924	370.749	13.742	448	370	12	3	2	4
2.049	12.836	85	61	27659	325.400	119.343	283.000	202	696	393.918	377.576	15.953	0.799	0.295	0.802	393.934	377.607	15.893	392	376	12	5	4	8
0.337	3.403	14	14	3459	247.071	29.379	246.500	204	301	500.429	496.500	13.714	0.404	0.176	0.336	500.419	496.528	13.723	500	496	12	2	2	4
1.133	8.076	47	40	11484	244.340	37.627	239.000	201	358	50.106	177.660	15.213	0.587	0.181	0.566	50.102	177.659	15.190	49	176	13	3	5	5
2.049	17.068	85	77	21748	255.859	50.983	237.000	200	443	130.141	179.718	16.835	0.989	0.388	0.904	130.011	179.782	16.770	127	177	13	8	6	9
2.121	12.960	88	65	28476	323.591	108.119	292.500	201	625	112.807	180.727	17.000	0.802	0.285	0.808	112.799	180.733	16.971	111	179	13	5	4	8
1.277	10.138	53	47	12541	236.623	25.102	234.000	201	307	19.302	188.849	16.283	0.745	0.340	0.688	19.289	188.862	16.311	17	188	13	5	3	8
0.241	3.139	10	10	2116	211.600	9.442	209.500	201	225	55.200	197.400	14.100	0.348	0.130	0.376	55.193	197.371	14.111	55	196	13	2	4	3
10.918	47.500	453	259	140425	309.989	101.242	277.000	200	661	320.258	225.179	20.450	1.564	0.597	1.465	320.091	225.057	20.431	315	221	13	11	9	16
0.386	4.690	16	14	3787	236.688	31.595	230.000	201	314	100.000	238.938	15.062	0.442	0.172	0.442	99.990	238.927	15.086	99	238	13	3	3	5
0.554	5.642	23	21	4885	212.391	10.430	210.000	200	234	309.478	260.391	14.696	0.464	0.155	0.489	309.476	260.387	14.693	308	259	13	4	4	4
4.170	20.577	173	107	40732	235.445	25.723	233.000	200	292	247.353	302.185	17.341	0.985	0.297	0.921	247.348	302.166	17.335	245	300	13	6	6	9
0.675	6.224	28	28	6770	241.786	31.413	241.000	202	293	200.571	305.536	15.750	0.546	0.257	0.514	200.562	305.538	15.749	199	305	13	4	2	6
43.334	137.500	1798	773	702693	390.819	268.820	303.500	200	2401	461.503	343.883	22.232	2.484	0.842	2.528	462.653	342.924	21.450	448	335	13	25	20	18
0.241	2.627	10	10	2393	239.300	18.288	237.500	220	272	490.400	397.500	13.800	0.320	0.121	0.350	490.371	397.493	13.809	490	397	13	2	2	3
0.868	6.912	36	32	8628	239.667	26.487	242.000	204	293	432.139	415.944	14.333	0.516	0.140	0.547	432.156	415.902	14.296	431	414	13	3	5	4
0.241	3.015	10	10	2237	223.700	17.957	220.000	205	256	114.300	186.000	15.000	0.335	0.136	0.397	114.302	186.000	14.987	114	185	14	2	3	3
0.362	4.108	15	15	3405	227.000	18.119	227.000	200	255	99.467	198.067	15.533	0.420	0.171	0.342	99.473	198.065	15.538	99	197	14	2	3	4
3.422	18.743	142	95	53223	374.810	161.887	331.000	203	857	274.845	260.246	19.035	1.011	0.393	0.937	274.769	260.274	19.048	273	258	14	5	6	10
0.819	6.665	34	30	8340	245.294	37.697	235.000	204	334	62.588	285.265	15.735	0.525	0.168	0.515	62.625	285.278	15.703	61	284	14	4	3	5
0.795	7.194	33	30	9049	274.212	53.605	274.000	202	407	197.242	308.818	16.364	0.593	0.264	0.586	197.257	308.807	16.362	196	308	14	3	3	6
3.133	20.119	130	102	37633	289.485	73.575	274.500	200	507	193.938	315.900	17.231	0.981	0.392	0.972	193.870	315.838	17.134	190	313	14	9	7	8
0.482	4.549	20	19	5185	259.250	51.475	255.000	202	361	444.600	341.150	15.600	0.429	0.150	0.383	444.589	341.155	15.610	444	340	14	3	3	4
0.627	5.519	26	26	6564	252.462	32.657	247.500	202	317	14.346	343.577	16.462	0.487	0.193	0.467	14.312	343.582	16.461	13	343	14	4	2	5
0.892	8.393	37	36	8462	228.703	22.626	221.000	202	284	405.946	376.351	15.919	0.602	0.237	0.591	405.967	376.308	15.901	404	374	14	5	6	5
2.796	19.484	116	90	31741	273.629	64.420	255.500	200	462	443.802	412.440	19.578	1.055	0.487	1.011	443.849	412.335	19.528	442	409	14	5	8	11
0.964	7.424	40	33	8783	219.575	13.838	216.000	200	252	424.175	441.575	15.650	0.541	0.120	0.550	424.184	441.577	15.657	422	440	14	5	4	4
4.170	21.794	173	117	57232	330.821	123.501	284.000	200	742	249.434	207.809	18.850	0.990	0.311	0.933	249.551	207.634	18.802	246	204	15	7	8	8
0.458	4.690	19	19	4689	246.789	35.156	261.000	200	301	65.368	259.316	17.000	0.461	0.213	0.435	65.372	259.337	17.006	65	258	15	2	3	5
0.313	3.403	13	13	3028	232.923	20.930	235.000	204	272	290.385	263.462	16.615	0.394	0.174	0.307	290.369	263.443	16.588	290	263	15	2	2	4
5.375	25.107	223	140	114812	514.852	322.155	389.000	202	1678	295.139	269.278	20.969	1.183	0.463	1.079	295.214	269.177	20.790	293	267	15	6	6	12
2.458	17.720	102	87	28397	278.402	63.557	263.500	201	501	462.392	288.461	17.931	0.921	0.354	0.905	462.318	288.423	17.996	460	286	15	7	6	8
0.675	6.277	28	25	6756	241.286	35.791	235.000	203	319	352.750	335.714	16.929	0.505	0.182	0.458	352.731	335.698	16.949	351	334	15	4	4	5
0.265	2.821	11	11	2381	216.455	8.548	216.000	203	230	474.455	336.455	15.909	0.334	0.126	0.396	474.453	336.453	15.910	474	336	15	2	2	3
6.122	31.261	254	170	97614	384.307	208.683	304.500	200	1199	483.606	348.492	21.539	1.346	0.583	1.309	483.773	348.247	21.571	480	345	15	8	8	14
1.639	12.994	68	59	16522	242.971	34.655	236.500	200	325	447.971	422.838	20.250	0.907	0.452	0.874	447.972	422.855	20.176	446	422	15	5	3	11
5.350	26.872	222	140	78444	353.351	148.680	292.000	200	828	58.086	168.869	20.977	1.141	0.393	1.093	57.902	168.658	20.999	55	166	16	9	8	10
0.699	6.224	29	25	7377	254.379	49.920	253.000	200	364	82.379	190.034	17.793	0.523	0.184	0.495	82.391	190.039	17.755	81	189	16	4	3	5
0.603	5.449	25	23	6037	241.480	34.772	238.000	202	322	392.000	241.280	17.800	0.469	0.169	0.437	392.012	241.287	17.775	391	240	16	3	3	5
1.133	8.410	47	40	13437	285.894	72.235	271.000	201	481	387.191	253.064	18.511	0.630	0.241	0.644	387.201	253.073	18.480	386	252	16	4	3	6
5.712	33.113	237	172	69551	293.464	92.694	260.000	200	659	19.266	287.329	23.105	1.657	0.843	1.631	19.128	287.404	22.675	16	285	16	7	6	17
1.205	9.557	50	41	12193	243.860	38.293	227.000	200	324	312.660	294.980	18.760	0.658	0.265	0.570	312.649	294.949	18.744	311	293	16	4	5	7
0.265	3.333	11	10	2470	224.545	27.983	215.000	200	288	409.000	313.000	17.364	0.333	0.079	0.319	409.003	312.999	17.336	408	312	16	3	3	3
0.337	4.884	14	14	2915	208.214	4.388	209.000	202	215	371.643	319.857	19.214	0.844	0.406	0.891	371.644	319.856	19.230	371	319	16	2	3	8
1.036	8.410	43	35	12712	295.628	81.776	274.000	201	496	9.628	337.023	18.372	0.619	0.243	0.608	9.595	337.027	18.335	8	336	16	4	3	6
0.747	6.418	31	28	8112	261.677	54.092	248.000	200	401	436.161	392.968	18.645	0.541	0.215	0.575	436.178	392.967	18.626	435	392	16	3	3	6
0.819	6.859	34	30	8210	241.471	34.935	239.000	203	331	411.853	428.971	18.000	0.540	0.203	0.494	411.837	428.952	18.026	410	428	16	4	3	5
0.241	3.209	10	10	2109	210.900	9.927	207.000	201	230	458.800	437.000	17.500	0.341	0.137	0.320	458.807	437.008	17.495	458	436	16	2	3	4
1.759	11.619	73	56	23965	328.288	112.565	294.000	200	678	81.288	169.397	20.918	0.762	0.297	0.700	81.247	169.327	20.776	80	168	17	4	4	8
0.289	3.333	12	12	2757	229.750	20.316	229.000	202	269	167.833	185.333	18.500	0.342	0.126	0.313	167.826	185.332	18.520	167	185	17	3	2	4
2.193	12.906	91	69	36296	398.857	171.361	332.000	203	937	278.549	198.407	20.670	0.837	0.326	0.764	278.471	198.328	20.564	277	197	17	4	4	8
1.012	7.969	42	37	11082	263.857	52.004	254.500	201	392	104.929	202.786	20.000	0.635	0.280	0.511	104.930	202.753	19.948	104	202	17	3	3	7
1.808	11.690	75	61	19288	257.173	47.470	248.000	201	387	102.987	275.867	20.360	0.798	0.337	0.718	102.980	275.870	20.373	102	274	17	3	5	8
5.857	27.354	243	145	53574	220.469	13.602	218.000	200	257	341.502	324.564	19.556	1.027	0.237	1.033	341.500	324.562	19.549	338	319	17	8	12	7
0.410	4.038	17	17	4147	243.941	41.391	226.000	202	328	377.471	335.059	18.588	0.392	0.148	0.348	377.462	335.056	18.627	377	334	17	2	3	4
1.109	8.093	46	41	12081	262.630	47.223	252.000	200	398	435.957	361.913	19.957	0.630	0.272	0.529	435.964	361.912	19.918	435	361	17	3	3	7
2.097	13.207	87	63	23370	268.621	52.532	260.000	200	398	445.483	369.920	20.011	0.776	0.250	0.740	445.476	369.940	20.024	444	368	17	5	5	7
4.796	21.198	199	117	44747	224.859	16.625	223.000	200	260	423.824	398.487	20.829	0.964	0.174	0.946	423.818	398.470	20.819	421	395	17	8	8	7
0.362	3.597	15	15	3380	225.333	16.940	226.000	202	255	392.467	407.467	18.400	0.423	0.179	0.300	392.449	407.467	18.388	392	407	17	2	2	4
0.241	3.209	10	10	2264	226.400	24.927	222.500	200	271	436.100	423.300	18.300	0.361	0.163	0.316	436.095	423.296	18.293	435	423	17	3	2	4
1.615	12.889	67	58	18097	270.104	65.199	248.000	200	475	508.716	494.045	20.881	0.837	0.414	0.795	508.759	493.998	20.909	506	492	17	6	5	10
1.542	11.232	64	55	16810	262.656	47.708	254.000	203	399	180.672	173.969	21.328	0.709	0.262	0.679	180.649	174.001	21.315	179	173	18	5	4	7
0.337	3.844	14	13	3221	230.071	25.172	223.000	202	285	106.786	181.214	19.357	0.377	0.127	0.337	106.795	181.218	19.339	106	180	18	3	3	4
0.313	3.914	13	12	2930	225.385	27.546	212.000	202	285	67.077	195.154	19.769	0.396	0.138	0.373	67.067	195.151	19.767	66	194	18	3	3	4
2.169	13.612	90	66	29821	331.344	130.000	272.500	200	701	283.511	209.900	22.600	0.846	0.342	0.761	283.514	209.892	22.636	282	208	18	4	5	9
2.723	17.473	113	88	29387	260.062	51.894	245.000	200	421	312.938	218.841	23.027	1.109	0.511	1.184	313.026	218.815	22.933	310	217	18	6	4	11
7.279	37.081	302	190	94796	313.894	104.906	279.000	200	688	424.172	262.980	24.639	1.406	0.575	1.356	424.305	262.904	24.285	419	260	18	10	7	14
5.182	24.720	215	127	125488	583.665	408.524	436.000	200	1864	447.679	263.293	23.344	1.147	0.409	1.091	447.656	263.338	23.070	445	260	18	6	7	11
0.289	3.456	12	12	2570	214.167	9.321	212.500	201	231	258.000	289.667	19.083	0.353	0.139	0.381	257.988	289.658	19.076	257	289	18	3	3	3
0.458	4.372	19	19	4289	225.737	15.874	232.000	200	253	297.474	293.526	19.895	0.511	0.244	0.466	297.479	293.529	19.902	297	293	18	2	2	5
0.916	7.969	38	32	11314	297.737	68.052	283.000	211	455	458.079	362.605	21.184	0.644	0.281	0.549	458.089	362.592	21.223	457	361	18	3	4	7
1.663	10.844	69	52	22724	329.333	110.296	294.000	200	622	505.609	503.681	21.493	0.715	0.258	0.694	505.618	503.654	21.422	504	502	18	4	4	7
3.977	20.982	165	108	58540	354.788	135.464	318.000	201	739	223.242	180.891	23.564	1.064	0.404	1.043	223.269	180.803	23.476	221	178	19	5	7	10
1.253	10.121	52	42	12974	249.500	41.782	236.000	200	358	298.654	209.865	22.019	0.689	0.281	0.599	298.641	209.825	22.006	297	208	19	4	5	7
2.796	16.573	116	84	42233	364.078	150.502	304.000	200	853	308.500	237.655	23.698	0.960	0.416	0.939	308.594	237.702	23.475	306	236	19	6	4	10
0.844	7.317	35	32	8147	232.771	28.904	221.000	200	301	130.114	262.314	21.629	0.575	0.226	0.573	130.110	262.334	21.633	129	261	19	3	4	6
0.844	7.194	35	32	9576	273.600	59.664	257.000	202	428	449.971	312.257	21.800	0.599	0.247	0.560	449.977	312.257	21.741	449	311	19	3	3	6
1.205	8.323	50	41	11669	233.380	22.752	232.500	200	287	22.580	334.840	20.620	0.580	0.153	0.587	22.586	334.855	20.620	21	333	19	4	4	5
0.675	6.101	28	25	7803	278.679	55.476	268.500	211	400	7.964	343.286	21.500	0.520	0.205	0.589	7.938	343.309	21.501	7	342	19	3	3	6
0.771	7.123	32	29	7629	238.406	27.465	239.000	201	299	443.781	346.688	21.500	0.604	0.263	0.612	443.768	346.679	21.491	443	345	19	3	4	6
5.664	33.413	235	170	72585	308.872	138.087	249.000	200	877	428.472	381.945	27.740	1.859	0.794	1.886	428.423	382.278	26.848	426	377	19	7	9	17
3.061	18.566	127	95	35026	275.795	73.653	252.000	200	499	496.543	472.646	24.236	1.045	0.469	0.957	496.654	472.572	24.007	494	470	19	5	6	11
6.676	32.602	277	172	90529	326.819	100.805	300.000	201	615	98.397	169.560	26.076	1.426	0.639	1.298	98.394	169.475	26.041	95	167	20	8	8	14
0.747	6.488	31	27	7657	247.000	32.738	238.000	200	333	14.968	241.000	22.581	0.551	0.215	0.607	14.956	241.018	22.588	14	240	20	3	3	6
5.109	27.754	212	141	58585	276.344	60.791	264.000	200	436	120.354	254.085	25.679	1.260	0.552	1.190	120.330	254.057	25.682	116	251	20	9	8	12
1.157	8.992	48	41	14453	301.104	85.251	294.000	200	506	439.021	286.625	23.333	0.693	0.293	0.658	439.020	286.607	23.381	438	285	20	3	4	7
0.265	3.279	11	11	2391	217.364	11.885	219.000	202	240	23.727	293.364	21.364	0.412	0.184	0.320	23.734	293.357	21.364	23	293	20	2	2	4
0.892	7.511	37	32	10012	270.595	59.611	254.000	200	415	471.378	303.081	22.486	0.610	0.242	0.620	471.374	303.116	22.530	470	302	20	4	3	6
0.265	3.403	11	11	2780	252.727	34.828	241.000	217	318	507.000	382.727	21.636	0.363	0.152	0.307	507.009	382.733	21.628	506	382	20	3	2	4
0.434	5.007	18	15	4295	238.611	34.175	232.500	201	325	505.944	475.056	22.000	0.439	0.168	0.455	505.944	475.037	22.033	505	474	20	3	3	5
0.892	7.371	37	34	9025	243.919	37.930	243.000	200	349	502.297	493.081	22.000	0.526	0.181	0.495	502.252	493.050	21.983	501	492	20	4	4	5
6.122	40.995	254	197	72880	286.929	96.563	254.000	200	788	231.839	188.642	26.386	1.350	0.494	1.331	231.755	189.042	26.648	229	181	21	8	15	12
0.289	3.791	12	12	2730	227.500	28.037	216.000	200	282	263.250	219.000	23.000	0.409	0.214	0.414	263.239	219.001	22.981	263	218	21	2	3	5
3.037	16.188	126	79	30073	238.675	27.577	234.500	200	302	83.595	272.008	24.214	0.829	0.180	0.800	83.602	272.009	24.200	81	269	21	6	7	7
0.578	6.224	24	24	5233	218.042	12.464	216.500	201	245	382.542	301.958	23.042	0.530	0.250	0.490	382.536	301.982	23.026	382	299	21	2	6	5
2.000	13.418	83	63	23590	284.217	69.773	260.000	200	481	425.952	324.795	24.566	0.823	0.338	0.757	425.963	324.816	24.576	424	323	21	5	5	8
0.434	4.743	18	16	4331	240.611	29.675	234.000	200	307	419.000	342.778	22.556	0.435	0.147	0.359	418.991	342.785	22.560	418	342	21	3	3	4
7.062	40.852	293	206	69563	237.416	30.150	232.000	200	373	392.478	344.526	28.662	1.524	0.694	1.464	392.465	344.447	28.661	390	338	21	7	12	15
1.229	9.310	51	43	14864	291.451	76.248	274.000	201	475	453.902	373.765	24.255	0.674	0.270	0.620	453.890	373.731	24.233	453	372	21	3	4	7
0.506	4.814	21	21	4986	237.429	30.515	232.000	202	293	493.190	393.571	23.190	0.465	0.214	0.446	493.208	393.585	23.210	492	393	21	3	2	5
0.313	3.914	13	13	2851	219.308	17.604	212.000	203	255	461.154	413.385	22.231	0.387	0.155	0.379	461.150	413.403	22.240	460	412	21	3	3	4
0.265	3.333	11	11	2405	218.636	14.982	216.000	200	243	450.364	433.818	22.727	0.354	0.158	0.325	450.375	433.828	22.741	450	433	21	2	3	4
3.109	20.859	129	98	29401	227.915	25.630	221.000	200	313	489.054	475.155	24.341	0.940	0.333	0.951	489.043	475.122	24.308	486	473	21	7	7	9
0.506	5.659	21	21	4714	224.476	20.561	215.000	202	262	201.952	177.381	25.524	0.552	0.313	0.584	201.958	177.380	25.533	201	177	22	3	2	7
0.434	4.620	18	16	4290	238.333	35.180	228.000	201	319	164.222	178.222	23.500	0.432	0.146	0.365	164.216	178.233	23.517	163	177	22	3	3	4
0.289	2.821	12	12	2982	248.500	28.180	251.000	202	298	5.500	205.500	23.000	0.344	0.124	0.428	5.483	205.538	23.005	5	205	22	2	2	3
0.241	2.821	10	10	2286	228.600	24.699	225.500	203	278	143.400	225.400	23.000	0.326	0.129	0.415	143.376	225.375	23.006	143	225	22	2	2	3
1.542	11.355	64	53	16608	259.500	48.019	250.000	201	393	313.922	230.266	25.359	0.702	0.252	0.697	313.893	230.295	25.347	312	229	22	5	4	7
0.410	4.232	17	17	3711	218.294	10.705	215.000	200	237	132.471	256.765	23.706	0.411	0.165	0.360	132.469	256.764	23.707	132	256	22	3	3	4
0.410	4.038	17	17	3521	207.118	5.487	207.000	200	217	209.824	286.529	23.471	0.443	0.180	0.365	209.819	286.530	23.485	209	286	22	3	2	4
0.795	6.348	33	30	8886	269.273	60.058	265.000	203	437	345.879	310.909	24.061	0.523	0.196	0.489	345.857	310.904	24.040	345	310	22	3	3	5
0.675	6.595	28	28	6560	234.286	25.381	230.500	201	290	58.607	333.429	24.286	0.540	0.260	0.496	58.605	333.361	24.256	58	331	22	2	6	6
1.277	11.355	53	49	11857	223.717	23.095	215.000	200	305	442.736	363.302	25.755	0.766	0.349	0.713	442.688	363.347	25.831	441	361	22	5	5	8
0.386	3.914	16	16	3696	231.000	22.319	228.500	200	269	439.750	385.438	23.312	0.405	0.162	0.353	439.732	385.461	23.308	439	385	22	3	2	4
0.289	3.667	12	12	2568	214.000	13.645	209.000	200	241	494.667	490.250	24.167	0.449	0.229	0.425	494.680	490.244	24.147	494	490	22	2	2	5
0.530	5.325	22	21	5343	242.864	34.182	239.500	200	307	495.727	496.273	23.955	0.499	0.217	0.451	495.696	496.283	23.984	495	495	22	3	3	5
0.554	5.519	23	22	5189	225.609	24.494	212.000	201	280	154.000	173.391	25.043	0.490	0.225	0.466	154.006	173.391	25.037	153	172	23	3	3	5
4.772	23.927	198	125	58229	294.086	70.807	274.000	200	498	259.854	213.318	28.384	1.117	0.430	1.051	259.801	213.255	28.297	257	211	23	7	6	12
2.073	13.330	86	63	29792	346.419	129.160	317.000	203	741	417.163	295.733	26.023	0.727	0.199	0.726	417.115	295.659	26.027	415	294	23	6	5	7
0.482	4.620	20	20	4533	226.650	27.544	213.500	201	277	436.500	375.900	25.100	0.449	0.206	0.441	436.501	375.905	25.126	436	375	23	2	3	5
1.350	9.962	56	48	16060	286.786	74.724	279.500	201	485	445.196	382.982	26.518	0.727	0.318	0.662	445.234	382.973	26.533	444	382	23	4	3	8
2.169	14.053	90	67	27149	301.656	86.710	282.000	200	522	124.878	176.922	27.678	0.815	0.310	0.747	124.809	176.844	27.691	123	175	24	5	5	8
6.025	26.942	250	145	97873	391.492	172.867	334.000	200	979	398.720	245.032	28.756	1.158	0.381	1.090	398.815	245.072	28.802	396	242	24	7	7	10
1.711	13.895	71	59	15054	212.028	8.424	210.000	200	238	498.437	488.085	29.887	0.899	0.506	0.764	498.438	488.085	29.882	497	485	24	5	8	10
4.483	24.438	186	122	57334	308.247	92.094	280.500	200	564	43.414	165.860	30.457	1.112	0.434	1.048	43.305	165.801	30.401	40	163	25	8	7	11
1.904	12.625	79	62	22396	283.494	76.346	247.000	201	503	235.785	200.228	27.519	0.753	0.268	0.726	235.867	200.212	27.591	233	199	25	6	4	7
0.434	4.937	18	16	4067	225.944	24.162	215.500	201	275	307.111	213.056	27.278	0.460	0.189	0.390	307.094	213.046	27.321	306	212	25	3	3	5
0.362	4.232	15	13	3517	234.467	31.818	220.000	200	299	214.867	250.867	26.467	0.410	0.139	0.352	214.857	250.875	26.471	214	250	25	3	3	4
4.435	22.764	184	120	62395	339.103	125.566	307.500	200	743	240.332	285.255	31.342	1.090	0.420	1.017	240.361	285.295	31.370	237	282	25	7	7	11
1.711	13.224	71	56	21758	306.451	104.308	264.000	200	595	5.831	361.211	28.704	0.956	0.579	0.804	5.722	361.348	28.413	4	359	25	6	5	11
0.771	7.528	32	29	6932	216.625	14.672	214.000	200	256	366.781	365.844	27.844	0.661	0.312	0.545	366.785	365.854	27.866	366	365	25	3	3	7
3.374	20.083	140	102	37078	264.843	56.061	250.500	200	432	491.829	461.229	29.886	1.071	0.467	0.999	491.809	461.225	30.008	490	457	25	5	8	11
5.591	34.102	232	173	62437	269.125	58.984	256.500	200	475	410.711	470.194	31.591	1.286	0.469	1.333	410.690	470.108	31.641	406	466	25	10	12	11
5.640	25.532	234	141	94693	404.671	198.241	325.000	201	1151	60.910	165.261	31.051	1.174	0.405	1.095	61.076	165.241	30.926	58	163	26	7	6	10
0.603	6.171	25	22	6120	244.800	39.982	228.000	204	348	79.880	168.200	28.720	0.538	0.230	0.543	79.872	168.193	28.723	79	167	26	3	3	6
0.916	8.357	38	35	9380	246.842	35.830	238.500	202	336	88.211	168.842	30.289	0.729	0.394	0.696	88.191	168.810	30.392	87	168	26	3	3	8
0.434	4.179	18	18	4463	247.944	31.044	244.500	201	303	95.500	180.444	28.222	0.492	0.235	0.505	95.503	180.419	28.176	95	180	26	2	2	5
1.832	12.519	76	58	25017	329.171	115.356	303.500	200	668	179.000	180.684	29.513	0.780	0.314	0.693	179.000	180.704	29.559	177	179	26	5	4	8
0.651	6.488	27	24	6392	236.741	28.644	235.000	201	313	135.741	253.148	28.704	0.579	0.261	0.568	135.761	253.135	28.722	135	252	26	3	3	6
0.337	3.844	14	13	3222	230.143	21.887	226.000	205	279	313.714	289.286	27.786	0.398	0.162	0.448	313.706	289.279	27.770	313	288	26	3	3	4
0.386	4.302	16	16	3407	212.938	9.896	210.000	200	231	224.812	314.625	28.125	0.433	0.206	0.417	224.810	314.625	28.122	224	314	26	3	2	5
2.868	18.532	119	93	41420	348.067	158.503	289.000	201	884	14.034	365.588	30.832	1.109	0.497	1.037	14.097	365.322	30.414	12	363	26	5	8	10
0.771	6.471	32	28	8692	271.625	61.086	251.500	205	409	447.844	419.500	28.312	0.523	0.172	0.505	447.808	419.484	28.314	447	418	26	3	4	5
2.410	20.313	100	83	22495	224.950	20.665	221.000	200	282	463.600	425.790	28.880	1.041	0.391	1.093	463.610	425.794	28.870	460	422	26	8	11	7
2.940	18.391	122	90	42089	344.992	127.449	305.500	200	798	103.877	164.615	30.238	0.879	0.286	0.875	103.813	164.471	30.236	101	162	27	7	7	8
0.482	5.395	20	20	4328	216.400	10.928	217.500	201	239	332.250	234.000	29.450	0.564	0.283	0.582	332.258	234.006	29.457	331	233	27	3	3	6
1.470	12.325	61	56	13970	229.016	21.834	225.000	200	284	136.131	258.738	31.000	0.884	0.452	0.821	136.162	258.733	31.044	134	256	27	5	6	9
0.723	6.224	30	29	7731	257.700	42.415	246.500	200	336	200.767	321.333	29.233	0.552	0.242	0.512	200.754	321.366	29.213	200	320	27	3	3	6
0.675	6.719	28	24	6189	221.036	23.095	208.000	200	276	341.000	346.071	28.821	0.509	0.163	0.500	340.972	346.021	28.812	340	344	27	3	6	4
2.362	14.705	98	74	26456	269.959	63.386	243.500	202	435	29.939	348.204	30.704	0.924	0.392	0.844	29.957	348.246	30.628	28	346	27	5	5	9
2.025	13.401	84	62	21918	260.929	60.086	239.000	200	443	455.869	425.571	30.190	0.770	0.256	0.754	455.912	425.641	30.086	454	423	27	5	6	7
2.217	17.228	92	75	22086	240.065	28.519	233.000	200	303	4.500	178.293	32.022	0.942	0.411	0.860	4.535	178.327	32.054	2	175	28	8	8	8
0.458	5.659	19	19	4124	217.053	13.006	215.000	200	245	360.053	241.368	30.789	0.638	0.337	0.562	360.044	241.386	30.793	359	240	28	3	3	7
0.506	4.884	21	21	4839	230.429	19.951	232.000	202	264	314.571	260.238	30.048	0.508	0.238	0.440	314.563	260.246	30.088	314	259	28	2	3	5
2.314	13.859	96	74	30046	312.979	87.955	296.000	202	553	432.760	269.521	32.260	0.807	0.286	0.776	432.743	269.455	32.343	431	268	28	5	5	8
0.337	3.403	14	14	3134	223.857	15.970	222.000	202	253	473.500	296.429	29.714	0.404	0.176	0.336	473.485	296.414	29.723	473	296	28	2	2	4
1.663	12.167	69	55	17530	254.058	46.388	245.000	200	370	56.855	327.986	30.594	0.710	0.236	0.672	56.853	327.986	30.504	55	325	28	5	6	7
0.964	7.160	40	35	8672	216.800	10.884	216.000	200	238	46.000	337.575	29.800	0.518	0.124	0.514	45.996	337.577	29.800	44	336	28	5	4	4
2.025	16.064	84	73	23945	285.060	90.849	252.500	200	584	70.202	338.167	32.202	0.912	0.388	0.864	70.440	338.215	32.039	66	336	28	8	5	8
1.422	10.403	59	47	16265	275.678	58.918	260.000	201	420	249.458	347.661	30.814	0.692	0.270	0.610	249.458	347.691	30.732	248	346	28	4	4	7
0.458	4.884	19	19	5250	276.316	64.274	265.000	200	420	0.263	352.158	30.053	0.479	0.227	0.451	0.209	352.163	30.067	0	351	28	2	3	5
0.819	6.806	34	33	8189	240.853	36.503	227.000	200	317	289.294	366.176	30.324	0.603	0.266	0.582	289.300	366.213	30.291	288	365	28	3	3	6
0.675	6.348	28	24	6757	241.321	32.464	236.500	200	329	488.750	496.857	29.857	0.518	0.183	0.491	488.758	496.863	29.880	487	496	28	4	3	5
0.675	5.642	28	28	7010	250.357	33.585	257.000	200	312	149.464	184.750	31.321	0.497	0.192	0.502	149.481	184.777	31.327	149	183	29	2	4	5
0.554	5.853	23	23	7141	310.478	90.121	299.000	210	505	510.739	307.870	31.391	0.559	0.278	0.574	510.798	307.851	31.325	510	307	29	2	3	6
0.289	3.791	12	12	2774	231.167	26.744	222.000	206	281	493.000	341.750	31.000	0.409	0.214	0.414	493.002	341.739	31.007	492	341	29	3	2	5
0.458	4.814	19	18	4436	233.474	26.158	227.000	205	299	449.316	410.158	30.895	0.452	0.178	0.440	449.317	410.159	30.890	448	409	29	3	3	5
1.422	9.751	59	46	18143	307.508	77.149	295.000	208	478	258.390	269.475	32.949	0.691	0.230	0.586	258.363	269.427	33.075	257	268	30	4	4	6
1.133	8.587	47	39	12683	269.851	71.313	242.000	200	423	392.617	324.319	32.447	0.621	0.205	0.590	392.616	324.342	32.413	391	323	30	4	4	6
0.675	6.559	28	25	7207	257.393	47.171	244.000	201	368	509.821	324.821	32.821	0.576	0.242	0.543	509.799	324.810	32.855	509	324	30	3	3	6
1.157	8.604	48	41	11556	240.750	31.771	235.000	205	327	287.604	337.104	32.458	0.664	0.257	0.649	287.609	337.081	32.422	286	336	30	4	3	6
2.675	17.300	111	93	32336	291.315	107.420	251.000	200	658	443.991	397.144	33.495	0.917	0.348	0.824	444.501	397.283	33.399	438	394	30	11	6	6
1.976	12.608	82	64	22819	278.280	57.933	269.500	200	431	151.695	176.537	33.488	0.701	0.179	0.705	151.761	176.587	33.593	149	175	31	7	4	5
0.241	2.945	10	10	2203	220.300	18.607	218.000	200	256	448.200	349.500	31.900	0.315	0.120	0.351	448.187	349.496	31.898	447	349	31	3	2	3
0.362	3.720	15	15	3729	248.600	33.466	249.000	201	314	484.733	444.400	32.200	0.384	0.151	0.375	484.720	444.397	32.183	484	444	31	3	2	4
1.012	8.129	42	35	9587	228.262	22.089	223.500	201	272	83.500	166.929	33.667	0.569	0.150	0.582	83.468	166.936	33.701	82	165	32	5	5	4
0.289	3.527	12	12	2717	226.417	23.051	214.000	202	267	96.083	182.333	34.083	0.383	0.183	0.413	96.070	182.334	34.103	95	182	32	3	2	4
0.337	3.403	14	14	3413	243.786	31.998	243.500	203	302	76.429	330.500	33.714	0.404	0.176	0.336	76.399	330.523	33.760	76	330	32	2	2	4
0.530	5.131	22	20	5323	241.955	32.910	240.500	201	315	0.818	345.773	33.773	0.467	0.157	0.458	0.803	345.767	33.814	0	345	32	3	3	4
0.554	5.131	23	21	5439	236.478	26.071	231.000	201	293	57.087	347.739	33.783	0.460	0.153	0.438	57.069	347.746	33.822	56	347	32	3	3	4
0.723	5.943	30	27	7496	249.867	41.317	236.500	200	346	364.200	380.967	34.100	0.462	0.124	0.470	364.213	380.935	34.164	362	380	32	5	3	4
0.699	6.895	29	28	5933	204.586	3.775	204.000	200	215	459.655	421.000	33.828	0.566	0.202	0.527	459.654	421.002	33.830	458	419	32	4	6	4
0.362	3.580	15	15	3802	253.467	43.563	240.000	205	345	166.000	174.400	34.333	0.347	0.105	0.318	165.987	174.404	34.354	165	173	33	3	3	3
0.313	3.386	13	13	3660	281.538	65.834	260.000	204	420	35.154	183.231	34.462	0.331	0.095	0.336	35.183	183.253	34.528	34	182	33	3	3	3
0.410	4.021	17	16	4119	242.294	39.062	236.000	202	335	368.882	236.059	34.412	0.373	0.097	0.355	368.863	236.081	34.460	368	235	33	3	3	3
0.386	4.091	16	15	3835	239.688	28.397	229.500	207	307	79.250	325.125	34.375	0.378	0.108	0.345	79.250	325.131	34.403	78	324	33	4	3	3
0.265	2.821	11	11	2514	228.545	15.313	228.000	201	249	89.455	334.545	34.091	0.334	0.126	0.396	89.464	334.558	34.125	89	334	33	2	2	3
0.578	5.097	24	23	5183	215.958	10.952	214.500	200	237	357.792	383.125	34.500	0.426	0.131	0.419	357.794	383.121	34.510	355	382	33	6	3	3
0.362	3.757	15	15	4051	270.067	58.359	254.000	200	392	166.400	183.200	34.667	0.341	0.094	0.342	166.402	183.236	34.689	165	182	34	4	4	2
