Volume (micron^3)	Surface (micron^2)	Nb of obj. voxels	Nb of surf. voxels	IntDen	Mean	StdDev	Median	Min	Max	X	Y	Z	Mean dist. to surf. (micron)	SD dist. to surf. (micron)	Median dist. to surf. (micron)	XM	YM	ZM	BX	BY	BZ	B-width	B-height	B-depth
1446.775	2821.318	60029	18336	22734892	378.732	215.412	307.000	200	2349	64.017	42.992	19.016	8.398	3.340	8.065	64.872	44.152	19.457	17	0	1	88	118	32
0.771	7.846	32	32	7112	222.250	19.075	214.500	200	264	40.500	27.156	6.438	0.746	0.482	0.623	40.511	27.140	6.484	40	26	1	2	4	10
1.133	7.758	47	41	12293	261.553	47.120	253.000	202	391	102.340	100.000	2.766	0.593	0.192	0.566	102.315	99.990	2.676	101	99	1	4	3	5
1.518	10.315	63	52	16079	255.222	42.369	255.000	200	371	113.032	118.698	2.794	0.670	0.215	0.663	113.033	118.732	2.697	112	116	1	4	6	6
458.358	1171.167	19018	7079	7126481	374.723	208.962	307.000	200	2229	115.563	132.866	16.609	5.921	2.279	5.703	116.066	133.191	16.962	80	99	1	68	62	32
3740.830	6582.811	155213	41838	66561924	428.842	299.141	330.000	200	3446	378.667	216.405	16.831	21.213	10.550	20.081	382.951	214.796	16.989	185	137	1	327	123	32
0.988	7.177	41	38	12680	309.268	113.679	270.000	200	666	510.171	180.268	2.463	0.551	0.181	0.588	510.295	180.352	2.259	509	179	1	3	4	5
8.315	35.512	345	196	125248	363.038	163.563	309.000	200	973	133.670	197.301	5.988	1.373	0.498	1.306	133.811	197.069	5.775	130	193	1	8	10	12
0.458	5.201	19	19	4123	217.000	13.711	218.000	201	239	485.000	217.579	2.842	0.542	0.287	0.464	485.015	217.580	2.783	484	217	1	3	2	6
1.470	10.844	61	50	16526	270.918	63.853	253.000	200	450	472.246	224.689	3.984	0.741	0.306	0.724	472.199	224.671	3.922	471	223	1	4	4	7
0.241	3.279	10	10	2150	215.000	10.541	212.500	200	234	185.700	225.800	3.200	0.451	0.250	0.419	185.707	225.805	3.179	185	225	1	2	2	5
61.651	148.830	2558	929	1136770	444.398	231.933	372.000	200	1440	219.688	235.641	6.459	2.515	0.550	2.424	219.849	235.330	6.138	210	227	1	25	17	18
0.289	3.403	12	12	2678	223.167	15.902	222.000	201	251	290.333	233.417	2.250	0.444	0.261	0.421	290.322	233.409	2.210	290	233	1	2	2	5
0.313	3.369	13	13	2835	218.077	13.793	218.000	202	245	380.923	244.462	1.231	0.324	0.096	0.322	380.918	244.471	1.228	380	243	1	3	4	2
10.894	45.122	452	265	124474	275.385	68.590	255.000	200	586	266.960	252.759	5.135	1.428	0.432	1.424	266.887	252.878	5.109	261	249	1	12	8	12
0.434	4.021	18	17	5038	279.889	58.229	268.500	202	430	360.944	250.889	1.611	0.374	0.093	0.356	360.971	250.877	1.538	360	250	1	3	3	3
0.362	3.597	15	15	3744	249.600	24.032	254.000	217	289	254.467	252.533	2.400	0.423	0.179	0.300	254.441	252.554	2.373	254	252	1	2	2	4
14.123	56.388	586	333	224641	383.346	174.739	325.000	200	1011	494.036	259.648	6.326	1.652	0.580	1.639	494.074	259.695	6.239	490	253	1	11	13	14
1.470	11.656	61	53	14362	235.443	29.073	229.000	201	313	285.115	260.066	3.164	0.788	0.311	0.845	285.139	260.055	3.189	282	258	1	6	5	7
0.313	2.998	13	13	3590	276.154	57.052	258.000	203	375	288.000	271.615	1.462	0.311	0.058	0.339	288.073	271.595	1.413	287	271	1	3	3	2
4.386	21.688	182	120	77450	425.549	218.429	350.500	202	1246	497.654	279.000	4.654	1.106	0.425	1.081	497.710	278.977	4.423	495	276	1	6	6	10
2.651	17.756	110	94	27651	251.373	44.219	235.000	200	386	341.318	282.300	2.855	0.823	0.242	0.883	341.325	282.247	2.790	338	280	1	8	5	6
20.100	93.015	834	490	240957	288.917	97.893	256.500	200	755	498.914	313.830	8.884	2.011	0.805	1.857	498.787	313.993	8.914	490	305	1	20	17	17
141.788	330.560	5883	2006	1772185	301.238	107.299	265.000	200	1109	147.009	216.685	10.771	3.350	0.866	3.212	147.000	215.784	11.111	132	203	2	32	35	25
0.458	4.814	19	19	4325	227.632	25.799	217.000	201	281	213.947	249.368	4.158	0.479	0.227	0.448	213.920	249.356	4.110	213	249	2	3	2	5
16.027	82.346	665	427	190381	286.287	80.369	261.000	200	696	174.698	210.677	12.759	2.547	0.962	2.530	174.605	210.489	13.027	167	203	3	15	19	21
1.518	10.349	63	54	18020	286.032	74.668	271.000	200	495	328.000	278.048	6.476	0.769	0.333	0.683	327.989	278.097	6.570	327	277	3	3	4	8
59.964	252.357	2488	1439	866041	348.087	160.486	293.000	200	1263	495.802	332.093	19.758	3.537	1.344	3.634	495.579	331.625	20.472	480	320	3	32	26	30
2.241	13.418	93	66	27763	298.527	91.046	263.000	200	579	105.032	153.538	8.376	0.830	0.303	0.748	104.995	153.563	8.433	103	152	5	5	4	8
0.241	2.627	10	10	2262	226.200	15.831	226.000	203	248	133.400	156.500	5.800	0.320	0.121	0.350	133.380	156.511	5.793	133	156	5	2	2	3
0.651	5.713	27	25	7042	260.815	51.516	247.000	202	376	137.630	182.889	7.037	0.513	0.204	0.475	137.611	182.863	7.020	137	182	5	3	3	5
0.386	4.038	16	16	3409	213.062	11.790	208.500	201	239	128.062	194.625	6.250	0.405	0.172	0.359	128.060	194.627	6.248	127	194	5	3	2	4
0.916	8.076	38	33	8335	219.342	15.055	218.000	200	250	183.658	218.263	7.079	0.594	0.232	0.541	183.649	218.244	7.107	182	217	5	4	4	6
0.337	3.597	14	14	3322	237.286	29.177	236.000	201	289	297.571	275.429	6.500	0.412	0.178	0.280	297.581	275.389	6.470	297	275	5	2	2	4
1.301	9.574	54	46	14466	267.889	61.236	259.500	200	422	342.944	290.333	7.704	0.733	0.310	0.714	342.956	290.350	7.668	342	289	5	3	4	7
0.362	3.914	15	15	3291	219.400	13.026	216.000	202	248	116.400	111.267	7.600	0.396	0.161	0.332	116.397	111.270	7.612	116	110	6	2	3	4
101.346	310.145	4205	1737	1696320	403.405	241.672	321.000	200	2175	162.132	161.693	15.726	3.169	1.010	3.149	163.630	161.137	15.816	146	149	6	32	31	24
1.880	12.007	78	62	24486	313.923	103.820	278.500	200	602	51.564	166.179	9.179	0.801	0.334	0.749	51.578	166.156	9.109	50	165	6	4	4	8
0.506	5.131	21	20	5250	250.000	44.588	238.000	200	350	332.381	285.095	8.000	0.463	0.190	0.440	332.382	285.113	8.034	331	284	6	3	3	5
0.530	4.814	22	22	5497	249.864	39.468	244.500	200	316	191.500	305.182	7.727	0.476	0.215	0.427	191.510	305.192	7.726	191	304	6	2	3	5
0.916	7.511	38	32	11037	290.447	70.933	283.000	200	466	464.632	332.974	8.105	0.598	0.228	0.522	464.623	332.960	8.120	463	332	6	4	3	6
0.289	3.861	12	12	2559	213.250	9.343	209.000	204	230	442.750	344.250	8.250	0.481	0.284	0.424	442.758	344.243	8.265	442	344	6	2	2	6
1.350	9.821	56	44	17200	307.143	92.022	273.000	205	534	8.464	49.393	9.696	0.711	0.270	0.650	8.424	49.400	9.744	7	48	7	4	4	7
9.882	47.274	410	242	99531	242.759	36.160	234.000	200	426	104.798	177.990	12.898	1.363	0.406	1.348	104.890	177.933	12.899	100	173	7	14	12	12
1.060	8.604	44	35	12612	286.636	75.628	260.500	202	445	251.659	190.795	9.500	0.637	0.232	0.639	251.651	190.771	9.513	250	189	7	4	4	6
0.289	3.403	12	12	2869	239.083	27.773	235.000	202	291	504.417	229.667	8.333	0.399	0.181	0.317	504.401	229.697	8.314	504	229	7	2	2	4
3.109	20.982	129	102	32003	248.085	45.036	235.000	200	422	186.349	248.612	11.008	0.976	0.381	0.974	186.200	248.587	10.925	182	247	7	9	5	10
0.482	4.990	20	18	4337	216.850	15.305	210.500	200	250	352.800	254.550	8.400	0.418	0.139	0.399	352.804	254.553	8.414	351	253	7	4	4	4
0.265	2.945	11	11	2519	229.000	17.675	227.000	205	267	187.636	294.182	8.364	0.316	0.098	0.298	187.642	294.195	8.367	187	293	7	2	3	3
9.520	46.691	395	255	152103	385.071	221.506	310.000	200	1464	427.139	352.762	14.175	1.641	0.735	1.538	426.971	352.798	14.419	424	347	7	9	13	16
3.085	19.130	128	99	42498	332.016	134.948	279.500	200	818	317.367	359.641	11.312	0.988	0.389	0.977	317.329	359.482	11.246	316	357	7	4	8	9
0.337	4.426	14	13	3340	238.571	31.238	228.000	206	305	405.071	363.714	8.929	0.435	0.184	0.424	405.079	363.719	8.944	404	363	7	3	3	5
2.145	14.353	89	72	21495	241.517	34.345	233.000	200	347	37.348	22.191	11.258	0.768	0.242	0.777	37.336	22.249	11.254	36	18	8	4	8	7
1.205	9.821	50	43	11235	224.700	19.102	219.000	200	268	82.940	126.500	10.700	0.673	0.263	0.671	82.948	126.504	10.690	81	125	8	5	4	6
0.747	6.736	31	28	7405	238.871	30.671	237.000	200	290	96.516	159.806	9.806	0.530	0.193	0.486	96.516	159.797	9.760	95	158	8	4	4	5
1.928	13.895	80	61	20311	253.887	45.704	242.000	200	358	149.637	177.538	10.712	0.754	0.240	0.710	149.571	177.596	10.689	147	175	8	7	6	6
0.627	5.642	26	24	6551	251.962	40.576	240.000	201	328	149.731	186.192	9.846	0.493	0.196	0.464	149.707	186.232	9.816	149	185	8	3	3	5
1.133	8.851	47	40	11319	240.830	35.101	235.000	200	328	334.255	253.064	10.362	0.631	0.243	0.603	334.264	253.069	10.340	332	252	8	5	3	6
0.627	5.907	26	26	5667	217.962	10.325	218.500	201	238	476.192	281.538	10.269	0.582	0.283	0.567	476.176	281.541	10.224	475	281	8	4	2	6
32.272	131.521	1339	713	493046	368.220	196.951	303.000	200	1610	156.541	315.057	18.683	2.343	0.919	2.211	156.274	315.096	18.842	148	307	8	22	18	21
0.458	4.814	19	17	4557	239.842	33.523	233.000	202	318	343.842	308.789	9.579	0.444	0.150	0.370	343.847	308.807	9.573	343	308	8	3	3	4
0.916	7.317	38	34	9973	262.447	51.169	237.500	202	364	510.263	309.737	10.368	0.611	0.253	0.608	510.309	309.722	10.366	509	308	8	3	4	6
2.000	13.488	83	66	26450	318.675	111.857	270.000	201	673	17.108	15.506	12.590	0.836	0.364	0.724	17.109	15.570	12.531	15	14	9	5	4	9
2.097	14.089	87	65	22611	259.897	49.979	247.000	200	394	140.276	166.586	11.989	0.785	0.277	0.781	140.207	166.598	11.916	138	165	9	7	5	7
2.748	17.880	114	85	31439	275.781	74.035	252.000	200	506	156.386	184.860	12.079	0.836	0.254	0.794	156.487	184.970	12.071	153	180	9	7	8	8
1.976	12.678	82	61	22735	277.256	62.522	260.500	200	452	165.634	200.451	11.280	0.712	0.182	0.699	165.663	200.469	11.259	164	198	9	5	6	6
0.988	7.511	41	37	11056	269.659	55.332	261.000	200	420	496.073	201.854	11.463	0.600	0.251	0.631	496.106	201.851	11.427	495	201	9	3	3	6
0.337	3.720	14	14	2960	211.429	9.811	207.500	202	232	189.143	254.714	10.500	0.385	0.158	0.339	189.131	254.721	10.506	188	254	9	3	2	4
0.651	5.836	27	24	6459	239.222	34.376	232.000	201	332	343.111	296.926	11.296	0.481	0.172	0.431	343.101	296.932	11.282	342	296	9	3	3	5
0.289	3.456	12	11	2643	220.250	19.928	215.500	200	264	340.750	316.750	10.000	0.349	0.096	0.400	340.752	316.760	10.012	340	316	9	3	3	3
1.904	13.488	79	60	25156	318.430	110.490	287.000	200	651	435.203	355.076	12.646	0.838	0.338	0.759	435.213	355.057	12.798	433	353	9	5	5	8
2.338	14.424	97	75	29324	302.309	100.503	273.000	201	633	138.866	153.062	13.278	0.782	0.252	0.769	138.736	153.165	13.262	137	150	10	6	6	7
0.940	7.317	39	35	10636	272.718	54.334	256.000	203	420	501.974	224.026	12.436	0.587	0.249	0.610	501.996	224.003	12.474	501	223	10	3	3	6
1.326	9.821	55	45	14323	260.418	51.954	241.000	202	392	189.418	226.400	12.582	0.709	0.271	0.651	189.402	226.407	12.613	188	225	10	4	4	7
1.494	10.597	62	50	20227	326.242	102.404	301.000	205	627	53.081	239.984	13.210	0.725	0.290	0.686	53.074	240.023	13.240	52	238	10	3	5	7
0.819	6.418	34	31	9412	276.824	55.119	264.500	209	434	59.176	240.882	12.118	0.546	0.204	0.502	59.187	240.880	12.119	58	240	10	3	3	5
0.988	7.441	41	35	12086	294.780	77.672	281.000	201	505	251.049	256.195	12.683	0.578	0.210	0.568	251.054	256.199	12.702	250	255	10	3	4	6
10.026	49.124	416	266	113398	272.591	87.627	238.000	200	646	318.034	279.409	15.644	1.481	0.516	1.473	318.234	279.278	15.545	314	274	10	11	15	13
1.735	10.616	72	53	18493	256.847	37.387	248.000	202	329	389.653	279.764	12.528	0.653	0.127	0.635	389.641	279.786	12.535	388	278	10	5	5	6
24.077	120.008	999	624	312833	313.146	107.177	281.000	200	837	455.776	347.507	22.094	2.271	0.738	2.233	456.060	347.402	22.154	445	337	10	21	18	20
0.747	6.418	31	28	8614	277.871	63.870	263.000	201	439	276.097	357.774	12.484	0.531	0.214	0.512	276.090	357.779	12.475	275	357	10	3	3	6
1.374	10.155	57	48	18394	322.702	101.503	302.000	203	586	306.930	366.123	13.123	0.733	0.322	0.766	306.936	366.202	13.175	306	365	10	3	4	8
0.554	5.255	23	21	5380	233.913	25.854	221.000	200	289	43.261	16.826	13.043	0.467	0.184	0.449	43.264	16.803	13.036	42	16	11	3	3	5
0.964	7.705	40	34	11815	295.375	72.074	273.000	203	471	105.150	225.350	13.500	0.619	0.246	0.628	105.153	225.355	13.504	104	224	11	3	4	6
6.628	35.229	275	188	72765	264.600	53.931	250.000	200	427	493.022	224.789	17.229	1.309	0.503	1.234	492.918	224.791	17.160	489	221	11	9	7	13
1.470	10.262	61	50	16248	266.361	50.662	261.000	200	411	118.197	296.000	13.738	0.689	0.266	0.646	118.202	296.003	13.766	116	295	11	5	3	7
0.289	3.139	12	12	2683	223.583	18.441	220.000	201	260	338.333	309.750	11.750	0.336	0.116	0.339	338.316	309.746	11.761	338	309	11	2	3	3
0.603	6.101	25	24	6081	243.240	36.589	236.000	204	322	212.280	314.920	13.640	0.549	0.248	0.548	212.279	314.926	13.634	211	314	11	3	3	6
82.378	268.115	3418	1533	1789760	523.628	442.104	356.000	200	3182	188.186	330.133	22.040	3.547	1.265	3.551	186.309	329.870	22.587	171	318	11	42	22	22
1.350	10.262	56	48	14680	262.143	51.153	255.000	200	386	218.107	344.375	13.786	0.718	0.282	0.674	218.063	344.397	13.783	216	343	11	5	4	7
0.362	3.791	15	15	3560	237.333	20.444	240.000	201	267	17.467	42.467	14.133	0.434	0.214	0.387	17.476	42.460	14.113	17	42	12	2	2	5
2.362	15.781	98	77	22580	230.408	20.335	226.500	201	277	422.255	212.041	16.429	0.919	0.401	0.843	422.251	212.013	16.406	420	210	12	5	6	9
0.410	4.884	17	14	4186	246.235	35.719	235.000	209	338	34.000	226.000	14.000	0.447	0.171	0.462	34.010	226.003	14.002	33	225	12	3	3	5
2.989	21.705	124	108	34003	274.218	80.027	242.500	200	559	43.452	232.427	17.048	1.023	0.413	0.982	43.146	232.357	16.914	40	230	12	8	6	11
20.221	103.015	839	537	195575	233.105	30.758	225.000	200	453	323.242	292.263	24.462	2.178	1.013	1.924	323.261	292.290	24.396	316	282	12	14	25	21
4.941	36.463	205	172	53712	262.010	60.025	244.000	200	514	123.293	304.468	18.683	1.217	0.535	1.146	123.276	304.522	18.911	120	300	12	10	10	14
1.133	8.006	47	37	13470	286.596	76.799	269.000	200	489	499.596	331.702	13.809	0.587	0.158	0.548	499.600	331.727	13.838	498	330	12	4	4	5
0.747	6.612	31	27	8110	261.613	48.797	253.000	205	372	369.516	339.161	14.839	0.565	0.224	0.501	369.528	339.169	14.843	368	338	12	4	3	6
0.554	5.325	23	21	6095	265.000	52.733	251.000	205	368	287.652	357.087	14.391	0.474	0.183	0.395	287.634	357.125	14.379	287	356	12	3	3	5
83.222	227.799	3453	1442	1942396	562.524	468.032	370.000	200	3092	356.928	356.792	25.560	3.070	1.059	2.876	356.472	356.661	26.734	339	346	12	37	25	21
1.783	11.619	74	55	26853	362.878	147.933	321.000	200	796	174.568	186.743	16.378	0.735	0.279	0.705	174.591	186.758	16.368	173	185	13	4	4	8
2.916	16.627	121	83	47853	395.479	186.102	336.000	200	949	2.860	194.033	16.992	0.915	0.341	0.872	2.809	194.131	17.148	1	192	13	5	5	9
0.241	2.821	10	10	2121	212.100	8.212	213.000	202	226	242.600	201.400	14.000	0.326	0.129	0.415	242.604	201.390	13.989	242	201	13	2	2	3
0.675	5.836	28	25	6729	240.321	30.278	240.500	200	301	465.714	261.893	15.143	0.500	0.190	0.468	465.697	261.883	15.165	465	261	13	3	3	5
0.241	2.627	10	10	2166	216.600	13.484	212.000	202	236	468.500	286.600	13.800	0.320	0.121	0.350	468.502	286.620	13.789	468	286	13	2	2	3
28.295	125.638	1174	667	338282	288.145	79.396	265.500	200	606	480.427	277.758	19.945	3.009	1.695	2.554	479.977	277.092	20.139	471	258	13	28	46	15
0.337	3.720	14	14	3185	227.500	16.379	233.000	205	253	499.500	327.286	14.429	0.397	0.165	0.311	499.490	327.287	14.423	499	326	13	2	3	4
5.977	38.033	248	186	66656	268.774	63.819	249.500	200	492	471.931	340.984	22.927	2.173	1.014	2.311	471.884	340.938	23.140	467	336	13	10	11	20
6.122	37.291	254	181	99528	391.843	258.927	271.000	200	1441	439.976	343.933	24.500	1.840	1.049	1.624	439.668	343.385	25.732	435	340	13	10	11	20
1.229	9.310	51	42	14678	287.804	73.715	276.000	200	488	26.098	29.824	16.765	0.659	0.261	0.598	26.123	29.805	16.790	25	28	14	4	4	7
2.073	16.874	86	77	20873	242.709	32.371	232.500	200	347	134.942	157.756	19.512	1.044	0.489	0.982	134.975	157.748	19.536	132	156	14	7	4	11
0.241	2.821	10	10	2201	220.100	14.456	218.500	200	245	169.600	189.400	15.500	0.332	0.143	0.265	169.612	189.390	15.512	169	189	14	2	2	4
0.771	6.736	32	28	7506	234.562	25.856	225.500	200	307	31.062	219.688	16.250	0.555	0.240	0.553	31.056	219.689	16.240	30	218	14	3	4	6
0.265	3.333	11	11	2396	217.818	14.999	215.000	200	244	205.455	227.727	15.182	0.377	0.181	0.353	205.471	227.740	15.177	204	227	14	3	2	4
0.892	7.564	37	32	9152	247.351	40.678	237.000	200	340	264.784	256.108	16.919	0.567	0.218	0.502	264.765	256.133	16.981	263	255	14	4	3	6
22.776	94.001	945	517	343582	363.579	206.960	276.000	200	1431	80.965	253.361	23.771	1.942	0.682	1.867	80.456	253.369	23.574	75	246	14	15	17	19
0.241	3.085	10	10	2104	210.400	7.367	211.000	200	221	344.800	273.000	15.700	0.429	0.195	0.424	344.793	273.000	15.692	344	273	14	3	1	4
13.376	61.489	555	357	161706	291.362	108.694	258.000	200	974	213.604	283.766	18.674	1.695	0.624	1.668	213.231	283.312	18.946	207	275	14	12	22	13
1.470	10.456	61	52	16553	271.361	65.477	254.000	200	470	104.344	282.836	17.311	0.700	0.266	0.652	104.329	282.890	17.358	103	280	14	4	5	7
23.981	116.889	995	618	295242	296.726	106.737	260.000	200	916	335.338	309.539	20.492	2.238	0.846	2.282	335.470	309.146	20.575	329	297	14	14	29	15
1.880	12.519	78	61	26213	336.064	115.245	306.000	201	664	196.590	339.782	17.064	0.768	0.299	0.768	196.606	339.857	17.200	194	338	14	5	4	8
0.482	4.814	20	20	5024	251.200	41.998	243.000	200	332	223.500	343.900	16.000	0.451	0.206	0.438	223.486	343.871	15.993	223	343	14	2	3	5
22.655	81.429	940	478	314104	334.153	136.762	290.000	200	937	5.069	164.159	22.148	1.812	0.494	1.859	5.024	164.297	22.326	0	154	15	14	18	16
0.506	4.814	21	21	5327	253.667	43.695	242.000	202	348	87.571	187.905	17.238	0.449	0.192	0.417	87.577	187.904	17.248	87	187	15	2	3	5
0.362	3.720	15	15	3307	220.467	16.093	218.000	200	253	149.667	237.467	16.667	0.408	0.168	0.336	149.676	237.454	16.650	149	237	15	3	2	4
56.349	212.435	2338	1266	864868	369.918	195.048	301.000	200	1507	62.222	234.472	26.523	2.871	1.027	2.875	61.580	233.752	27.042	50	217	15	25	37	18
0.458	4.620	19	19	4025	211.842	7.151	212.000	200	222	222.526	248.947	17.158	0.453	0.210	0.425	222.532	248.938	17.157	222	248	15	2	3	5
0.434	4.620	18	18	3995	221.944	23.163	209.000	202	270	310.556	291.778	16.833	0.463	0.229	0.398	310.549	291.791	16.851	310	291	15	2	3	5
0.337	3.720	14	14	3310	236.429	31.238	236.500	202	299	276.786	307.357	16.714	0.374	0.147	0.343	276.783	307.337	16.701	276	307	15	3	2	4
0.410	4.426	17	15	4396	258.588	47.151	253.000	210	367	478.882	347.824	16.588	0.421	0.142	0.363	478.889	347.840	16.578	478	347	15	3	3	4
22.848	98.500	948	539	397554	419.361	246.612	332.000	200	1713	404.073	363.506	24.886	2.112	0.852	1.956	404.563	363.763	24.756	396	355	15	15	20	18
0.506	4.814	21	21	4627	220.333	13.074	219.000	200	245	51.143	19.429	18.381	0.457	0.200	0.388	51.148	19.430	18.370	50	19	16	3	2	5
4.242	24.652	176	132	46429	263.801	43.435	259.500	200	390	91.364	179.455	20.267	1.035	0.377	1.036	91.414	179.462	20.295	86	177	16	11	6	9
1.277	11.144	53	48	12767	240.887	36.111	231.000	201	352	185.566	192.170	18.547	0.725	0.311	0.682	185.581	192.154	18.557	183	190	16	6	6	7
2.940	19.431	122	96	35024	287.082	83.634	267.500	201	626	16.803	198.500	20.090	0.898	0.318	0.878	16.638	198.494	20.222	14	195	16	7	7	9
0.723	6.154	30	27	7473	249.100	40.282	225.000	203	329	439.633	245.767	18.100	0.531	0.196	0.478	439.617	245.741	18.098	438	245	16	4	3	5
0.723	6.084	30	26	6577	219.233	13.853	215.000	202	250	211.867	250.433	17.533	0.493	0.135	0.460	211.864	250.432	17.546	211	249	16	3	4	4
6.869	34.880	285	185	81390	285.579	88.436	251.000	200	602	222.835	262.586	20.916	1.261	0.496	1.182	222.678	262.301	20.748	219	258	16	11	10	12
4.049	24.404	168	121	40934	243.655	35.763	236.000	200	339	223.190	273.744	20.048	1.039	0.384	1.045	223.191	273.754	20.010	220	270	16	7	9	9
0.554	5.201	23	23	6550	284.783	62.044	294.000	203	380	444.391	279.522	18.043	0.514	0.234	0.438	444.418	279.521	18.108	443	279	16	3	3	5
0.482	4.372	20	20	5139	256.950	32.974	264.500	204	303	169.500	317.500	18.000	0.526	0.248	0.428	169.512	317.502	17.953	169	317	16	2	2	5
3.543	22.606	147	113	34308	233.388	31.842	223.000	200	334	410.252	316.170	20.354	1.024	0.419	0.999	410.206	316.021	20.449	408	312	16	6	10	10
0.675	6.418	28	25	7285	260.179	53.729	245.500	203	375	428.571	361.000	18.536	0.533	0.225	0.581	428.570	361.012	18.530	427	360	16	4	3	6
0.410	4.496	17	17	3728	219.294	15.991	213.000	202	255	384.588	365.118	17.647	0.445	0.208	0.365	384.592	365.112	17.651	384	364	16	2	3	5
1.398	10.209	58	47	16615	286.466	75.717	268.000	202	502	24.845	37.224	19.810	0.723	0.302	0.739	24.818	37.203	19.839	23	36	17	4	4	7
21.739	98.666	902	586	350423	388.496	226.272	308.500	200	1932	8.125	180.350	28.503	2.104	0.784	2.006	7.108	180.126	28.969	0	169	17	21	21	16
0.844	6.806	35	31	10103	288.657	69.502	279.000	203	465	506.829	186.171	19.200	0.558	0.225	0.513	506.829	186.196	19.252	506	185	17	3	3	6
0.289	2.821	12	12	3227	268.917	22.468	269.000	233	305	118.500	205.500	18.000	0.344	0.124	0.428	118.492	205.525	18.000	118	205	17	2	2	3
13.207	82.525	548	426	151272	276.044	77.996	249.500	200	659	24.458	206.905	25.976	2.152	0.886	2.081	24.280	206.564	26.133	18	195	17	16	25	16
1.856	12.325	77	62	20821	270.403	69.505	248.000	200	470	292.870	235.455	20.195	0.804	0.338	0.759	292.900	235.473	20.208	291	234	17	4	4	8
0.651	5.766	27	25	6171	228.556	19.490	229.000	201	276	478.259	249.111	18.556	0.490	0.159	0.470	478.255	249.111	18.557	477	248	17	3	4	4
4.459	31.508	185	151	39982	216.119	12.516	213.000	200	251	439.200	264.130	22.292	1.245	0.568	1.161	439.206	264.138	22.284	435	260	17	8	9	14
0.530	5.395	22	20	5241	238.227	31.152	229.500	202	310	238.818	293.818	18.545	0.493	0.189	0.468	238.821	293.813	18.530	238	293	17	3	3	5
2.723	19.324	113	90	31987	283.071	74.490	262.000	200	543	338.265	325.283	21.487	1.063	0.424	1.011	338.337	325.240	21.402	334	323	17	8	6	10
0.386	4.038	16	16	3669	229.312	26.214	221.000	202	282	448.875	342.438	18.375	0.392	0.154	0.345	448.875	342.433	18.375	448	342	17	3	2	4
0.868	6.859	36	31	9367	260.194	44.691	254.000	202	373	263.861	355.167	18.806	0.545	0.187	0.514	263.882	355.196	18.814	263	354	17	3	4	5
1.109	7.511	46	42	14679	319.109	88.720	291.000	200	571	269.978	356.957	19.087	0.619	0.244	0.546	269.945	356.939	19.131	269	356	17	3	3	6
0.988	8.023	41	34	10278	250.683	40.353	241.000	201	344	99.805	135.317	20.610	0.615	0.230	0.613	99.821	135.338	20.629	98	134	18	4	4	6
1.518	10.897	63	50	14335	227.540	20.714	226.000	200	274	87.444	144.746	21.190	0.685	0.252	0.644	87.449	144.745	21.186	85	143	18	6	4	7
0.386	3.914	16	16	3364	210.250	7.188	207.500	204	227	99.438	159.750	19.688	0.405	0.162	0.353	99.435	159.755	19.689	99	159	18	2	3	4
1.109	8.253	46	41	11578	251.696	49.883	229.500	201	386	128.239	160.413	19.413	0.568	0.156	0.598	128.354	160.435	19.424	125	159	18	6	4	4
0.844	7.000	35	31	10002	285.771	69.591	270.000	210	457	7.171	190.143	20.343	0.565	0.234	0.567	7.202	190.165	20.365	6	189	18	3	3	6
1.181	9.169	49	40	13649	278.551	72.977	249.000	203	458	104.347	196.347	20.367	0.645	0.229	0.643	104.355	196.349	20.393	103	195	18	4	4	6
0.916	7.247	38	33	9181	241.605	32.899	233.000	200	329	480.921	225.579	19.842	0.561	0.189	0.526	480.923	225.600	19.864	480	224	18	3	4	5
0.940	8.447	39	35	8627	221.205	16.319	216.000	200	262	483.897	242.436	19.462	0.579	0.234	0.581	483.913	242.449	19.466	481	241	18	7	4	5
0.627	5.907	26	23	6354	244.385	34.823	236.000	204	331	271.808	250.038	19.538	0.495	0.183	0.389	271.797	250.038	19.536	271	249	18	3	3	5
0.795	6.912	33	31	7462	226.121	15.060	224.000	200	253	447.818	268.091	19.242	0.497	0.153	0.530	447.804	268.087	19.239	447	266	18	3	5	4
5.013	24.897	208	132	66662	320.490	119.064	276.500	200	688	340.928	267.260	23.322	1.154	0.452	1.094	340.948	267.161	23.632	339	264	18	5	8	12
0.795	6.542	33	30	9561	289.727	71.462	270.000	203	489	462.091	274.970	19.818	0.519	0.192	0.487	462.113	274.971	19.782	461	274	18	3	3	5
1.687	13.665	70	61	20127	287.529	79.172	285.000	200	526	64.243	277.014	21.557	0.856	0.372	0.824	64.142	276.962	21.441	62	275	18	6	5	8
0.964	8.253	40	36	8635	215.875	11.874	212.500	200	242	343.300	279.275	19.550	0.553	0.172	0.594	343.304	279.289	19.549	341	277	18	5	5	4
0.675	5.766	28	25	6956	248.429	36.251	240.000	201	328	469.929	287.857	20.214	0.484	0.173	0.439	469.897	287.828	20.266	469	287	18	3	3	5
1.832	11.656	76	60	22090	290.658	74.375	276.000	201	483	181.132	306.355	20.934	0.692	0.196	0.736	181.146	306.391	20.913	180	303	18	4	7	6
0.554	4.814	23	23	5747	249.870	35.616	239.000	200	325	189.087	336.478	19.739	0.467	0.193	0.416	189.111	336.476	19.745	188	336	18	3	2	5
2.121	15.146	88	76	23851	271.034	62.209	257.500	200	472	270.318	349.523	21.568	0.896	0.371	0.849	270.209	349.499	21.577	268	348	18	7	4	9
1.880	11.338	78	57	24271	311.167	101.428	282.000	200	580	341.641	364.154	20.449	0.718	0.208	0.694	341.686	364.194	20.455	340	362	18	4	5	6
0.940	7.635	39	33	9689	248.436	39.094	242.000	203	338	32.718	67.897	21.462	0.582	0.209	0.627	32.725	67.878	21.474	31	67	19	4	3	6
1.181	8.340	49	42	13515	275.816	63.792	262.000	200	469	71.837	117.857	21.245	0.626	0.234	0.585	71.847	117.843	21.231	70	117	19	4	3	6
3.205	17.121	133	93	43355	325.977	129.575	283.000	200	717	115.707	174.677	22.624	0.921	0.306	0.864	115.833	174.640	22.759	113	173	19	6	5	8
1.012	7.317	42	38	13032	310.286	79.153	297.000	211	529	173.000	175.000	21.500	0.586	0.230	0.636	173.032	175.013	21.519	172	174	19	3	3	6
12.364	66.002	513	342	118022	230.062	30.657	219.000	200	405	60.856	185.770	24.339	1.770	0.750	1.630	60.863	185.792	24.443	54	175	19	15	20	14
0.868	8.253	36	34	7621	211.694	8.867	211.000	200	234	73.556	186.361	21.778	0.587	0.253	0.520	73.563	186.367	21.795	71	184	19	5	5	6
0.458	5.131	19	18	4411	232.158	24.638	229.000	200	285	186.263	198.053	21.000	0.463	0.201	0.431	186.252	198.052	21.018	185	197	19	3	3	5
0.289	3.209	12	12	2818	234.833	29.501	228.500	200	288	149.500	268.667	20.500	0.378	0.168	0.284	149.528	268.694	20.489	149	268	19	2	2	4
3.736	26.060	155	126	34939	225.413	21.404	221.000	200	283	305.729	272.800	27.168	1.347	0.706	1.236	305.732	272.794	27.227	303	271	19	7	5	14
6.724	36.569	279	193	87101	312.190	132.124	269.000	200	919	244.258	300.624	25.437	1.453	0.643	1.362	244.486	300.835	25.107	240	296	19	9	9	14
6.700	32.885	278	174	82115	295.378	87.280	268.500	200	590	259.730	345.601	25.924	1.299	0.533	1.217	259.765	345.544	25.993	257	342	19	7	9	14
0.241	3.209	10	10	2340	234.000	35.503	219.500	201	304	287.300	353.100	20.700	0.361	0.163	0.316	287.286	353.089	20.724	287	352	19	2	3	4
0.940	7.247	39	33	10084	258.564	47.183	245.000	201	370	335.487	357.205	20.923	0.563	0.186	0.530	335.458	357.222	20.933	334	356	19	4	3	5
1.157	8.728	48	40	15171	316.062	99.668	293.500	201	594	315.229	361.854	21.354	0.642	0.239	0.621	315.226	361.842	21.357	314	360	19	4	4	6
0.362	4.232	15	13	3723	248.200	41.681	233.000	207	344	181.133	189.133	21.267	0.399	0.130	0.360	181.144	189.117	21.271	180	188	20	3	3	4
1.639	12.043	68	58	15651	230.162	24.212	226.500	200	297	99.618	200.471	22.794	0.697	0.245	0.706	99.618	200.436	22.816	97	197	20	5	7	7
0.771	6.224	32	29	8491	265.344	56.400	247.000	200	402	192.188	214.781	21.906	0.536	0.205	0.500	192.206	214.759	21.932	191	214	20	3	3	5
1.012	7.829	42	36	10222	243.381	31.882	237.500	201	328	109.810	220.143	22.548	0.607	0.241	0.621	109.838	220.158	22.547	108	219	20	4	3	6
0.651	5.519	27	26	6902	255.630	36.425	242.000	212	332	35.556	221.852	22.000	0.521	0.211	0.465	35.567	221.820	21.994	35	221	20	3	3	5
0.241	2.821	10	10	2223	222.300	17.645	221.000	200	254	246.600	242.600	21.500	0.332	0.143	0.265	246.615	242.614	21.485	246	242	20	2	2	4
0.386	4.038	16	16	3477	217.312	17.312	211.000	200	247	164.500	250.125	21.625	0.392	0.154	0.344	164.504	250.122	21.605	164	249	20	2	3	4
0.265	3.527	11	10	2472	224.727	20.190	219.000	201	264	312.091	262.818	21.273	0.381	0.144	0.332	312.082	262.809	21.261	311	262	20	3	3	4
1.326	9.363	55	44	15157	275.582	58.906	256.000	200	424	374.200	263.436	22.273	0.658	0.239	0.638	374.158	263.432	22.335	373	262	20	4	4	6
0.265	2.821	11	11	2578	234.364	14.424	233.000	209	257	126.455	263.455	21.091	0.334	0.126	0.396	126.440	263.456	21.110	126	263	20	2	2	3
1.928	11.973	80	60	17978	224.725	14.899	223.000	201	254	397.950	264.450	22.362	0.710	0.189	0.694	397.948	264.450	22.345	396	263	20	5	5	6
2.145	13.789	89	64	23529	264.371	54.135	244.000	200	408	91.708	266.831	23.517	0.788	0.251	0.731	91.749	266.883	23.551	89	265	20	6	5	8
0.554	5.255	23	20	6436	279.826	61.822	263.000	200	448	356.913	281.174	21.957	0.440	0.151	0.459	356.928	281.161	21.961	356	280	20	3	3	5
1.109	8.464	46	38	12146	264.043	61.845	245.500	200	412	203.717	284.196	22.087	0.617	0.220	0.553	203.697	284.192	22.124	202	283	20	4	4	6
0.265	3.015	11	11	2419	219.909	18.305	218.000	201	254	345.545	288.636	21.364	0.354	0.157	0.297	345.560	288.651	21.373	345	288	20	2	2	4
1.253	9.433	52	42	14059	270.365	54.659	267.500	201	430	334.096	292.346	22.885	0.648	0.241	0.572	334.069	292.314	22.846	333	291	20	4	4	7
0.482	5.007	20	18	5091	254.550	45.849	242.500	206	366	467.850	305.750	22.050	0.458	0.178	0.458	467.845	305.748	22.053	467	305	20	3	3	5
0.265	3.527	11	10	2487	226.091	28.048	217.000	204	283	345.000	309.091	21.455	0.357	0.125	0.317	345.003	309.087	21.435	344	308	20	3	3	4
0.651	5.907	27	24	7557	279.889	62.713	262.000	200	452	402.296	324.074	22.000	0.506	0.196	0.482	402.274	324.058	22.015	401	323	20	3	3	5
2.025	13.013	84	65	26190	311.786	100.153	281.500	200	620	221.821	331.036	22.667	0.792	0.272	0.730	221.831	331.039	22.683	220	329	20	5	5	7
0.241	2.627	10	10	2229	222.900	14.533	219.500	202	249	315.500	339.600	21.200	0.320	0.121	0.350	315.493	339.617	21.197	315	339	20	2	2	3
0.868	7.317	36	30	11489	319.139	92.108	300.500	206	543	435.056	348.667	22.500	0.567	0.212	0.608	435.073	348.657	22.519	434	347	20	3	4	6
0.362	3.720	15	15	3799	253.267	40.861	242.000	205	340	447.333	355.533	21.267	0.402	0.170	0.356	447.317	355.566	21.269	446	355	20	3	2	4
2.290	18.672	95	88	21441	225.695	21.807	219.000	200	299	56.558	142.516	27.316	1.414	0.595	1.441	56.603	142.491	27.234	53	140	21	8	6	12
0.434	4.426	18	17	4315	239.722	28.263	232.500	201	297	56.278	165.333	22.389	0.433	0.157	0.371	56.278	165.334	22.396	55	164	21	3	3	4
0.627	5.907	26	23	6395	245.962	42.448	234.000	200	362	132.038	168.038	23.346	0.498	0.177	0.445	132.055	168.060	23.380	131	167	21	3	3	5
1.277	8.922	53	44	14801	279.264	62.949	265.000	202	444	163.321	173.057	23.906	0.636	0.240	0.568	163.321	173.049	23.958	162	172	21	4	3	7
0.892	7.177	37	32	9882	267.081	54.497	256.000	200	398	125.703	189.216	23.541	0.544	0.172	0.587	125.685	189.178	23.535	125	187	21	3	5	5
0.916	7.635	38	30	11591	305.026	83.811	282.000	201	528	185.789	220.237	23.605	0.570	0.185	0.580	185.778	220.234	23.657	184	219	21	4	4	6
2.699	18.074	112	86	30747	274.527	60.949	261.000	200	438	29.866	227.509	24.089	0.884	0.284	0.864	29.743	227.490	24.133	27	225	21	8	6	7
0.313	3.262	13	13	2808	216.000	10.939	212.000	201	237	474.462	240.077	21.769	0.334	0.108	0.322	474.456	240.084	21.765	474	239	21	2	3	3
0.699	5.907	29	26	7499	258.586	45.729	249.000	203	361	467.655	241.862	23.000	0.531	0.208	0.489	467.635	241.844	22.973	467	241	21	3	3	5
0.627	5.255	26	24	6500	250.000	35.103	239.500	203	331	85.962	264.269	22.692	0.470	0.151	0.420	85.923	264.276	22.685	85	263	21	3	3	4
0.578	5.325	24	22	6179	257.458	49.918	247.000	200	375	216.375	273.000	23.042	0.472	0.181	0.467	216.378	273.027	23.079	215	272	21	3	3	5
8.676	49.761	360	268	104543	290.397	102.851	258.000	200	843	105.722	274.428	27.550	1.410	0.514	1.403	105.335	274.194	27.842	100	269	21	12	12	12
0.723	7.441	30	29	7475	249.167	32.040	246.000	201	330	509.033	281.367	24.333	0.939	0.383	1.001	509.024	281.364	24.333	508	279	21	3	5	8
0.747	6.348	31	26	8457	272.806	60.115	272.000	207	410	348.032	282.387	23.355	0.519	0.164	0.512	348.035	282.398	23.380	347	281	21	3	4	5
2.603	17.104	108	81	29498	273.130	66.720	252.000	200	487	109.546	286.398	24.324	0.816	0.241	0.797	109.445	286.396	24.304	107	283	21	7	7	7
0.940	7.511	39	33	10660	273.333	62.418	256.000	200	434	310.282	293.103	23.205	0.588	0.217	0.549	310.299	293.115	23.181	309	292	21	4	3	6
0.795	7.564	33	28	8225	249.242	38.664	234.000	200	345	144.606	310.545	23.636	0.564	0.223	0.555	144.611	310.549	23.585	143	309	21	4	4	6
0.892	6.929	37	34	10199	275.649	63.574	259.000	200	458	498.000	318.054	22.973	0.551	0.203	0.511	497.990	318.093	23.008	497	317	21	3	3	5
0.771	6.418	32	29	8472	264.750	49.944	254.500	202	401	30.000	80.750	23.750	0.541	0.204	0.551	30.012	80.742	23.756	29	80	22	3	3	5
27.933	113.429	1159	652	267789	231.052	28.418	225.000	200	471	32.198	108.649	28.170	2.018	0.615	2.009	32.247	108.519	28.164	19	99	22	27	19	11
0.988	8.006	41	34	11430	278.780	59.567	274.000	202	416	3.195	146.805	24.146	0.568	0.175	0.540	3.208	146.843	24.143	1	145	22	5	4	5
2.699	15.904	112	80	42371	378.312	149.379	343.000	201	891	82.571	165.571	25.259	0.841	0.271	0.794	82.647	165.620	25.361	80	164	22	6	5	8
1.422	11.549	59	49	16586	281.119	73.737	251.000	202	475	134.576	183.661	26.390	0.767	0.360	0.665	134.669	183.635	26.515	131	182	22	6	4	9
0.241	3.209	10	10	2283	228.300	25.600	222.000	205	273	113.000	184.800	23.300	0.365	0.166	0.308	113.000	184.798	23.310	112	184	22	3	2	4
1.157	8.728	48	39	15092	314.417	91.338	293.000	200	582	115.979	218.979	24.875	0.621	0.229	0.562	115.967	218.959	24.880	114	218	22	5	3	7
0.458	4.355	19	18	4292	225.895	22.427	215.000	201	282	88.579	222.105	23.316	0.415	0.142	0.376	88.596	222.119	23.313	88	221	22	3	3	4
0.506	5.519	21	20	4915	234.048	22.444	231.000	203	278	87.190	228.286	24.857	0.524	0.268	0.488	87.201	228.308	24.866	86	227	22	3	3	6
0.603	5.713	25	22	6503	260.120	42.253	251.000	204	343	169.120	236.240	23.840	0.506	0.202	0.471	169.166	236.269	23.755	168	235	22	3	3	5
2.049	14.882	85	69	20810	244.824	40.889	233.000	200	373	177.341	238.518	24.988	0.794	0.282	0.802	177.311	238.456	24.989	176	236	22	5	6	7
3.326	19.060	138	94	36055	261.268	60.592	243.000	200	440	393.645	244.761	26.319	1.008	0.393	0.953	393.666	244.824	26.250	391	243	22	6	5	10
0.362	4.232	15	13	3494	232.933	25.223	225.000	203	298	225.867	249.867	23.733	0.399	0.130	0.360	225.871	249.880	23.745	225	249	22	3	3	4
0.337	4.038	14	13	3385	241.786	36.529	230.000	201	326	122.143	251.214	23.929	0.395	0.145	0.413	122.139	251.211	23.938	121	250	22	3	3	4
1.157	10.546	48	45	10492	218.583	15.423	214.000	200	267	470.688	252.917	24.562	0.806	0.303	0.787	470.652	252.966	24.526	468	249	22	6	8	6
0.603	6.171	25	25	5853	234.120	22.753	233.000	201	281	244.640	275.760	25.000	0.574	0.290	0.462	244.635	275.756	24.982	244	275	22	3	3	7
0.337	3.720	14	14	3392	242.286	32.632	239.000	200	302	206.143	292.571	23.500	0.380	0.151	0.322	206.160	292.575	23.531	205	292	22	3	2	4
0.603	5.325	25	23	6791	271.640	53.537	256.000	204	381	447.080	297.600	23.720	0.484	0.178	0.448	447.110	297.579	23.733	446	297	22	3	3	5
2.820	18.883	117	100	34002	290.615	83.968	274.000	201	612	496.932	324.171	27.538	1.122	0.523	1.038	496.880	324.122	27.695	495	323	22	6	4	11
6.507	33.678	270	184	84968	314.696	95.072	289.500	200	633	236.322	339.285	27.789	1.283	0.475	1.217	236.346	339.290	27.821	231	336	22	11	8	11
3.446	18.672	143	96	53320	372.867	157.684	322.000	200	839	74.021	104.364	27.427	0.980	0.381	0.855	73.963	104.350	27.575	72	102	23	5	6	10
1.205	9.239	50	42	12797	255.940	46.505	247.000	200	381	64.280	117.140	25.720	0.640	0.261	0.575	64.254	117.152	25.719	63	116	23	4	4	7
0.337	4.038	14	13	3074	219.571	16.166	213.500	201	253	96.786	148.000	24.286	0.418	0.161	0.340	96.778	147.993	24.277	96	147	23	3	3	4
1.060	10.439	44	42	9286	211.045	8.718	210.500	200	233	62.136	165.273	26.568	0.846	0.406	0.811	62.102	165.259	26.603	59	163	23	7	5	8
1.639	11.161	68	51	23161	340.603	126.404	307.000	200	688	141.779	171.721	26.044	0.726	0.268	0.606	141.764	171.767	26.172	140	170	23	5	4	7
0.386	4.038	16	16	3820	238.750	27.514	230.500	200	294	168.562	184.188	24.438	0.397	0.156	0.344	168.587	184.200	24.449	168	183	23	2	3	4
1.157	10.880	48	42	10250	213.542	14.332	208.500	200	250	36.500	200.208	24.917	0.642	0.224	0.598	36.512	200.167	24.910	35	198	23	4	7	5
0.265	3.279	11	11	2362	214.727	9.188	215.000	200	226	83.636	225.273	24.636	0.412	0.184	0.320	83.635	225.260	24.646	83	225	23	2	2	4
2.964	18.815	123	93	32639	265.358	64.802	244.000	201	509	183.878	229.041	26.504	0.906	0.329	0.828	183.953	228.807	26.650	180	225	23	7	8	8
0.675	5.836	28	25	8138	290.643	64.213	274.500	207	468	206.821	235.071	25.143	0.504	0.192	0.474	206.821	235.066	25.147	206	234	23	3	3	5
0.386	4.426	16	14	3670	229.375	28.853	219.500	201	301	119.062	272.125	24.375	0.424	0.147	0.356	119.053	272.131	24.369	118	271	23	3	3	4
1.663	11.232	69	53	22891	331.754	112.348	301.000	205	639	443.536	291.232	25.797	0.737	0.282	0.668	443.503	291.258	25.745	442	290	23	4	4	7
0.482	6.101	20	19	4495	224.750	25.329	216.000	200	291	485.600	295.250	25.950	0.715	0.335	0.789	485.584	295.253	25.962	484	294	23	4	3	7
0.627	5.642	26	23	6930	266.538	59.920	246.500	201	427	459.846	297.154	25.000	0.476	0.177	0.486	459.848	297.158	25.002	459	296	23	3	3	5
0.458	5.007	19	17	4732	249.053	40.742	247.000	200	348	505.789	318.789	24.947	0.481	0.211	0.458	505.795	318.776	24.941	505	318	23	3	3	5
1.350	11.920	56	52	14138	252.464	45.916	239.000	201	385	209.714	338.304	27.500	0.846	0.438	0.742	209.590	338.326	27.602	207	337	23	7	4	9
0.410	4.673	17	16	3685	216.765	12.127	218.000	202	247	324.706	369.824	24.824	0.444	0.188	0.462	324.707	369.831	24.814	324	369	23	3	3	5
2.458	14.884	102	74	21589	211.657	8.775	210.000	200	234	17.235	36.088	26.000	0.766	0.191	0.758	17.230	36.073	26.008	15	33	24	6	8	6
0.434	5.378	18	17	3837	213.167	12.784	208.500	200	244	75.278	121.167	25.667	0.524	0.198	0.503	75.266	121.167	25.648	73	120	24	6	3	4
3.880	20.013	161	108	76097	472.652	292.205	337.000	200	1462	116.211	162.950	28.373	1.040	0.371	1.061	116.020	163.011	28.893	114	161	24	7	5	9
1.904	12.043	79	59	22148	280.354	70.119	257.000	201	464	169.709	228.241	26.759	0.732	0.219	0.676	169.652	228.161	26.712	168	226	24	5	5	7
8.122	47.364	337	248	95953	284.727	86.118	255.000	200	626	41.908	223.362	29.329	1.455	0.589	1.429	41.894	223.613	29.399	37	213	24	11	18	9
0.940	7.371	39	35	12121	310.795	84.478	285.000	207	541	32.256	237.026	26.000	0.571	0.210	0.501	32.251	237.043	25.995	31	236	24	4	3	5
11.424	56.169	474	332	126510	266.899	72.926	244.500	200	715	327.230	262.732	29.871	1.660	0.680	1.605	327.276	262.553	30.098	321	254	24	13	22	9
5.375	27.807	223	154	98723	442.704	273.513	346.000	200	1393	230.717	271.004	28.076	1.114	0.384	1.104	230.543	270.763	28.681	227	267	24	9	9	9
0.603	5.836	25	21	6786	271.440	59.979	260.000	205	415	129.520	303.000	26.200	0.484	0.168	0.419	129.495	303.010	26.257	128	302	24	4	3	5
0.313	3.209	13	13	3413	262.538	25.605	259.000	214	296	139.462	303.462	25.154	0.378	0.164	0.374	139.469	303.459	25.122	139	303	24	2	2	4
3.543	18.849	147	96	52702	358.517	137.618	320.000	201	849	226.986	339.762	28.517	0.959	0.326	0.868	226.960	339.897	28.709	225	337	24	5	7	9
0.313	3.774	13	13	2947	226.692	17.313	223.000	209	262	309.692	341.385	25.462	0.398	0.177	0.312	309.698	341.379	25.450	308	341	24	4	2	4
1.856	13.789	77	64	19340	251.169	42.577	237.000	201	384	406.000	355.078	28.584	0.899	0.407	0.808	406.006	355.016	28.674	404	353	24	5	5	9
1.109	7.705	46	42	13350	290.217	67.004	273.000	200	484	33.022	53.043	27.500	0.628	0.255	0.638	33.002	53.075	27.426	32	52	25	3	3	6
1.301	9.680	54	44	16453	304.685	93.895	280.500	203	561	1.889	116.556	27.907	0.653	0.229	0.575	1.886	116.574	27.967	0	115	25	4	4	7
0.313	3.985	13	13	2967	228.231	29.522	211.000	200	289	118.692	167.000	26.692	0.429	0.219	0.375	118.693	167.002	26.720	118	166	25	2	3	5
0.362	3.580	15	15	3220	214.667	15.258	208.000	200	244	484.600	228.000	25.667	0.347	0.105	0.318	484.600	227.992	25.666	484	227	25	3	3	3
0.578	5.325	24	22	6057	252.375	40.771	244.000	200	351	244.042	231.667	26.958	0.474	0.182	0.468	244.009	231.660	26.982	243	231	25	3	3	5
0.554	5.255	23	19	5334	231.913	28.609	221.000	200	294	136.565	238.087	26.304	0.454	0.125	0.408	136.552	238.102	26.322	135	237	25	4	3	4
0.627	5.766	26	24	6407	246.423	41.631	234.500	200	340	484.385	239.846	26.500	0.491	0.183	0.423	484.390	239.812	26.553	483	239	25	4	3	5
2.482	14.688	103	75	40420	392.427	171.269	342.000	201	902	28.126	245.786	28.641	0.834	0.289	0.774	28.157	245.794	28.646	26	244	25	5	5	8
0.651	6.030	27	23	7724	286.074	69.402	269.000	202	448	30.519	255.037	26.852	0.504	0.174	0.466	30.507	255.031	26.846	29	254	25	4	3	5
1.085	8.023	45	39	13269	294.867	79.607	277.000	201	520	336.133	261.022	27.556	0.608	0.226	0.630	336.152	261.028	27.573	335	260	25	4	3	6
0.313	3.209	13	13	3254	250.308	29.056	243.000	201	296	28.538	262.538	26.846	0.378	0.164	0.374	28.558	262.538	26.853	28	262	25	2	2	4
0.554	5.589	23	20	5993	260.565	46.762	250.000	204	380	404.217	264.174	27.087	0.498	0.198	0.469	404.214	264.180	27.072	403	263	25	3	3	5
2.193	13.929	91	66	37188	408.659	199.145	348.000	200	1029	160.648	271.143	28.275	0.830	0.310	0.761	160.677	271.130	28.374	159	269	25	5	5	8
0.458	4.232	19	19	5129	269.947	52.885	276.000	201	359	380.263	366.526	26.526	0.432	0.166	0.387	380.303	366.536	26.461	379	366	25	3	2	4
0.868	6.736	36	32	10249	284.694	70.811	270.000	200	468	5.250	44.861	27.806	0.559	0.203	0.542	5.261	44.852	27.812	4	44	26	4	3	5
1.133	8.534	47	40	12608	268.255	60.118	254.000	201	426	1.617	82.915	28.851	0.608	0.227	0.547	1.626	82.913	28.812	0	82	26	4	3	7
0.771	6.348	32	28	8662	270.688	53.772	252.500	205	392	14.188	107.688	27.969	0.535	0.190	0.494	14.205	107.659	27.978	13	106	26	3	4	5
0.819	7.194	34	28	8983	264.206	56.014	245.000	201	400	111.500	169.000	28.412	0.576	0.218	0.617	111.505	169.016	28.442	110	168	26	4	3	6
0.386	3.844	16	16	3633	227.062	21.579	221.500	202	273	177.062	226.438	27.500	0.380	0.144	0.340	177.038	226.424	27.512	176	226	26	3	2	4
2.073	11.813	86	70	35087	407.988	186.161	351.000	200	970	96.500	228.140	29.000	0.815	0.299	0.839	96.466	228.090	29.207	95	227	26	4	4	7
0.410	4.038	17	17	4108	241.647	33.880	230.000	202	311	181.824	243.471	27.294	0.402	0.158	0.362	181.819	243.459	27.283	181	243	26	3	2	4
0.434	4.743	18	16	4071	226.167	23.390	216.500	200	277	181.722	250.889	27.556	0.425	0.139	0.360	181.733	250.895	27.557	180	250	26	4	3	4
0.313	3.914	13	11	3106	238.923	34.272	225.000	205	314	73.923	253.000	27.615	0.391	0.129	0.346	73.922	253.003	27.634	73	252	26	3	3	4
2.000	11.813	83	65	31539	379.988	160.142	324.000	202	830	461.578	255.759	29.048	0.790	0.289	0.828	461.545	255.810	29.207	460	254	26	4	4	7
3.615	18.146	150	100	47073	313.820	99.367	287.500	201	666	155.100	255.640	30.147	0.890	0.215	0.856	154.993	255.693	30.351	152	252	26	7	8	7
0.241	2.627	10	10	2322	232.200	22.572	234.500	205	267	71.500	279.600	27.200	0.320	0.121	0.350	71.475	279.596	27.216	71	279	26	2	2	3
0.747	7.317	31	31	7455	240.484	30.200	235.000	200	315	135.710	298.323	29.581	0.671	0.326	0.626	135.693	298.299	29.598	134	297	26	4	3	7
2.868	17.068	119	92	49735	417.941	217.383	345.000	201	1122	499.059	301.218	28.857	0.880	0.282	0.885	498.856	301.217	29.025	496	300	26	9	4	7
0.675	6.101	28	25	7572	270.429	58.863	254.000	208	428	291.000	302.250	27.786	0.515	0.194	0.509	290.986	302.246	27.819	290	301	26	3	3	5
1.181	9.169	49	40	11671	238.184	30.154	230.000	200	307	77.918	117.653	28.980	0.644	0.223	0.575	77.933	117.650	28.958	76	116	27	5	4	6
0.289	2.821	12	12	2793	232.750	20.118	230.000	204	272	140.500	236.500	28.000	0.344	0.124	0.428	140.481	236.470	28.006	140	236	27	2	2	3
0.651	5.960	27	24	6689	247.741	34.669	239.000	205	328	173.741	254.741	28.630	0.502	0.177	0.450	173.727	254.755	28.628	173	253	27	3	4	5
0.699	5.977	29	29	6844	236.000	29.321	234.000	203	295	379.759	255.517	29.448	0.593	0.288	0.607	379.739	255.512	29.447	379	255	27	3	2	6
5.278	28.888	219	166	53713	245.265	45.846	229.000	200	438	313.233	261.237	30.589	1.112	0.400	1.063	313.103	261.234	30.664	308	257	27	14	11	6
0.410	4.620	17	17	3695	217.353	12.860	213.000	201	240	113.353	269.176	29.471	0.526	0.282	0.582	113.349	269.191	29.487	113	268	27	2	3	6
0.241	2.821	10	10	2204	220.400	14.416	218.500	203	245	330.600	268.400	28.000	0.326	0.129	0.415	330.619	268.401	27.989	330	268	27	2	2	3
0.747	6.542	31	26	9238	298.000	68.980	280.000	208	468	491.613	309.871	28.903	0.529	0.185	0.491	491.603	309.879	28.919	490	309	27	4	3	5
1.952	12.378	81	61	37052	457.432	255.709	354.000	201	1209	193.753	316.852	30.000	0.741	0.213	0.682	193.842	316.886	30.278	192	315	27	5	5	6
0.386	4.973	16	16	3301	206.312	4.498	205.000	200	215	315.625	318.062	28.000	0.486	0.236	0.451	315.630	318.066	28.000	313	316	27	6	5	3
0.362	4.232	15	13	3565	237.667	37.372	225.000	201	314	306.800	352.067	28.467	0.409	0.137	0.350	306.778	352.068	28.482	306	351	27	3	3	4
0.530	4.937	22	21	5241	238.227	32.498	228.000	200	312	12.000	13.591	30.091	0.449	0.168	0.445	11.991	13.593	30.080	11	13	28	3	3	5
0.386	4.038	16	16	3724	232.750	23.041	229.000	200	275	56.438	102.625	29.250	0.403	0.165	0.371	56.443	102.637	29.227	55	102	28	3	3	4
2.796	16.171	116	86	38077	328.250	136.237	284.000	201	849	101.147	144.353	30.509	0.817	0.208	0.842	101.356	144.559	30.708	98	141	28	7	8	5
1.181	7.758	49	43	18950	386.735	143.063	359.000	200	776	51.939	206.367	30.245	0.599	0.190	0.575	51.965	206.311	30.436	51	205	28	3	4	5
0.699	7.300	29	28	7104	244.966	40.987	233.000	200	361	500.276	239.897	29.759	0.525	0.212	0.489	500.229	239.855	29.809	499	238	28	4	5	5
0.723	6.101	30	27	9269	308.967	79.166	283.000	203	511	11.300	244.000	30.333	0.530	0.196	0.581	11.296	244.016	30.381	10	243	28	3	3	5
0.651	6.030	27	27	5828	215.852	10.816	215.000	200	242	299.333	268.370	30.037	0.533	0.237	0.447	299.337	268.369	30.066	298	267	28	4	3	5
1.157	8.975	48	40	12281	255.854	43.212	250.000	201	363	233.583	299.375	30.417	0.624	0.200	0.643	233.569	299.330	30.498	231	298	28	5	4	5
2.482	13.243	103	72	40853	396.631	220.077	319.000	200	1241	348.796	324.350	30.282	0.751	0.137	0.750	348.772	324.312	30.646	347	321	28	5	7	5
1.301	8.781	54	43	20165	373.426	147.516	330.500	201	731	153.630	332.352	30.352	0.624	0.174	0.645	153.672	332.344	30.487	152	331	28	4	4	5
1.398	9.293	58	50	20140	347.241	137.813	303.000	202	709	344.052	332.448	30.155	0.635	0.190	0.595	344.075	332.401	30.316	342	331	28	5	4	5
0.675	5.960	28	27	7255	259.107	43.164	256.500	206	344	499.571	336.679	30.250	0.522	0.218	0.505	499.567	336.640	30.289	498	336	28	4	3	5
0.289	3.527	12	12	2880	240.000	32.173	228.500	204	298	421.000	338.583	29.417	0.386	0.164	0.323	420.987	338.597	29.403	420	338	28	3	2	4
1.952	11.127	81	63	29861	368.654	168.040	314.000	200	948	333.099	360.901	30.444	0.691	0.154	0.665	333.041	360.900	30.739	331	359	28	5	5	5
0.530	4.990	22	21	5799	263.591	56.623	243.500	201	383	30.864	191.409	31.091	0.431	0.141	0.440	30.826	191.402	31.152	30	190	29	3	4	4
0.723	5.766	30	28	7999	266.633	54.993	267.500	204	411	41.067	203.067	30.667	0.482	0.147	0.438	41.075	203.048	30.725	40	202	29	3	3	4
0.819	6.384	34	31	13032	383.294	164.934	334.000	201	860	54.353	215.000	31.118	0.476	0.121	0.481	54.321	214.982	31.266	53	213	29	4	5	4
0.386	4.232	16	15	3815	238.438	30.930	231.500	204	300	166.688	240.812	30.625	0.408	0.147	0.360	166.689	240.826	30.643	166	240	29	3	3	4
0.458	4.549	19	18	4687	246.684	42.973	230.000	201	335	48.368	242.000	30.895	0.428	0.155	0.438	48.364	241.988	30.926	47	241	29	3	3	4
0.819	6.772	34	30	8426	247.824	39.195	239.500	202	345	127.118	256.000	31.059	0.499	0.141	0.489	127.150	256.001	31.136	125	255	29	5	4	4
0.458	4.549	19	19	4045	212.895	10.456	208.000	200	230	443.474	258.684	30.421	0.424	0.159	0.389	443.474	258.679	30.414	443	257	29	2	4	4
1.759	10.882	73	63	17150	234.932	24.205	231.000	202	306	292.575	262.753	31.164	0.634	0.163	0.628	292.549	262.751	31.208	288	261	29	8	5	4
0.675	5.766	28	24	8554	305.500	83.966	284.000	206	494	97.929	266.393	30.893	0.471	0.128	0.461	97.920	266.421	31.018	97	265	29	3	4	4
0.482	4.232	20	20	4866	243.300	38.613	227.500	201	317	502.500	315.000	30.800	0.418	0.158	0.418	502.509	315.016	30.812	502	314	29	2	3	4
0.578	4.867	24	22	7112	296.333	75.104	288.500	206	474	440.083	316.833	30.958	0.431	0.124	0.460	440.080	316.777	31.066	439	316	29	3	3	4
1.277	8.182	53	44	25044	472.528	250.166	376.000	202	1229	143.660	323.264	30.755	0.578	0.120	0.550	143.652	323.218	30.996	142	321	29	4	5	4
0.482	4.549	20	19	5560	278.000	43.523	284.000	201	334	301.400	325.750	30.450	0.442	0.158	0.390	301.414	325.683	30.485	300	325	29	3	3	4
0.337	3.403	14	14	3665	261.786	30.489	265.500	203	299	477.500	331.571	30.714	0.404	0.176	0.336	477.501	331.580	30.798	477	331	29	2	2	4
0.386	3.597	16	16	4041	252.562	27.043	253.000	216	290	320.500	333.500	30.500	0.437	0.180	0.437	320.474	333.500	30.569	320	333	29	2	2	4
0.265	3.527	11	10	2571	233.727	27.782	228.000	203	285	386.000	349.091	30.455	0.357	0.125	0.317	385.979	349.098	30.475	385	348	29	3	3	4
0.241	2.821	10	10	2231	223.100	16.509	222.000	201	252	301.400	351.500	30.500	0.332	0.145	0.275	301.389	351.505	30.490	301	351	29	2	2	4
0.819	6.401	34	30	12028	353.765	133.971	330.500	202	681	422.794	365.794	30.853	0.505	0.134	0.489	422.809	365.758	30.975	421	364	29	4	4	4
0.603	4.920	25	23	6606	264.240	47.640	260.000	205	392	14.840	28.200	31.160	0.431	0.096	0.445	14.848	28.190	31.228	14	27	30	3	4	3
1.277	8.660	53	45	13084	246.868	41.560	235.000	200	364	13.151	114.943	31.245	0.570	0.134	0.567	13.098	114.966	31.313	11	113	30	6	5	3
1.301	9.014	54	51	12669	234.611	26.565	232.000	200	289	67.611	117.167	31.481	0.549	0.162	0.579	67.615	117.166	31.512	64	115	30	7	6	3
1.181	10.635	49	48	10703	218.429	14.543	213.000	200	260	59.184	151.367	31.531	0.721	0.296	0.738	59.197	151.373	31.543	55	147	30	9	9	3
1.060	7.513	44	39	11449	260.205	53.755	248.500	201	421	76.795	152.227	31.273	0.525	0.127	0.535	76.753	152.224	31.335	74	150	30	6	5	3
0.651	5.238	27	25	7617	282.111	74.996	267.000	200	484	51.333	181.000	31.148	0.441	0.095	0.447	51.348	181.005	31.254	50	180	30	4	3	3
0.844	5.996	35	32	12491	356.886	147.269	306.000	205	778	507.400	276.800	31.171	0.469	0.090	0.474	507.368	276.843	31.325	506	275	30	4	4	3
0.651	5.485	27	24	7760	287.407	78.966	254.000	207	458	500.481	319.370	31.333	0.437	0.090	0.446	500.497	319.377	31.413	499	318	30	4	4	3
0.458	4.215	19	18	4742	249.579	37.652	242.000	206	335	362.053	325.842	31.316	0.386	0.097	0.367	362.040	325.823	31.355	361	325	30	3	3	3
0.747	5.732	31	27	8879	286.419	82.636	263.000	201	495	324.548	359.548	31.355	0.454	0.086	0.454	324.617	359.554	31.422	323	358	30	4	4	3
0.675	6.280	28	28	6289	224.607	18.017	218.000	200	267	37.536	81.429	31.750	0.464	0.174	0.421	37.540	81.464	31.762	36	78	31	4	7	2
0.241	2.681	10	10	2639	263.900	43.753	258.500	217	354	50.300	211.700	31.600	0.290	0.058	0.296	50.272	211.689	31.637	49	211	31	3	3	2
0.313	3.122	13	13	3067	235.923	34.594	229.000	200	319	470.231	237.846	31.615	0.314	0.067	0.324	470.232	237.848	31.639	469	237	31	3	3	2
0.241	2.681	10	10	2624	262.400	44.729	256.000	200	325	138.700	248.300	31.600	0.290	0.058	0.296	138.668	248.331	31.625	138	247	31	3	3	2
0.458	4.198	19	19	4911	258.474	52.373	254.000	201	391	352.842	261.684	31.632	0.357	0.088	0.364	352.841	261.694	31.658	351	260	31	4	4	2
0.458	4.074	19	19	4490	236.316	32.178	232.000	201	320	302.158	347.684	31.526	0.361	0.089	0.362	302.145	347.708	31.558	301	346	31	3	4	2
