Volume (micron^3)	Surface (micron^2)	Nb of obj. voxels	Nb of surf. voxels	IntDen	Mean	StdDev	Median	Min	Max	X	Y	Z	Mean dist. to surf. (micron)	SD dist. to surf. (micron)	Median dist. to surf. (micron)	XM	YM	ZM	BX	BY	BZ	B-width	B-height	B-depth
0.072	1.146	3	3	3	1.000	0.000	1.000	1	1	100.000	0.000	1.000	0.166	0.144	0.249	100.000	0.000	1.000	99	0	1	3	1	1
0.096	1.464	4	4	4	1.000	0.000	1.000	1	1	132.000	0.250	1.000	0.190	0.092	0.221	132.000	0.250	1.000	131	0	1	3	2	1
0.337	3.439	14	14	15	1.071	0.267	1.000	1	2	200.000	1.000	1.357	0.318	0.068	0.353	200.000	1.000	1.333	199	0	1	3	3	2
0.096	1.464	4	4	4	1.000	0.000	1.000	1	1	400.000	0.250	1.000	0.190	0.092	0.221	400.000	0.250	1.000	399	0	1	3	2	1
0.072	1.146	3	3	3	1.000	0.000	1.000	1	1	0.000	90.000	1.000	0.166	0.144	0.249	0.000	90.000	1.000	0	89	1	1	3	1
23700.982	12420.733	983391	122693	250371568	254.600	345.579	147.000	1	3985	244.128	333.216	13.848	39.705	20.272	39.063	240.741	326.903	17.519	0	114	1	512	398	28
0.241	2.681	10	10	12	1.200	0.632	1.000	1	3	0.400	116.000	1.400	0.292	0.058	0.310	0.333	116.000	1.333	0	115	1	2	3	2
1.326	10.703	55	53	166	3.018	3.353	1.000	1	16	0.527	209.109	2.545	0.657	0.246	0.644	0.349	208.976	1.867	0	206	1	3	7	6
0.169	2.363	7	7	7	1.000	0.000	1.000	1	1	388.143	256.000	1.286	0.263	0.073	0.275	388.143	256.000	1.286	387	255	1	3	3	2
0.506	5.027	21	21	22	1.048	0.218	1.000	1	2	392.190	256.857	1.381	0.405	0.149	0.379	392.182	256.864	1.364	391	255	1	5	4	3
0.723	6.704	30	30	30	1.000	0.000	1.000	1	1	413.067	262.067	1.133	0.590	0.249	0.580	413.067	262.067	1.133	410	259	1	6	7	2
0.024	0.511	1	1	1	1.000	0.000	1.000	1	1	510.000	261.000	1.000	0.000	0.000	0.000	510.000	261.000	1.000	510	261	1	1	1	1
0.217	2.664	9	9	9	1.000	0.000	1.000	1	1	402.333	267.333	1.000	0.307	0.131	0.342	402.333	267.333	1.000	401	266	1	4	4	1
0.072	1.146	3	3	3	1.000	0.000	1.000	1	1	420.333	266.667	1.000	0.163	0.039	0.185	420.333	266.667	1.000	420	266	1	2	2	1
0.362	3.757	15	15	15	1.000	0.000	1.000	1	1	410.000	267.733	1.400	0.341	0.084	0.345	410.000	267.733	1.400	409	266	1	3	4	2
0.121	1.781	5	5	5	1.000	0.000	1.000	1	1	492.000	269.000	1.000	0.199	0.111	0.249	492.000	269.000	1.000	491	268	1	3	3	1
0.072	1.146	3	3	3	1.000	0.000	1.000	1	1	511.000	270.000	1.000	0.166	0.144	0.249	511.000	270.000	1.000	511	269	1	1	3	1
0.241	2.664	10	10	10	1.000	0.000	1.000	1	1	428.000	271.000	1.100	0.281	0.099	0.301	428.000	271.000	1.100	427	270	1	3	3	2
0.048	0.829	2	2	2	1.000	0.000	1.000	1	1	410.000	271.500	1.000	0.124	0.000	0.124	410.000	271.500	1.000	410	271	1	1	2	1
0.265	2.911	11	11	11	1.000	0.000	1.000	1	1	437.636	272.455	1.000	0.312	0.109	0.365	437.636	272.455	1.000	436	271	1	4	4	1
0.024	0.511	1	1	1	1.000	0.000	1.000	1	1	1.000	272.000	1.000	0.000	0.000	0.000	1.000	272.000	1.000	1	272	1	1	1	1
0.169	2.681	7	7	7	1.000	0.000	1.000	1	1	483.429	273.143	1.429	0.354	0.190	0.291	483.429	273.143	1.429	482	272	1	4	3	3
1.326	10.778	55	55	63	1.145	0.356	1.000	1	2	475.527	277.182	1.327	0.789	0.355	0.724	475.540	276.921	1.286	473	273	1	6	11	2
0.651	6.457	27	27	27	1.000	0.000	1.000	1	1	506.667	280.741	1.111	0.539	0.221	0.573	506.667	280.741	1.111	504	278	1	7	6	2
0.024	0.511	1	1	1	1.000	0.000	1.000	1	1	399.000	281.000	1.000	0.000	0.000	0.000	399.000	281.000	1.000	399	281	1	1	1	1
0.121	1.781	5	5	5	1.000	0.000	1.000	1	1	424.000	282.000	1.000	0.199	0.111	0.249	424.000	282.000	1.000	423	281	1	3	3	1
1.639	13.335	68	64	87	1.279	0.666	1.000	1	4	433.824	283.956	1.632	0.655	0.265	0.618	433.908	284.012	1.540	429	280	1	9	9	4
0.121	1.781	5	5	5	1.000	0.000	1.000	1	1	470.000	282.000	1.000	0.199	0.111	0.249	470.000	282.000	1.000	469	281	1	3	3	1
0.121	1.781	5	5	5	1.000	0.000	1.000	1	1	375.000	283.000	1.000	0.199	0.111	0.249	375.000	283.000	1.000	374	282	1	3	3	1
0.145	1.905	6	6	6	1.000	0.000	1.000	1	1	368.833	285.167	1.000	0.227	0.092	0.252	368.833	285.167	1.000	368	284	1	3	3	1
0.121	1.781	5	5	5	1.000	0.000	1.000	1	1	500.000	286.000	1.000	0.199	0.111	0.249	500.000	286.000	1.000	499	285	1	3	3	1
0.241	2.664	10	10	10	1.000	0.000	1.000	1	1	360.000	287.000	1.100	0.281	0.099	0.301	360.000	287.000	1.100	359	286	1	3	3	2
0.024	0.511	1	1	1	1.000	0.000	1.000	1	1	380.000	287.000	1.000	0.000	0.000	0.000	380.000	287.000	1.000	380	287	1	1	1	1
0.819	7.390	34	32	41	1.206	0.479	1.000	1	3	403.765	288.588	1.618	0.534	0.191	0.539	403.585	288.659	1.561	401	287	1	7	4	3
0.386	3.723	16	16	16	1.000	0.000	1.000	1	1	448.062	290.688	1.000	0.380	0.144	0.410	448.062	290.688	1.000	446	289	1	5	4	1
0.241	2.593	10	10	10	1.000	0.000	1.000	1	1	463.100	290.200	1.000	0.298	0.122	0.299	463.100	290.200	1.000	462	289	1	3	4	1
0.024	0.511	1	1	1	1.000	0.000	1.000	1	1	358.000	290.000	1.000	0.000	0.000	0.000	358.000	290.000	1.000	358	290	1	1	1	1
0.241	2.664	10	10	10	1.000	0.000	1.000	1	1	391.900	293.100	1.100	0.296	0.114	0.298	391.900	293.100	1.100	391	292	1	3	3	2
0.024	0.511	1	1	1	1.000	0.000	1.000	1	1	385.000	293.000	1.000	0.000	0.000	0.000	385.000	293.000	1.000	385	293	1	1	1	1
0.121	1.781	5	5	5	1.000	0.000	1.000	1	1	409.000	294.000	1.000	0.199	0.111	0.249	409.000	294.000	1.000	408	293	1	3	3	1
0.121	1.781	5	5	5	1.000	0.000	1.000	1	1	490.000	294.000	1.000	0.199	0.111	0.249	490.000	294.000	1.000	489	293	1	3	3	1
0.337	3.439	14	14	15	1.071	0.267	1.000	1	2	454.000	297.000	1.357	0.318	0.068	0.353	454.000	297.000	1.333	453	296	1	3	3	2
0.121	1.781	5	5	5	1.000	0.000	1.000	1	1	382.000	299.000	1.000	0.199	0.111	0.249	382.000	299.000	1.000	381	298	1	3	3	1
0.145	1.905	6	6	6	1.000	0.000	1.000	1	1	397.167	298.833	1.000	0.227	0.092	0.252	397.167	298.833	1.000	396	298	1	3	3	1
4.868	22.172	202	143	707	3.500	4.182	2.000	1	23	461.520	302.767	2.183	0.925	0.191	0.927	461.860	302.631	1.714	457	298	1	11	10	4
0.530	6.120	22	22	24	1.091	0.426	1.000	1	3	301.000	301.909	1.591	0.462	0.227	0.407	301.000	301.917	1.542	299	299	1	5	6	4
0.024	0.511	1	1	1	1.000	0.000	1.000	1	1	472.000	300.000	1.000	0.000	0.000	0.000	472.000	300.000	1.000	472	300	1	1	1	1
0.072	1.146	3	3	3	1.000	0.000	1.000	1	1	348.667	302.333	1.000	0.163	0.039	0.185	348.667	302.333	1.000	348	302	1	2	2	1
0.121	1.781	5	5	5	1.000	0.000	1.000	1	1	406.000	304.000	1.000	0.199	0.111	0.249	406.000	304.000	1.000	405	303	1	3	3	1
0.386	5.749	16	15	16	1.000	0.000	1.000	1	1	380.312	307.375	1.812	0.481	0.158	0.502	380.312	307.375	1.812	379	305	1	4	6	3
0.024	0.511	1	1	1	1.000	0.000	1.000	1	1	396.000	306.000	1.000	0.000	0.000	0.000	396.000	306.000	1.000	396	306	1	1	1	1
0.121	1.781	5	5	5	1.000	0.000	1.000	1	1	331.000	308.000	1.000	0.199	0.111	0.249	331.000	308.000	1.000	330	307	1	3	3	1
0.024	0.511	1	1	1	1.000	0.000	1.000	1	1	368.000	308.000	1.000	0.000	0.000	0.000	368.000	308.000	1.000	368	308	1	1	1	1
0.024	0.511	1	1	1	1.000	0.000	1.000	1	1	330.000	313.000	1.000	0.000	0.000	0.000	330.000	313.000	1.000	330	313	1	1	1	1
0.458	4.127	19	19	20	1.053	0.229	1.000	1	2	342.842	315.474	1.316	0.376	0.116	0.364	342.850	315.450	1.300	342	314	1	3	5	2
0.410	4.886	17	17	17	1.000	0.000	1.000	1	1	266.706	319.706	1.059	0.504	0.274	0.431	266.706	319.706	1.059	265	316	1	5	7	2
0.289	3.051	12	12	12	1.000	0.000	1.000	1	1	294.833	320.083	1.250	0.311	0.087	0.315	294.833	320.083	1.250	294	319	1	3	3	2
0.578	6.049	24	24	25	1.042	0.204	1.000	1	2	384.292	320.667	1.417	0.494	0.192	0.486	384.320	320.640	1.400	381	319	1	6	5	3
0.024	0.511	1	1	1	1.000	0.000	1.000	1	1	289.000	320.000	1.000	0.000	0.000	0.000	289.000	320.000	1.000	289	320	1	1	1	1
0.169	2.557	7	6	7	1.000	0.000	1.000	1	1	444.000	321.000	2.000	0.296	0.073	0.249	444.000	321.000	2.000	443	320	1	3	3	3
23.354	79.500	969	553	9261	9.557	18.719	2.000	1	150	287.297	330.939	2.799	1.740	0.468	1.716	287.407	331.041	1.950	276	322	1	24	20	8
0.024	0.511	1	1	1	1.000	0.000	1.000	1	1	447.000	322.000	1.000	0.000	0.000	0.000	447.000	322.000	1.000	447	322	1	1	1	1
0.241	2.664	10	10	10	1.000	0.000	1.000	1	1	276.000	324.000	1.100	0.281	0.099	0.301	276.000	324.000	1.100	275	323	1	3	3	2
0.121	1.781	5	5	5	1.000	0.000	1.000	1	1	355.000	324.000	1.000	0.199	0.111	0.249	355.000	324.000	1.000	354	323	1	3	3	1
0.313	4.144	13	13	13	1.000	0.000	1.000	1	1	266.769	324.615	1.538	0.427	0.202	0.387	266.769	324.615	1.538	265	323	1	5	4	3
0.048	0.899	2	2	2	1.000	0.000	1.000	1	1	326.000	324.000	1.500	0.195	0.000	0.195	326.000	324.000	1.500	326	324	1	1	1	2
0.024	0.511	1	1	1	1.000	0.000	1.000	1	1	414.000	328.000	1.000	0.000	0.000	0.000	414.000	328.000	1.000	414	328	1	1	1	1
0.024	0.511	1	1	1	1.000	0.000	1.000	1	1	302.000	330.000	1.000	0.000	0.000	0.000	302.000	330.000	1.000	302	330	1	1	1	1
0.241	2.664	10	10	10	1.000	0.000	1.000	1	1	401.000	331.000	1.100	0.281	0.099	0.301	401.000	331.000	1.100	400	330	1	3	3	2
0.265	2.981	11	11	11	1.000	0.000	1.000	1	1	424.182	331.000	1.091	0.300	0.107	0.323	424.182	331.000	1.091	423	330	1	4	3	2
0.024	0.511	1	1	1	1.000	0.000	1.000	1	1	455.000	330.000	1.000	0.000	0.000	0.000	455.000	330.000	1.000	455	330	1	1	1	1
0.024	0.511	1	1	1	1.000	0.000	1.000	1	1	260.000	331.000	1.000	0.000	0.000	0.000	260.000	331.000	1.000	260	331	1	1	1	1
0.241	2.664	10	10	10	1.000	0.000	1.000	1	1	443.000	332.000	1.100	0.281	0.099	0.301	443.000	332.000	1.100	442	331	1	3	3	2
0.145	1.905	6	6	6	1.000	0.000	1.000	1	1	299.167	334.167	1.000	0.227	0.092	0.252	299.167	334.167	1.000	298	333	1	3	3	1
0.121	1.781	5	5	5	1.000	0.000	1.000	1	1	349.000	335.000	1.000	0.199	0.111	0.249	349.000	335.000	1.000	348	334	1	3	3	1
0.024	0.511	1	1	1	1.000	0.000	1.000	1	1	326.000	335.000	1.000	0.000	0.000	0.000	326.000	335.000	1.000	326	335	1	1	1	1
0.169	2.363	7	7	7	1.000	0.000	1.000	1	1	425.000	335.857	1.286	0.263	0.073	0.275	425.000	335.857	1.286	424	335	1	3	3	2
0.024	0.511	1	1	1	1.000	0.000	1.000	1	1	381.000	336.000	1.000	0.000	0.000	0.000	381.000	336.000	1.000	381	336	1	1	1	1
0.169	2.029	7	7	7	1.000	0.000	1.000	1	1	482.000	336.714	1.000	0.242	0.089	0.259	482.000	336.714	1.000	481	336	1	3	3	1
0.024	0.511	1	1	1	1.000	0.000	1.000	1	1	501.000	336.000	1.000	0.000	0.000	0.000	501.000	336.000	1.000	501	336	1	1	1	1
0.048	0.829	2	2	2	1.000	0.000	1.000	1	1	387.000	337.500	1.000	0.124	0.000	0.124	387.000	337.500	1.000	387	337	1	1	2	1
0.121	1.781	5	5	5	1.000	0.000	1.000	1	1	370.000	339.000	1.000	0.199	0.111	0.249	370.000	339.000	1.000	369	338	1	3	3	1
5.519	27.111	229	172	555	2.424	2.433	1.000	1	12	496.677	343.127	2.227	0.996	0.251	0.964	496.883	343.195	1.829	492	338	1	11	11	5
0.024	0.511	1	1	1	1.000	0.000	1.000	1	1	302.000	340.000	1.000	0.000	0.000	0.000	302.000	340.000	1.000	302	340	1	1	1	1
0.145	1.905	6	6	6	1.000	0.000	1.000	1	1	409.167	341.167	1.000	0.227	0.092	0.252	409.167	341.167	1.000	408	340	1	3	3	1
0.121	1.781	5	5	5	1.000	0.000	1.000	1	1	294.000	342.000	1.000	0.199	0.111	0.249	294.000	342.000	1.000	293	341	1	3	3	1
0.145	1.905	6	6	6	1.000	0.000	1.000	1	1	373.833	343.167	1.000	0.227	0.092	0.252	373.833	343.167	1.000	373	342	1	3	3	1
0.169	2.681	7	7	7	1.000	0.000	1.000	1	1	282.143	343.571	1.429	0.354	0.190	0.291	282.143	343.571	1.429	281	342	1	3	4	3
0.024	0.511	1	1	1	1.000	0.000	1.000	1	1	396.000	345.000	1.000	0.000	0.000	0.000	396.000	345.000	1.000	396	345	1	1	1	1
0.506	5.538	21	21	21	1.000	0.000	1.000	1	1	425.095	347.095	1.333	0.468	0.171	0.492	425.095	347.095	1.333	423	345	1	5	5	3
0.121	1.781	5	5	5	1.000	0.000	1.000	1	1	452.000	347.000	1.000	0.199	0.111	0.249	452.000	347.000	1.000	451	346	1	3	3	1
0.024	0.511	1	1	1	1.000	0.000	1.000	1	1	293.000	347.000	1.000	0.000	0.000	0.000	293.000	347.000	1.000	293	347	1	1	1	1
0.217	2.276	9	9	9	1.000	0.000	1.000	1	1	307.000	348.000	1.000	0.267	0.112	0.249	307.000	348.000	1.000	306	347	1	3	3	1
0.024	0.511	1	1	1	1.000	0.000	1.000	1	1	322.000	347.000	1.000	0.000	0.000	0.000	322.000	347.000	1.000	322	347	1	1	1	1
0.121	1.781	5	5	5	1.000	0.000	1.000	1	1	461.000	351.000	1.000	0.199	0.111	0.249	461.000	351.000	1.000	460	350	1	3	3	1
0.241	2.664	10	10	10	1.000	0.000	1.000	1	1	274.000	353.000	1.100	0.281	0.099	0.301	274.000	353.000	1.100	273	352	1	3	3	2
0.072	1.217	3	3	3	1.000	0.000	1.000	1	1	293.000	352.333	1.333	0.213	0.059	0.211	293.000	352.333	1.333	293	352	1	1	2	2
0.337	3.439	14	14	16	1.143	0.535	1.000	1	3	255.000	355.000	1.357	0.318	0.068	0.353	255.000	355.000	1.312	254	354	1	3	3	2
0.121	1.781	5	5	5	1.000	0.000	1.000	1	1	349.000	355.000	1.000	0.199	0.111	0.249	349.000	355.000	1.000	348	354	1	3	3	1
0.241	2.664	10	10	10	1.000	0.000	1.000	1	1	417.000	356.000	1.100	0.281	0.099	0.301	417.000	356.000	1.100	416	355	1	3	3	2
0.169	2.293	7	7	7	1.000	0.000	1.000	1	1	439.714	356.286	1.143	0.265	0.103	0.257	439.714	356.286	1.143	439	355	1	3	3	2
0.024	0.511	1	1	1	1.000	0.000	1.000	1	1	303.000	356.000	1.000	0.000	0.000	0.000	303.000	356.000	1.000	303	356	1	1	1	1
0.096	1.464	4	4	4	1.000	0.000	1.000	1	1	408.250	358.000	1.000	0.190	0.092	0.221	408.250	358.000	1.000	408	357	1	2	3	1
0.048	0.899	2	2	2	1.000	0.000	1.000	1	1	320.000	359.000	1.500	0.195	0.000	0.195	320.000	359.000	1.500	320	359	1	1	1	2
0.169	2.029	7	7	7	1.000	0.000	1.000	1	1	426.286	360.000	1.000	0.242	0.089	0.259	426.286	360.000	1.000	425	359	1	3	3	1
0.313	3.245	13	13	13	1.000	0.000	1.000	1	1	388.231	361.000	1.308	0.322	0.084	0.331	388.231	361.000	1.308	387	360	1	3	3	2
0.024	0.511	1	1	1	1.000	0.000	1.000	1	1	358.000	362.000	1.000	0.000	0.000	0.000	358.000	362.000	1.000	358	362	1	1	1	1
0.121	1.781	5	5	5	1.000	0.000	1.000	1	1	394.000	363.000	1.000	0.199	0.111	0.249	394.000	363.000	1.000	393	362	1	3	3	1
0.024	0.511	1	1	1	1.000	0.000	1.000	1	1	262.000	363.000	1.000	0.000	0.000	0.000	262.000	363.000	1.000	262	363	1	1	1	1
0.121	1.781	5	5	5	1.000	0.000	1.000	1	1	458.000	364.000	1.000	0.199	0.111	0.249	458.000	364.000	1.000	457	363	1	3	3	1
0.289	3.228	12	12	12	1.000	0.000	1.000	1	1	385.000	366.500	1.000	0.336	0.133	0.325	385.000	366.500	1.000	383	365	1	5	4	1
0.048	0.829	2	2	2	1.000	0.000	1.000	1	1	422.500	365.000	1.000	0.124	0.000	0.124	422.500	365.000	1.000	422	365	1	2	1	1
0.072	1.146	3	3	3	1.000	0.000	1.000	1	1	468.000	366.000	1.000	0.166	0.144	0.249	468.000	366.000	1.000	468	365	1	1	3	1
0.024	0.511	1	1	1	1.000	0.000	1.000	1	1	279.000	366.000	1.000	0.000	0.000	0.000	279.000	366.000	1.000	279	366	1	1	1	1
0.337	3.439	14	14	15	1.071	0.267	1.000	1	2	430.000	367.000	1.357	0.318	0.068	0.353	430.000	367.000	1.333	429	366	1	3	3	2
0.024	0.511	1	1	1	1.000	0.000	1.000	1	1	270.000	368.000	1.000	0.000	0.000	0.000	270.000	368.000	1.000	270	368	1	1	1	1
0.024	0.511	1	1	1	1.000	0.000	1.000	1	1	366.000	368.000	1.000	0.000	0.000	0.000	366.000	368.000	1.000	366	368	1	1	1	1
0.940	8.131	39	39	44	1.128	0.339	1.000	1	2	214.487	372.359	1.410	0.615	0.227	0.651	214.523	372.432	1.364	211	370	1	8	6	2
0.024	0.511	1	1	1	1.000	0.000	1.000	1	1	239.000	370.000	1.000	0.000	0.000	0.000	239.000	370.000	1.000	239	370	1	1	1	1
0.024	0.511	1	1	1	1.000	0.000	1.000	1	1	281.000	370.000	1.000	0.000	0.000	0.000	281.000	370.000	1.000	281	370	1	1	1	1
0.072	1.411	3	3	3	1.000	0.000	1.000	1	1	310.667	369.667	2.000	0.326	0.183	0.407	310.667	369.667	2.000	310	369	1	2	2	3
0.024	0.511	1	1	1	1.000	0.000	1.000	1	1	413.000	370.000	1.000	0.000	0.000	0.000	413.000	370.000	1.000	413	370	1	1	1	1
0.121	1.781	5	5	5	1.000	0.000	1.000	1	1	223.000	374.000	1.000	0.199	0.111	0.249	223.000	374.000	1.000	222	373	1	3	3	1
0.217	2.276	9	9	9	1.000	0.000	1.000	1	1	362.000	374.000	1.000	0.267	0.112	0.249	362.000	374.000	1.000	361	373	1	3	3	1
1.326	8.131	55	46	205	3.727	4.322	2.000	1	22	319.000	378.000	1.709	0.557	0.103	0.567	319.000	378.000	1.376	317	376	1	5	5	3
0.337	3.439	14	14	15	1.071	0.267	1.000	1	2	254.000	379.000	1.357	0.318	0.068	0.353	254.000	379.000	1.333	253	378	1	3	3	2
0.024	0.511	1	1	1	1.000	0.000	1.000	1	1	484.000	378.000	1.000	0.000	0.000	0.000	484.000	378.000	1.000	484	378	1	1	1	1
1.759	12.717	73	66	83	1.137	0.346	1.000	1	2	313.178	386.219	1.795	0.710	0.230	0.707	313.265	386.253	1.735	309	384	1	9	6	4
0.024	0.511	1	1	1	1.000	0.000	1.000	1	1	367.000	384.000	1.000	0.000	0.000	0.000	367.000	384.000	1.000	367	384	1	1	1	1
0.024	0.511	1	1	1	1.000	0.000	1.000	1	1	323.000	385.000	1.000	0.000	0.000	0.000	323.000	385.000	1.000	323	385	1	1	1	1
0.024	0.511	1	1	1	1.000	0.000	1.000	1	1	382.000	386.000	1.000	0.000	0.000	0.000	382.000	386.000	1.000	382	386	1	1	1	1
0.121	1.781	5	5	5	1.000	0.000	1.000	1	1	267.000	388.000	1.000	0.199	0.111	0.249	267.000	388.000	1.000	266	387	1	3	3	1
0.169	2.557	7	7	7	1.000	0.000	1.000	1	1	234.143	388.857	1.286	0.275	0.081	0.307	234.143	388.857	1.286	233	388	1	3	3	2
0.217	2.276	9	9	9	1.000	0.000	1.000	1	1	308.000	391.000	1.000	0.267	0.112	0.249	308.000	391.000	1.000	307	390	1	3	3	1
0.241	2.664	10	10	10	1.000	0.000	1.000	1	1	334.000	391.000	1.100	0.281	0.099	0.301	334.000	391.000	1.100	333	390	1	3	3	2
0.241	2.664	10	10	10	1.000	0.000	1.000	1	1	255.000	392.000	1.100	0.281	0.099	0.301	255.000	392.000	1.100	254	391	1	3	3	2
0.024	0.511	1	1	1	1.000	0.000	1.000	1	1	248.000	392.000	1.000	0.000	0.000	0.000	248.000	392.000	1.000	248	392	1	1	1	1
0.024	0.511	1	1	1	1.000	0.000	1.000	1	1	423.000	392.000	1.000	0.000	0.000	0.000	423.000	392.000	1.000	423	392	1	1	1	1
0.145	1.905	6	6	6	1.000	0.000	1.000	1	1	196.833	393.833	1.000	0.227	0.092	0.252	196.833	393.833	1.000	196	393	1	3	3	1
0.121	1.781	5	5	5	1.000	0.000	1.000	1	1	406.000	395.000	1.000	0.199	0.111	0.249	406.000	395.000	1.000	405	394	1	3	3	1
0.241	2.664	10	10	10	1.000	0.000	1.000	1	1	230.000	396.000	1.100	0.281	0.099	0.301	230.000	396.000	1.100	229	395	1	3	3	2
0.169	2.029	7	7	7	1.000	0.000	1.000	1	1	243.571	397.286	1.000	0.264	0.114	0.227	243.571	397.286	1.000	243	396	1	2	4	1
0.217	2.276	9	9	9	1.000	0.000	1.000	1	1	376.000	397.000	1.000	0.267	0.112	0.249	376.000	397.000	1.000	375	396	1	3	3	1
0.217	2.276	9	9	9	1.000	0.000	1.000	1	1	199.000	401.000	1.000	0.267	0.112	0.249	199.000	401.000	1.000	198	400	1	3	3	1
0.554	5.468	23	23	27	1.174	0.491	1.000	1	3	236.870	402.783	1.304	0.422	0.152	0.398	236.778	402.778	1.259	235	401	1	5	5	2
0.482	4.515	20	20	21	1.050	0.224	1.000	1	2	470.850	401.950	1.350	0.379	0.116	0.364	470.810	401.952	1.333	469	401	1	5	3	2
0.121	1.781	5	5	5	1.000	0.000	1.000	1	1	208.000	403.000	1.000	0.199	0.111	0.249	208.000	403.000	1.000	207	402	1	3	3	1
0.121	1.781	5	5	5	1.000	0.000	1.000	1	1	305.000	404.000	1.000	0.199	0.111	0.249	305.000	404.000	1.000	304	403	1	3	3	1
0.145	1.905	6	6	6	1.000	0.000	1.000	1	1	430.833	406.167	1.000	0.227	0.092	0.252	430.833	406.167	1.000	430	405	1	3	3	1
0.024	0.511	1	1	1	1.000	0.000	1.000	1	1	198.000	406.000	1.000	0.000	0.000	0.000	198.000	406.000	1.000	198	406	1	1	1	1
0.024	0.511	1	1	1	1.000	0.000	1.000	1	1	217.000	407.000	1.000	0.000	0.000	0.000	217.000	407.000	1.000	217	407	1	1	1	1
0.024	0.511	1	1	1	1.000	0.000	1.000	1	1	309.000	407.000	1.000	0.000	0.000	0.000	309.000	407.000	1.000	309	407	1	1	1	1
0.121	1.781	5	5	5	1.000	0.000	1.000	1	1	319.000	408.000	1.000	0.199	0.111	0.249	319.000	408.000	1.000	318	407	1	3	3	1
0.024	0.511	1	1	1	1.000	0.000	1.000	1	1	246.000	410.000	1.000	0.000	0.000	0.000	246.000	410.000	1.000	246	410	1	1	1	1
0.121	1.781	5	5	5	1.000	0.000	1.000	1	1	472.000	412.000	1.000	0.199	0.111	0.249	472.000	412.000	1.000	471	411	1	3	3	1
0.024	0.511	1	1	1	1.000	0.000	1.000	1	1	265.000	413.000	1.000	0.000	0.000	0.000	265.000	413.000	1.000	265	413	1	1	1	1
0.193	2.487	8	8	8	1.000	0.000	1.000	1	1	0.250	416.500	1.250	0.282	0.089	0.284	0.250	416.500	1.250	0	415	1	2	4	2
0.024	0.511	1	1	1	1.000	0.000	1.000	1	1	281.000	416.000	1.000	0.000	0.000	0.000	281.000	416.000	1.000	281	416	1	1	1	1
0.241	2.664	10	10	10	1.000	0.000	1.000	1	1	425.000	418.000	1.100	0.281	0.099	0.301	425.000	418.000	1.100	424	417	1	3	3	2
0.241	2.664	10	10	10	1.000	0.000	1.000	1	1	265.000	420.000	1.100	0.281	0.099	0.301	265.000	420.000	1.100	264	419	1	3	3	2
0.121	1.781	5	5	5	1.000	0.000	1.000	1	1	256.000	423.000	1.000	0.199	0.111	0.249	256.000	423.000	1.000	255	422	1	3	3	1
0.121	1.781	5	5	5	1.000	0.000	1.000	1	1	284.000	425.000	1.000	0.199	0.111	0.249	284.000	425.000	1.000	283	424	1	3	3	1
0.193	2.346	8	8	8	1.000	0.000	1.000	1	1	287.500	427.000	1.000	0.263	0.095	0.278	287.500	427.000	1.000	286	426	1	4	3	1
0.241	2.664	10	10	10	1.000	0.000	1.000	1	1	261.000	431.000	1.100	0.281	0.099	0.301	261.000	431.000	1.100	260	430	1	3	3	2
0.024	0.511	1	1	1	1.000	0.000	1.000	1	1	268.000	430.000	1.000	0.000	0.000	0.000	268.000	430.000	1.000	268	430	1	1	1	1
0.121	1.781	5	5	5	1.000	0.000	1.000	1	1	380.000	431.000	1.000	0.199	0.111	0.249	380.000	431.000	1.000	379	430	1	3	3	1
0.024	0.511	1	1	1	1.000	0.000	1.000	1	1	465.000	430.000	1.000	0.000	0.000	0.000	465.000	430.000	1.000	465	430	1	1	1	1
2.507	21.255	104	102	119	1.144	0.471	1.000	1	4	247.000	437.510	1.519	1.029	0.483	0.957	246.748	437.311	1.471	243	431	1	11	15	4
0.217	2.276	9	9	9	1.000	0.000	1.000	1	1	390.000	433.000	1.000	0.267	0.112	0.249	390.000	433.000	1.000	389	432	1	3	3	1
0.024	0.511	1	1	1	1.000	0.000	1.000	1	1	241.000	433.000	1.000	0.000	0.000	0.000	241.000	433.000	1.000	241	433	1	1	1	1
0.241	2.664	10	10	10	1.000	0.000	1.000	1	1	236.000	435.000	1.100	0.281	0.099	0.301	236.000	435.000	1.100	235	434	1	3	3	2
0.024	0.511	1	1	1	1.000	0.000	1.000	1	1	254.000	435.000	1.000	0.000	0.000	0.000	254.000	435.000	1.000	254	435	1	1	1	1
0.121	1.781	5	5	5	1.000	0.000	1.000	1	1	294.000	436.000	1.000	0.199	0.111	0.249	294.000	436.000	1.000	293	435	1	3	3	1
0.482	4.462	20	20	21	1.050	0.224	1.000	1	2	364.150	442.400	1.700	0.396	0.136	0.373	364.143	442.429	1.667	363	441	1	3	4	3
0.121	1.781	5	5	5	1.000	0.000	1.000	1	1	279.000	444.000	1.000	0.199	0.111	0.249	279.000	444.000	1.000	278	443	1	3	3	1
0.024	0.511	1	1	1	1.000	0.000	1.000	1	1	226.000	444.000	1.000	0.000	0.000	0.000	226.000	444.000	1.000	226	444	1	1	1	1
0.241	2.664	10	10	10	1.000	0.000	1.000	1	1	283.000	445.000	1.100	0.281	0.099	0.301	283.000	445.000	1.100	282	444	1	3	3	2
0.217	2.276	9	9	9	1.000	0.000	1.000	1	1	253.000	447.000	1.000	0.267	0.112	0.249	253.000	447.000	1.000	252	446	1	3	3	1
0.024	0.511	1	1	1	1.000	0.000	1.000	1	1	186.000	451.000	1.000	0.000	0.000	0.000	186.000	451.000	1.000	186	451	1	1	1	1
0.241	2.664	10	10	10	1.000	0.000	1.000	1	1	207.000	452.000	1.100	0.281	0.099	0.301	207.000	452.000	1.100	206	451	1	3	3	2
0.169	2.557	7	6	7	1.000	0.000	1.000	1	1	233.000	452.000	2.000	0.296	0.073	0.249	233.000	452.000	2.000	232	451	1	3	3	3
0.024	0.511	1	1	1	1.000	0.000	1.000	1	1	295.000	455.000	1.000	0.000	0.000	0.000	295.000	455.000	1.000	295	455	1	1	1	1
0.121	1.781	5	5	5	1.000	0.000	1.000	1	1	218.000	462.000	1.000	0.199	0.111	0.249	218.000	462.000	1.000	217	461	1	3	3	1
0.241	2.664	10	10	10	1.000	0.000	1.000	1	1	498.000	462.000	1.100	0.281	0.099	0.301	498.000	462.000	1.100	497	461	1	3	3	2
0.241	2.664	10	10	10	1.000	0.000	1.000	1	1	340.000	463.000	1.100	0.281	0.099	0.301	340.000	463.000	1.100	339	462	1	3	3	2
0.554	6.209	23	23	23	1.000	0.000	1.000	1	1	181.478	467.391	1.043	0.579	0.240	0.624	181.478	467.391	1.043	178	465	1	8	6	2
0.241	2.664	10	10	10	1.000	0.000	1.000	1	1	234.000	468.000	1.100	0.281	0.099	0.301	234.000	468.000	1.100	233	467	1	3	3	2
0.121	1.781	5	5	5	1.000	0.000	1.000	1	1	223.000	471.000	1.000	0.199	0.111	0.249	223.000	471.000	1.000	222	470	1	3	3	1
0.603	5.204	25	25	26	1.040	0.200	1.000	1	2	265.520	473.840	1.320	0.412	0.126	0.410	265.538	473.808	1.308	264	472	1	4	5	2
0.096	1.464	4	4	4	1.000	0.000	1.000	1	1	257.000	476.500	1.000	0.201	0.089	0.201	257.000	476.500	1.000	256	476	1	3	2	1
0.121	1.781	5	5	5	1.000	0.000	1.000	1	1	170.000	478.000	1.000	0.199	0.111	0.249	170.000	478.000	1.000	169	477	1	3	3	1
0.241	2.664	10	10	10	1.000	0.000	1.000	1	1	176.000	478.000	1.100	0.281	0.099	0.301	176.000	478.000	1.100	175	477	1	3	3	2
0.024	0.511	1	1	1	1.000	0.000	1.000	1	1	330.000	481.000	1.000	0.000	0.000	0.000	330.000	481.000	1.000	330	481	1	1	1	1
0.651	7.002	27	26	28	1.037	0.192	1.000	1	2	346.741	487.741	1.519	0.504	0.195	0.484	346.679	487.679	1.536	344	485	1	6	6	3
74.473	184.785	3090	1352	37627	12.177	19.535	3.000	1	111	294.348	499.275	3.871	2.600	0.653	2.573	294.607	499.162	2.138	280	487	1	30	25	13
0.217	2.276	9	9	9	1.000	0.000	1.000	1	1	202.000	492.000	1.000	0.267	0.112	0.249	202.000	492.000	1.000	201	491	1	3	3	1
0.024	0.511	1	1	1	1.000	0.000	1.000	1	1	423.000	492.000	1.000	0.000	0.000	0.000	423.000	492.000	1.000	423	492	1	1	1	1
0.024	0.511	1	1	1	1.000	0.000	1.000	1	1	467.000	492.000	1.000	0.000	0.000	0.000	467.000	492.000	1.000	467	492	1	1	1	1
0.241	2.664	10	10	10	1.000	0.000	1.000	1	1	186.000	496.000	1.100	0.281	0.099	0.301	186.000	496.000	1.100	185	495	1	3	3	2
0.458	4.004	19	19	21	1.105	0.315	1.000	1	2	466.000	496.579	1.368	0.357	0.088	0.365	466.000	496.571	1.333	465	495	1	3	4	2
0.241	2.664	10	10	10	1.000	0.000	1.000	1	1	459.000	497.000	1.100	0.281	0.099	0.301	459.000	497.000	1.100	458	496	1	3	3	2
0.121	1.781	5	5	5	1.000	0.000	1.000	1	1	276.000	499.000	1.000	0.199	0.111	0.249	276.000	499.000	1.000	275	498	1	3	3	1
0.121	1.781	5	5	5	1.000	0.000	1.000	1	1	372.000	499.000	1.000	0.199	0.111	0.249	372.000	499.000	1.000	371	498	1	3	3	1
0.024	0.511	1	1	1	1.000	0.000	1.000	1	1	238.000	499.000	1.000	0.000	0.000	0.000	238.000	499.000	1.000	238	499	1	1	1	1
0.241	3.068	10	10	10	1.000	0.000	1.000	1	1	426.700	499.700	1.600	0.341	0.122	0.301	426.700	499.700	1.600	426	498	1	2	4	3
0.217	2.276	9	9	9	1.000	0.000	1.000	1	1	356.000	501.000	1.000	0.267	0.112	0.249	356.000	501.000	1.000	355	500	1	3	3	1
0.024	0.511	1	1	1	1.000	0.000	1.000	1	1	408.000	501.000	1.000	0.000	0.000	0.000	408.000	501.000	1.000	408	501	1	1	1	1
0.217	2.276	9	9	9	1.000	0.000	1.000	1	1	475.000	503.000	1.000	0.267	0.112	0.249	475.000	503.000	1.000	474	502	1	3	3	1
0.217	2.276	9	9	9	1.000	0.000	1.000	1	1	358.000	505.000	1.000	0.267	0.112	0.249	358.000	505.000	1.000	357	504	1	3	3	1
0.121	1.781	5	5	5	1.000	0.000	1.000	1	1	347.000	507.000	1.000	0.199	0.111	0.249	347.000	507.000	1.000	346	506	1	3	3	1
6.531	30.032	271	197	1956	7.218	11.613	3.000	1	84	386.830	509.535	3.177	1.173	0.376	1.126	387.304	510.246	2.166	380	505	1	14	7	9
0.024	0.511	1	1	1	1.000	0.000	1.000	1	1	396.000	510.000	1.000	0.000	0.000	0.000	396.000	510.000	1.000	396	510	1	1	1	1
0.072	1.146	3	3	3	1.000	0.000	1.000	1	1	352.000	511.000	1.000	0.166	0.144	0.249	352.000	511.000	1.000	351	511	1	3	1	1
0.024	0.511	1	1	1	1.000	0.000	1.000	1	1	361.000	511.000	1.000	0.000	0.000	0.000	361.000	511.000	1.000	361	511	1	1	1	1
0.024	0.511	1	1	1	1.000	0.000	1.000	1	1	475.000	261.000	2.000	0.000	0.000	0.000	475.000	261.000	2.000	475	261	2	1	1	1
0.289	3.580	12	11	12	1.000	0.000	1.000	1	1	375.500	270.750	2.833	0.357	0.115	0.353	375.500	270.750	2.833	374	270	2	4	3	3
0.024	0.511	1	1	1	1.000	0.000	1.000	1	1	375.000	288.000	2.000	0.000	0.000	0.000	375.000	288.000	2.000	375	288	2	1	1	1
0.024	0.511	1	1	1	1.000	0.000	1.000	1	1	391.000	288.000	2.000	0.000	0.000	0.000	391.000	288.000	2.000	391	288	2	1	1	1
0.024	0.511	1	1	1	1.000	0.000	1.000	1	1	503.000	288.000	2.000	0.000	0.000	0.000	503.000	288.000	2.000	503	288	2	1	1	1
0.169	2.557	7	6	7	1.000	0.000	1.000	1	1	299.000	296.000	3.000	0.296	0.073	0.249	299.000	296.000	3.000	298	295	2	3	3	3
0.169	2.557	7	6	7	1.000	0.000	1.000	1	1	318.000	308.000	3.000	0.296	0.073	0.249	318.000	308.000	3.000	317	307	2	3	3	3
0.024	0.511	1	1	1	1.000	0.000	1.000	1	1	399.000	320.000	2.000	0.000	0.000	0.000	399.000	320.000	2.000	399	320	2	1	1	1
0.410	4.232	17	16	18	1.059	0.243	1.000	1	2	438.882	332.882	2.941	0.393	0.098	0.429	438.889	332.889	2.944	438	332	2	3	3	3
0.024	0.511	1	1	1	1.000	0.000	1.000	1	1	402.000	334.000	2.000	0.000	0.000	0.000	402.000	334.000	2.000	402	334	2	1	1	1
0.048	0.829	2	2	2	1.000	0.000	1.000	1	1	258.000	345.500	2.000	0.124	0.000	0.124	258.000	345.500	2.000	258	345	2	1	2	1
0.048	0.829	2	2	2	1.000	0.000	1.000	1	1	247.000	353.500	2.000	0.124	0.000	0.124	247.000	353.500	2.000	247	353	2	1	2	1
0.024	0.511	1	1	1	1.000	0.000	1.000	1	1	390.000	353.000	2.000	0.000	0.000	0.000	390.000	353.000	2.000	390	353	2	1	1	1
0.024	0.511	1	1	1	1.000	0.000	1.000	1	1	262.000	354.000	2.000	0.000	0.000	0.000	262.000	354.000	2.000	262	354	2	1	1	1
0.024	0.511	1	1	1	1.000	0.000	1.000	1	1	245.000	355.000	2.000	0.000	0.000	0.000	245.000	355.000	2.000	245	355	2	1	1	1
0.193	2.998	8	8	8	1.000	0.000	1.000	1	1	241.375	359.750	2.375	0.385	0.158	0.406	241.375	359.750	2.375	239	359	2	5	3	2
0.024	0.511	1	1	1	1.000	0.000	1.000	1	1	335.000	370.000	2.000	0.000	0.000	0.000	335.000	370.000	2.000	335	370	2	1	1	1
0.169	2.046	7	7	7	1.000	0.000	1.000	1	1	509.429	373.429	2.571	0.259	0.023	0.261	509.429	373.429	2.571	509	373	2	2	2	2
0.024	0.511	1	1	1	1.000	0.000	1.000	1	1	335.000	377.000	2.000	0.000	0.000	0.000	335.000	377.000	2.000	335	377	2	1	1	1
0.024	0.511	1	1	1	1.000	0.000	1.000	1	1	223.000	388.000	2.000	0.000	0.000	0.000	223.000	388.000	2.000	223	388	2	1	1	1
0.024	0.511	1	1	1	1.000	0.000	1.000	1	1	380.000	395.000	2.000	0.000	0.000	0.000	380.000	395.000	2.000	380	395	2	1	1	1
0.024	0.511	1	1	1	1.000	0.000	1.000	1	1	223.000	401.000	2.000	0.000	0.000	0.000	223.000	401.000	2.000	223	401	2	1	1	1
0.024	0.511	1	1	1	1.000	0.000	1.000	1	1	265.000	406.000	2.000	0.000	0.000	0.000	265.000	406.000	2.000	265	406	2	1	1	1
0.024	0.511	1	1	1	1.000	0.000	1.000	1	1	453.000	413.000	2.000	0.000	0.000	0.000	453.000	413.000	2.000	453	413	2	1	1	1
0.024	0.511	1	1	1	1.000	0.000	1.000	1	1	479.000	424.000	2.000	0.000	0.000	0.000	479.000	424.000	2.000	479	424	2	1	1	1
0.024	0.511	1	1	1	1.000	0.000	1.000	1	1	188.000	434.000	2.000	0.000	0.000	0.000	188.000	434.000	2.000	188	434	2	1	1	1
0.024	0.511	1	1	1	1.000	0.000	1.000	1	1	328.000	454.000	2.000	0.000	0.000	0.000	328.000	454.000	2.000	328	454	2	1	1	1
0.024	0.511	1	1	1	1.000	0.000	1.000	1	1	241.000	461.000	2.000	0.000	0.000	0.000	241.000	461.000	2.000	241	461	2	1	1	1
0.024	0.511	1	1	1	1.000	0.000	1.000	1	1	198.000	464.000	2.000	0.000	0.000	0.000	198.000	464.000	2.000	198	464	2	1	1	1
0.169	2.557	7	6	7	1.000	0.000	1.000	1	1	160.000	474.000	3.000	0.296	0.073	0.249	160.000	474.000	3.000	159	473	2	3	3	3
0.241	3.456	10	9	11	1.100	0.316	1.000	1	2	476.400	476.000	3.500	0.408	0.181	0.331	476.364	476.000	3.545	475	475	2	4	3	4
0.024	0.511	1	1	1	1.000	0.000	1.000	1	1	347.000	477.000	2.000	0.000	0.000	0.000	347.000	477.000	2.000	347	477	2	1	1	1
0.048	0.899	2	2	2	1.000	0.000	1.000	1	1	431.000	499.000	2.500	0.195	0.000	0.195	431.000	499.000	2.500	431	499	2	1	1	2
0.024	0.511	1	1	1	1.000	0.000	1.000	1	1	321.000	511.000	2.000	0.000	0.000	0.000	321.000	511.000	2.000	321	511	2	1	1	1
0.048	0.899	2	2	2	1.000	0.000	1.000	1	1	0.000	91.000	3.500	0.195	0.000	0.195	0.000	91.000	3.500	0	91	3	1	1	2
0.048	0.829	2	2	2	1.000	0.000	1.000	1	1	397.000	256.500	3.000	0.124	0.000	0.124	397.000	256.500	3.000	397	256	3	1	2	1
0.024	0.511	1	1	1	1.000	0.000	1.000	1	1	456.000	261.000	3.000	0.000	0.000	0.000	456.000	261.000	3.000	456	261	3	1	1	1
0.024	0.511	1	1	1	1.000	0.000	1.000	1	1	438.000	291.000	3.000	0.000	0.000	0.000	438.000	291.000	3.000	438	291	3	1	1	1
0.024	0.511	1	1	1	1.000	0.000	1.000	1	1	446.000	309.000	3.000	0.000	0.000	0.000	446.000	309.000	3.000	446	309	3	1	1	1
0.169	2.557	7	6	7	1.000	0.000	1.000	1	1	483.000	316.000	4.000	0.296	0.073	0.249	483.000	316.000	4.000	482	315	3	3	3	3
0.024	0.511	1	1	1	1.000	0.000	1.000	1	1	394.000	319.000	3.000	0.000	0.000	0.000	394.000	319.000	3.000	394	319	3	1	1	1
0.169	2.557	7	6	7	1.000	0.000	1.000	1	1	292.000	322.000	4.000	0.296	0.073	0.249	292.000	322.000	4.000	291	321	3	3	3	3
0.024	0.511	1	1	1	1.000	0.000	1.000	1	1	344.000	361.000	3.000	0.000	0.000	0.000	344.000	361.000	3.000	344	361	3	1	1	1
0.024	0.511	1	1	1	1.000	0.000	1.000	1	1	340.000	373.000	3.000	0.000	0.000	0.000	340.000	373.000	3.000	340	373	3	1	1	1
0.024	0.511	1	1	1	1.000	0.000	1.000	1	1	356.000	379.000	3.000	0.000	0.000	0.000	356.000	379.000	3.000	356	379	3	1	1	1
0.024	0.511	1	1	1	1.000	0.000	1.000	1	1	398.000	389.000	3.000	0.000	0.000	0.000	398.000	389.000	3.000	398	389	3	1	1	1
0.024	0.511	1	1	1	1.000	0.000	1.000	1	1	264.000	392.000	3.000	0.000	0.000	0.000	264.000	392.000	3.000	264	392	3	1	1	1
0.048	0.829	2	2	2	1.000	0.000	1.000	1	1	315.000	395.500	3.000	0.124	0.000	0.124	315.000	395.500	3.000	315	395	3	1	2	1
0.024	0.511	1	1	1	1.000	0.000	1.000	1	1	196.000	420.000	3.000	0.000	0.000	0.000	196.000	420.000	3.000	196	420	3	1	1	1
0.024	0.511	1	1	1	1.000	0.000	1.000	1	1	239.000	438.000	3.000	0.000	0.000	0.000	239.000	438.000	3.000	239	438	3	1	1	1
0.024	0.511	1	1	1	1.000	0.000	1.000	1	1	250.000	467.000	3.000	0.000	0.000	0.000	250.000	467.000	3.000	250	467	3	1	1	1
0.024	0.511	1	1	1	1.000	0.000	1.000	1	1	398.000	468.000	3.000	0.000	0.000	0.000	398.000	468.000	3.000	398	468	3	1	1	1
0.024	0.511	1	1	1	1.000	0.000	1.000	1	1	332.000	481.000	3.000	0.000	0.000	0.000	332.000	481.000	3.000	332	481	3	1	1	1
0.024	0.511	1	1	1	1.000	0.000	1.000	1	1	437.000	261.000	4.000	0.000	0.000	0.000	437.000	261.000	4.000	437	261	4	1	1	1
0.024	0.511	1	1	1	1.000	0.000	1.000	1	1	508.000	284.000	4.000	0.000	0.000	0.000	508.000	284.000	4.000	508	284	4	1	1	1
0.024	0.511	1	1	1	1.000	0.000	1.000	1	1	399.000	291.000	4.000	0.000	0.000	0.000	399.000	291.000	4.000	399	291	4	1	1	1
0.024	0.511	1	1	1	1.000	0.000	1.000	1	1	294.000	306.000	4.000	0.000	0.000	0.000	294.000	306.000	4.000	294	306	4	1	1	1
0.024	0.511	1	1	1	1.000	0.000	1.000	1	1	287.000	310.000	4.000	0.000	0.000	0.000	287.000	310.000	4.000	287	310	4	1	1	1
0.048	0.829	2	2	2	1.000	0.000	1.000	1	1	464.000	362.500	4.000	0.124	0.000	0.124	464.000	362.500	4.000	464	362	4	1	2	1
0.024	0.511	1	1	1	1.000	0.000	1.000	1	1	261.000	391.000	4.000	0.000	0.000	0.000	261.000	391.000	4.000	261	391	4	1	1	1
0.024	0.511	1	1	1	1.000	0.000	1.000	1	1	185.000	431.000	4.000	0.000	0.000	0.000	185.000	431.000	4.000	185	431	4	1	1	1
0.024	0.511	1	1	1	1.000	0.000	1.000	1	1	402.000	449.000	4.000	0.000	0.000	0.000	402.000	449.000	4.000	402	449	4	1	1	1
0.024	0.511	1	1	1	1.000	0.000	1.000	1	1	258.000	459.000	4.000	0.000	0.000	0.000	258.000	459.000	4.000	258	459	4	1	1	1
0.024	0.511	1	1	1	1.000	0.000	1.000	1	1	173.000	464.000	4.000	0.000	0.000	0.000	173.000	464.000	4.000	173	464	4	1	1	1
0.024	0.511	1	1	1	1.000	0.000	1.000	1	1	352.000	482.000	4.000	0.000	0.000	0.000	352.000	482.000	4.000	352	482	4	1	1	1
0.024	0.511	1	1	1	1.000	0.000	1.000	1	1	347.000	484.000	4.000	0.000	0.000	0.000	347.000	484.000	4.000	347	484	4	1	1	1
0.024	0.511	1	1	1	1.000	0.000	1.000	1	1	278.000	490.000	4.000	0.000	0.000	0.000	278.000	490.000	4.000	278	490	4	1	1	1
0.024	0.511	1	1	1	1.000	0.000	1.000	1	1	428.000	503.000	4.000	0.000	0.000	0.000	428.000	503.000	4.000	428	503	4	1	1	1
0.121	1.922	5	5	5	1.000	0.000	1.000	1	1	427.000	511.000	5.000	0.255	0.159	0.249	427.000	511.000	5.000	426	511	4	3	1	3
0.145	1.975	6	6	6	1.000	0.000	1.000	1	1	502.000	258.333	6.833	0.258	0.107	0.270	502.000	258.333	6.833	501	258	6	3	2	2
0.024	0.511	1	1	1	1.000	0.000	1.000	1	1	423.000	259.000	6.000	0.000	0.000	0.000	423.000	259.000	6.000	423	259	6	1	1	1
0.024	0.511	1	1	1	1.000	0.000	1.000	1	1	478.000	259.000	6.000	0.000	0.000	0.000	478.000	259.000	6.000	478	259	6	1	1	1
0.193	2.751	8	7	8	1.000	0.000	1.000	1	1	297.125	292.000	6.875	0.315	0.083	0.284	297.125	292.000	6.875	296	291	6	3	3	3
1.615	12.201	67	61	135	2.015	1.600	1.000	1	8	0.642	446.507	11.299	0.779	0.367	0.694	0.444	446.593	11.533	0	444	6	3	6	10
0.169	2.557	7	6	7	1.000	0.000	1.000	1	1	346.000	295.000	8.000	0.296	0.073	0.249	346.000	295.000	8.000	345	294	7	3	3	3
0.265	3.192	11	10	12	1.091	0.302	1.000	1	2	293.000	297.364	8.000	0.326	0.086	0.317	293.000	297.333	8.000	292	296	7	3	3	3
0.024	0.511	1	1	1	1.000	0.000	1.000	1	1	281.000	335.000	7.000	0.000	0.000	0.000	281.000	335.000	7.000	281	335	7	1	1	1
0.024	0.511	1	1	1	1.000	0.000	1.000	1	1	381.000	338.000	7.000	0.000	0.000	0.000	381.000	338.000	7.000	381	338	7	1	1	1
0.024	0.511	1	1	1	1.000	0.000	1.000	1	1	207.000	373.000	7.000	0.000	0.000	0.000	207.000	373.000	7.000	207	373	7	1	1	1
0.072	1.146	3	3	3	1.000	0.000	1.000	1	1	289.667	488.333	7.000	0.163	0.039	0.185	289.667	488.333	7.000	289	488	7	2	2	1
0.072	1.217	3	3	3	1.000	0.000	1.000	1	1	301.000	489.667	7.333	0.213	0.059	0.211	301.000	489.667	7.333	301	489	7	1	2	2
0.024	0.511	1	1	1	1.000	0.000	1.000	1	1	305.000	503.000	7.000	0.000	0.000	0.000	305.000	503.000	7.000	305	503	7	1	1	1
0.024	0.511	1	1	1	1.000	0.000	1.000	1	1	227.000	363.000	8.000	0.000	0.000	0.000	227.000	363.000	8.000	227	363	8	1	1	1
0.024	0.511	1	1	1	1.000	0.000	1.000	1	1	158.000	476.000	8.000	0.000	0.000	0.000	158.000	476.000	8.000	158	476	8	1	1	1
0.024	0.511	1	1	1	1.000	0.000	1.000	1	1	232.000	480.000	8.000	0.000	0.000	0.000	232.000	480.000	8.000	232	480	8	1	1	1
0.024	0.511	1	1	1	1.000	0.000	1.000	1	1	389.000	253.000	10.000	0.000	0.000	0.000	389.000	253.000	10.000	389	253	10	1	1	1
0.024	0.511	1	1	1	1.000	0.000	1.000	1	1	469.000	260.000	10.000	0.000	0.000	0.000	469.000	260.000	10.000	469	260	10	1	1	1
0.024	0.511	1	1	1	1.000	0.000	1.000	1	1	293.000	334.000	10.000	0.000	0.000	0.000	293.000	334.000	10.000	293	334	10	1	1	1
0.651	4.603	27	26	36	1.333	0.679	1.000	1	4	300.000	381.000	12.000	0.426	0.098	0.462	300.000	381.000	12.000	299	380	11	3	3	3
0.169	2.557	7	6	7	1.000	0.000	1.000	1	1	297.000	489.000	12.000	0.296	0.073	0.249	297.000	489.000	12.000	296	488	11	3	3	3
0.169	2.557	7	6	7	1.000	0.000	1.000	1	1	299.000	507.000	12.000	0.296	0.073	0.249	299.000	507.000	12.000	298	506	11	3	3	3
0.024	0.511	1	1	1	1.000	0.000	1.000	1	1	297.000	511.000	11.000	0.000	0.000	0.000	297.000	511.000	11.000	297	511	11	1	1	1
0.048	0.899	2	2	2	1.000	0.000	1.000	1	1	313.000	290.000	12.500	0.195	0.000	0.195	313.000	290.000	12.500	313	290	12	1	1	2
0.024	0.511	1	1	1	1.000	0.000	1.000	1	1	235.000	352.000	12.000	0.000	0.000	0.000	235.000	352.000	12.000	235	352	12	1	1	1
0.048	0.899	2	2	2	1.000	0.000	1.000	1	1	208.000	369.000	12.500	0.195	0.000	0.195	208.000	369.000	12.500	208	369	12	1	1	2
0.024	0.511	1	1	1	1.000	0.000	1.000	1	1	187.000	402.000	12.000	0.000	0.000	0.000	187.000	402.000	12.000	187	402	12	1	1	1
0.024	0.511	1	1	1	1.000	0.000	1.000	1	1	297.000	422.000	12.000	0.000	0.000	0.000	297.000	422.000	12.000	297	422	12	1	1	1
0.024	0.511	1	1	1	1.000	0.000	1.000	1	1	293.000	498.000	12.000	0.000	0.000	0.000	293.000	498.000	12.000	293	498	12	1	1	1
0.048	0.899	2	2	2	1.000	0.000	1.000	1	1	445.000	259.000	13.500	0.195	0.000	0.195	445.000	259.000	13.500	445	259	13	1	1	2
0.048	0.899	2	2	2	1.000	0.000	1.000	1	1	297.000	291.000	13.500	0.195	0.000	0.195	297.000	291.000	13.500	297	291	13	1	1	2
0.024	0.511	1	1	1	1.000	0.000	1.000	1	1	296.000	295.000	13.000	0.000	0.000	0.000	296.000	295.000	13.000	296	295	13	1	1	1
0.024	0.511	1	1	1	1.000	0.000	1.000	1	1	276.000	304.000	13.000	0.000	0.000	0.000	276.000	304.000	13.000	276	304	13	1	1	1
0.096	1.464	4	4	4	1.000	0.000	1.000	1	1	286.000	328.500	13.000	0.201	0.089	0.201	286.000	328.500	13.000	285	328	13	3	2	1
0.024	0.511	1	1	1	1.000	0.000	1.000	1	1	159.000	494.000	13.000	0.000	0.000	0.000	159.000	494.000	13.000	159	494	13	1	1	1
0.048	0.899	2	2	2	1.000	0.000	1.000	1	1	511.000	122.000	15.500	0.195	0.000	0.195	511.000	122.000	15.500	511	122	15	1	1	2
0.169	2.557	7	6	7	1.000	0.000	1.000	1	1	494.000	255.000	16.000	0.296	0.073	0.249	494.000	255.000	16.000	493	254	15	3	3	3
0.024	0.511	1	1	1	1.000	0.000	1.000	1	1	383.000	250.000	16.000	0.000	0.000	0.000	383.000	250.000	16.000	383	250	16	1	1	1
0.169	2.557	7	6	7	1.000	0.000	1.000	1	1	473.000	254.000	17.000	0.296	0.073	0.249	473.000	254.000	17.000	472	253	16	3	3	3
0.048	0.899	2	2	2	1.000	0.000	1.000	1	1	500.000	251.000	17.500	0.195	0.000	0.195	500.000	251.000	17.500	500	251	17	1	1	2
0.024	0.511	1	1	1	1.000	0.000	1.000	1	1	438.000	252.000	17.000	0.000	0.000	0.000	438.000	252.000	17.000	438	252	17	1	1	1
0.024	0.511	1	1	1	1.000	0.000	1.000	1	1	265.000	309.000	17.000	0.000	0.000	0.000	265.000	309.000	17.000	265	309	17	1	1	1
0.024	0.511	1	1	1	1.000	0.000	1.000	1	1	501.000	425.000	17.000	0.000	0.000	0.000	501.000	425.000	17.000	501	425	17	1	1	1
0.169	2.557	7	6	7	1.000	0.000	1.000	1	1	480.000	253.000	19.000	0.296	0.073	0.249	480.000	253.000	19.000	479	252	18	3	3	3
0.024	0.511	1	1	1	1.000	0.000	1.000	1	1	214.000	383.000	18.000	0.000	0.000	0.000	214.000	383.000	18.000	214	383	18	1	1	1
0.024	0.511	1	1	1	1.000	0.000	1.000	1	1	150.000	481.000	18.000	0.000	0.000	0.000	150.000	481.000	18.000	150	481	18	1	1	1
0.121	1.922	5	5	5	1.000	0.000	1.000	1	1	0.000	450.000	20.000	0.255	0.159	0.249	0.000	450.000	20.000	0	449	19	1	3	3
0.048	0.899	2	2	2	1.000	0.000	1.000	1	1	413.000	249.000	20.500	0.195	0.000	0.195	413.000	249.000	20.500	413	249	20	1	1	2
0.024	0.511	1	1	1	1.000	0.000	1.000	1	1	486.000	256.000	20.000	0.000	0.000	0.000	486.000	256.000	20.000	486	256	20	1	1	1
0.024	0.511	1	1	1	1.000	0.000	1.000	1	1	373.000	286.000	20.000	0.000	0.000	0.000	373.000	286.000	20.000	373	286	20	1	1	1
0.217	2.945	9	8	9	1.000	0.000	1.000	1	1	289.889	287.111	21.222	0.325	0.081	0.298	289.889	287.111	21.222	289	286	20	3	3	3
0.024	0.511	1	1	1	1.000	0.000	1.000	1	1	300.000	297.000	20.000	0.000	0.000	0.000	300.000	297.000	20.000	300	297	20	1	1	1
0.024	0.511	1	1	1	1.000	0.000	1.000	1	1	262.000	307.000	20.000	0.000	0.000	0.000	262.000	307.000	20.000	262	307	20	1	1	1
0.169	2.557	7	6	8	1.143	0.378	1.000	1	2	219.000	362.000	21.000	0.296	0.073	0.249	219.000	362.000	21.000	218	361	20	3	3	3
0.072	1.217	3	3	3	1.000	0.000	1.000	1	1	163.667	452.000	20.667	0.213	0.059	0.211	163.667	452.000	20.667	163	452	20	2	1	2
0.024	0.511	1	1	1	1.000	0.000	1.000	1	1	381.000	250.000	21.000	0.000	0.000	0.000	381.000	250.000	21.000	381	250	21	1	1	1
0.024	0.511	1	1	1	1.000	0.000	1.000	1	1	432.000	254.000	21.000	0.000	0.000	0.000	432.000	254.000	21.000	432	254	21	1	1	1
0.024	0.511	1	1	1	1.000	0.000	1.000	1	1	501.000	254.000	21.000	0.000	0.000	0.000	501.000	254.000	21.000	501	254	21	1	1	1
0.024	0.511	1	1	1	1.000	0.000	1.000	1	1	330.000	287.000	21.000	0.000	0.000	0.000	330.000	287.000	21.000	330	287	21	1	1	1
0.024	0.511	1	1	1	1.000	0.000	1.000	1	1	308.000	344.000	21.000	0.000	0.000	0.000	308.000	344.000	21.000	308	344	21	1	1	1
0.169	2.557	7	6	8	1.143	0.378	1.000	1	2	391.000	246.000	23.000	0.296	0.073	0.249	391.000	246.000	23.000	390	245	22	3	3	3
0.072	1.287	3	3	3	1.000	0.000	1.000	1	1	382.000	247.000	23.000	0.260	0.225	0.390	382.000	247.000	23.000	382	247	22	1	1	3
0.169	2.557	7	6	7	1.000	0.000	1.000	1	1	478.000	251.000	23.000	0.296	0.073	0.249	478.000	251.000	23.000	477	250	22	3	3	3
0.169	2.557	7	6	7	1.000	0.000	1.000	1	1	174.000	427.000	23.000	0.296	0.073	0.249	174.000	427.000	23.000	173	426	22	3	3	3
0.024	0.511	1	1	1	1.000	0.000	1.000	1	1	460.000	255.000	23.000	0.000	0.000	0.000	460.000	255.000	23.000	460	255	23	1	1	1
0.024	0.511	1	1	1	1.000	0.000	1.000	1	1	449.000	265.000	23.000	0.000	0.000	0.000	449.000	265.000	23.000	449	265	23	1	1	1
0.169	2.557	7	6	7	1.000	0.000	1.000	1	1	410.000	282.000	24.000	0.296	0.073	0.249	410.000	282.000	24.000	409	281	23	3	3	3
0.169	2.557	7	6	7	1.000	0.000	1.000	1	1	283.000	301.000	24.000	0.296	0.073	0.249	283.000	301.000	24.000	282	300	23	3	3	3
0.024	0.511	1	1	1	1.000	0.000	1.000	1	1	271.000	306.000	23.000	0.000	0.000	0.000	271.000	306.000	23.000	271	306	23	1	1	1
17.401	53.502	722	399	10871	15.057	28.555	4.000	1	228	219.924	386.438	26.339	1.476	0.338	1.520	220.537	386.451	27.315	212	379	23	16	16	6
0.024	0.511	1	1	1	1.000	0.000	1.000	1	1	143.000	488.000	23.000	0.000	0.000	0.000	143.000	488.000	23.000	143	488	23	1	1	1
0.217	2.821	9	9	9	1.000	0.000	1.000	1	1	145.333	490.000	23.667	0.313	0.111	0.293	145.333	490.000	23.667	145	489	23	2	3	3
0.024	0.511	1	1	1	1.000	0.000	1.000	1	1	154.000	495.000	23.000	0.000	0.000	0.000	154.000	495.000	23.000	154	495	23	1	1	1
0.048	0.899	2	2	2	1.000	0.000	1.000	1	1	395.000	247.000	24.500	0.195	0.000	0.195	395.000	247.000	24.500	395	247	24	1	1	2
1.085	11.394	45	45	47	1.044	0.298	1.000	1	3	501.444	248.711	27.089	0.839	0.371	0.898	501.426	248.723	27.128	499	244	24	6	11	5
0.024	0.511	1	1	1	1.000	0.000	1.000	1	1	492.000	249.000	24.000	0.000	0.000	0.000	492.000	249.000	24.000	492	249	24	1	1	1
0.024	0.511	1	1	1	1.000	0.000	1.000	1	1	511.000	249.000	24.000	0.000	0.000	0.000	511.000	249.000	24.000	511	249	24	1	1	1
0.048	0.829	2	2	2	1.000	0.000	1.000	1	1	242.000	331.500	24.000	0.124	0.000	0.124	242.000	331.500	24.000	242	331	24	1	2	1
3.374	18.856	140	114	262	1.871	1.319	1.000	1	7	255.164	339.700	27.071	0.843	0.235	0.844	255.225	339.656	27.324	250	336	24	10	9	5
5.302	30.218	220	192	489	2.223	2.262	1.000	1	14	404.495	370.632	27.268	1.071	0.394	1.084	405.241	369.777	27.485	399	365	24	12	14	5
0.024	0.511	1	1	1	1.000	0.000	1.000	1	1	496.000	433.000	24.000	0.000	0.000	0.000	496.000	433.000	24.000	496	433	24	1	1	1
0.024	0.511	1	1	1	1.000	0.000	1.000	1	1	159.000	457.000	24.000	0.000	0.000	0.000	159.000	457.000	24.000	159	457	24	1	1	1
0.362	3.897	15	14	16	1.067	0.258	1.000	1	2	140.133	478.000	24.933	0.369	0.094	0.371	140.125	478.000	24.938	139	477	24	3	3	3
0.048	0.899	2	2	2	1.000	0.000	1.000	1	1	134.000	488.000	24.500	0.195	0.000	0.195	134.000	488.000	24.500	134	488	24	1	1	2
0.506	7.036	21	20	21	1.000	0.000	1.000	1	1	141.095	494.762	25.524	0.572	0.265	0.509	141.095	494.762	25.524	139	492	24	7	6	4
1.591	11.270	66	61	282	4.273	4.522	2.000	1	20	271.909	0.894	27.182	0.660	0.229	0.635	272.103	0.560	27.493	267	0	25	10	4	4
0.121	1.728	5	5	5	1.000	0.000	1.000	1	1	441.200	244.600	25.400	0.245	0.038	0.259	441.200	244.600	25.400	441	244	25	2	2	2
0.048	0.899	2	2	2	1.000	0.000	1.000	1	1	507.000	246.000	25.500	0.195	0.000	0.195	507.000	246.000	25.500	507	246	25	1	1	2
0.024	0.511	1	1	1	1.000	0.000	1.000	1	1	465.000	247.000	25.000	0.000	0.000	0.000	465.000	247.000	25.000	465	247	25	1	1	1
0.024	0.511	1	1	1	1.000	0.000	1.000	1	1	481.000	250.000	25.000	0.000	0.000	0.000	481.000	250.000	25.000	481	250	25	1	1	1
0.024	0.511	1	1	1	1.000	0.000	1.000	1	1	504.000	251.000	25.000	0.000	0.000	0.000	504.000	251.000	25.000	504	251	25	1	1	1
0.024	0.511	1	1	1	1.000	0.000	1.000	1	1	381.000	255.000	25.000	0.000	0.000	0.000	381.000	255.000	25.000	381	255	25	1	1	1
4.025	19.934	167	135	792	4.743	6.730	2.000	1	42	411.323	335.102	27.204	0.884	0.228	0.880	411.173	335.061	27.504	406	331	25	10	10	4
4.145	22.225	172	137	427	2.483	2.635	1.000	1	15	204.971	375.558	27.017	0.884	0.262	0.877	204.953	375.792	27.393	200	371	25	10	11	4
6.965	29.425	289	218	1350	4.671	5.700	2.000	1	36	220.294	458.343	27.042	1.068	0.291	1.092	220.219	458.447	27.459	214	453	25	13	11	4
1.350	10.477	56	54	79	1.411	0.804	1.000	1	5	154.482	462.679	27.250	0.639	0.237	0.631	154.342	462.481	27.367	152	460	25	7	8	4
0.169	2.557	7	6	7	1.000	0.000	1.000	1	1	160.000	496.000	26.000	0.296	0.073	0.249	160.000	496.000	26.000	159	495	25	3	3	3
0.482	4.532	20	19	23	1.150	0.366	1.000	1	2	382.000	247.600	27.250	0.401	0.114	0.410	382.000	247.565	27.304	381	246	26	3	4	3
0.024	0.511	1	1	1	1.000	0.000	1.000	1	1	471.000	254.000	26.000	0.000	0.000	0.000	471.000	254.000	26.000	471	254	26	1	1	1
0.024	0.511	1	1	1	1.000	0.000	1.000	1	1	434.000	256.000	26.000	0.000	0.000	0.000	434.000	256.000	26.000	434	256	26	1	1	1
0.819	6.280	34	33	68	2.000	1.456	1.500	1	7	485.824	284.000	27.588	0.453	0.122	0.447	485.779	284.000	27.676	484	282	26	5	5	3
0.024	0.511	1	1	1	1.000	0.000	1.000	1	1	269.000	302.000	26.000	0.000	0.000	0.000	269.000	302.000	26.000	269	302	26	1	1	1
0.024	0.511	1	1	1	1.000	0.000	1.000	1	1	267.000	309.000	26.000	0.000	0.000	0.000	267.000	309.000	26.000	267	309	26	1	1	1
1.036	9.472	43	43	49	1.140	0.413	1.000	1	3	0.721	320.256	27.628	0.730	0.379	0.638	0.694	320.143	27.673	0	315	26	3	13	3
0.747	6.086	31	30	53	1.710	0.973	1.000	1	5	421.000	324.000	27.645	0.441	0.123	0.432	421.000	324.000	27.679	419	322	26	5	5	3
0.024	0.511	1	1	1	1.000	0.000	1.000	1	1	195.000	372.000	26.000	0.000	0.000	0.000	195.000	372.000	26.000	195	372	26	1	1	1
2.482	15.754	103	94	239	2.320	2.537	1.000	1	15	219.184	418.029	27.495	0.765	0.261	0.742	219.067	418.084	27.628	214	414	26	10	9	3
0.458	4.903	19	18	19	1.000	0.000	1.000	1	1	175.579	420.842	27.421	0.417	0.143	0.407	175.579	420.842	27.421	174	419	26	4	5	3
3.832	23.357	159	151	309	1.943	1.608	1.000	1	10	487.283	434.296	27.434	0.937	0.389	0.896	486.939	433.887	27.602	482	430	26	13	12	3
0.024	0.511	1	1	1	1.000	0.000	1.000	1	1	160.000	455.000	26.000	0.000	0.000	0.000	160.000	455.000	26.000	160	455	26	1	1	1
1.735	11.784	72	68	140	1.944	1.743	1.000	1	10	301.806	456.292	27.514	0.639	0.207	0.641	301.493	456.293	27.643	299	453	26	7	8	3
0.072	1.146	3	3	3	1.000	0.000	1.000	1	1	129.000	488.000	26.000	0.166	0.144	0.249	129.000	488.000	26.000	129	487	26	1	3	1
0.024	0.511	1	1	1	1.000	0.000	1.000	1	1	131.000	494.000	26.000	0.000	0.000	0.000	131.000	494.000	26.000	131	494	26	1	1	1
0.530	5.044	22	20	24	1.091	0.294	1.000	1	2	161.045	501.000	27.182	0.410	0.098	0.405	160.958	501.000	27.208	159	500	26	5	3	3
0.024	0.511	1	1	1	1.000	0.000	1.000	1	1	445.000	230.000	27.000	0.000	0.000	0.000	445.000	230.000	27.000	445	230	27	1	1	1
0.024	0.511	1	1	1	1.000	0.000	1.000	1	1	443.000	233.000	27.000	0.000	0.000	0.000	443.000	233.000	27.000	443	233	27	1	1	1
0.048	0.899	2	2	2	1.000	0.000	1.000	1	1	438.000	244.000	27.500	0.195	0.000	0.195	438.000	244.000	27.500	438	244	27	1	1	2
0.024	0.511	1	1	1	1.000	0.000	1.000	1	1	424.000	249.000	27.000	0.000	0.000	0.000	424.000	249.000	27.000	424	249	27	1	1	1
0.024	0.511	1	1	1	1.000	0.000	1.000	1	1	468.000	252.000	27.000	0.000	0.000	0.000	468.000	252.000	27.000	468	252	27	1	1	1
0.048	0.899	2	2	2	1.000	0.000	1.000	1	1	368.000	260.000	27.500	0.195	0.000	0.195	368.000	260.000	27.500	368	260	27	1	1	2
0.241	2.664	10	10	10	1.000	0.000	1.000	1	1	359.000	276.000	27.900	0.281	0.099	0.301	359.000	276.000	27.900	358	275	27	3	3	2
0.024	0.511	1	1	1	1.000	0.000	1.000	1	1	255.000	311.000	27.000	0.000	0.000	0.000	255.000	311.000	27.000	255	311	27	1	1	1
0.241	2.664	10	10	10	1.000	0.000	1.000	1	1	272.000	315.000	27.900	0.281	0.099	0.301	272.000	315.000	27.900	271	314	27	3	3	2
0.024	0.511	1	1	1	1.000	0.000	1.000	1	1	241.000	328.000	27.000	0.000	0.000	0.000	241.000	328.000	27.000	241	328	27	1	1	1
0.337	3.439	14	14	15	1.071	0.267	1.000	1	2	246.000	335.000	27.643	0.318	0.068	0.353	246.000	335.000	27.667	245	334	27	3	3	2
0.169	2.363	7	7	7	1.000	0.000	1.000	1	1	187.000	381.143	27.714	0.263	0.073	0.275	187.000	381.143	27.714	186	380	27	3	3	2
0.024	0.511	1	1	1	1.000	0.000	1.000	1	1	190.000	396.000	27.000	0.000	0.000	0.000	190.000	396.000	27.000	190	396	27	1	1	1
0.024	0.511	1	1	1	1.000	0.000	1.000	1	1	172.000	428.000	27.000	0.000	0.000	0.000	172.000	428.000	27.000	172	428	27	1	1	1
0.458	4.358	19	19	19	1.000	0.000	1.000	1	1	266.421	432.000	27.947	0.439	0.182	0.432	266.421	432.000	27.947	264	431	27	6	3	2
0.024	0.511	1	1	1	1.000	0.000	1.000	1	1	164.000	440.000	27.000	0.000	0.000	0.000	164.000	440.000	27.000	164	440	27	1	1	1
0.024	0.511	1	1	1	1.000	0.000	1.000	1	1	166.000	444.000	27.000	0.000	0.000	0.000	166.000	444.000	27.000	166	444	27	1	1	1
0.024	0.511	1	1	1	1.000	0.000	1.000	1	1	196.000	450.000	27.000	0.000	0.000	0.000	196.000	450.000	27.000	196	450	27	1	1	1
0.337	3.439	14	14	15	1.071	0.267	1.000	1	2	398.000	470.000	27.643	0.318	0.068	0.353	398.000	470.000	27.667	397	469	27	3	3	2
0.241	2.664	10	10	10	1.000	0.000	1.000	1	1	496.000	476.000	27.900	0.281	0.099	0.301	496.000	476.000	27.900	495	475	27	3	3	2
0.241	2.664	10	10	10	1.000	0.000	1.000	1	1	247.000	479.000	27.900	0.281	0.099	0.301	247.000	479.000	27.900	246	478	27	3	3	2
0.603	5.574	25	25	25	1.000	0.000	1.000	1	1	183.520	482.240	27.800	0.461	0.165	0.463	183.520	482.240	27.800	181	481	27	6	4	2
0.241	2.664	10	10	10	1.000	0.000	1.000	1	1	134.000	491.000	27.900	0.281	0.099	0.301	134.000	491.000	27.900	133	490	27	3	3	2
0.024	0.511	1	1	1	1.000	0.000	1.000	1	1	138.000	500.000	27.000	0.000	0.000	0.000	138.000	500.000	27.000	138	500	27	1	1	1
0.048	0.829	2	2	2	1.000	0.000	1.000	1	1	381.000	240.500	28.000	0.124	0.000	0.124	381.000	240.500	28.000	381	240	28	1	2	1
0.121	1.781	5	5	5	1.000	0.000	1.000	1	1	498.000	243.000	28.000	0.199	0.111	0.249	498.000	243.000	28.000	497	242	28	3	3	1
0.024	0.511	1	1	1	1.000	0.000	1.000	1	1	466.000	252.000	28.000	0.000	0.000	0.000	466.000	252.000	28.000	466	252	28	1	1	1
0.121	1.781	5	5	5	1.000	0.000	1.000	1	1	488.000	254.000	28.000	0.199	0.111	0.249	488.000	254.000	28.000	487	253	28	3	3	1
0.024	0.511	1	1	1	1.000	0.000	1.000	1	1	485.000	261.000	28.000	0.000	0.000	0.000	485.000	261.000	28.000	485	261	28	1	1	1
0.121	1.781	5	5	5	1.000	0.000	1.000	1	1	356.000	265.000	28.000	0.199	0.111	0.249	356.000	265.000	28.000	355	264	28	3	3	1
0.024	0.511	1	1	1	1.000	0.000	1.000	1	1	340.000	277.000	28.000	0.000	0.000	0.000	340.000	277.000	28.000	340	277	28	1	1	1
0.121	1.781	5	5	5	1.000	0.000	1.000	1	1	342.000	285.000	28.000	0.199	0.111	0.249	342.000	285.000	28.000	341	284	28	3	3	1
0.024	0.511	1	1	1	1.000	0.000	1.000	1	1	451.000	297.000	28.000	0.000	0.000	0.000	451.000	297.000	28.000	451	297	28	1	1	1
0.024	0.511	1	1	1	1.000	0.000	1.000	1	1	328.000	331.000	28.000	0.000	0.000	0.000	328.000	331.000	28.000	328	331	28	1	1	1
0.217	2.276	9	9	9	1.000	0.000	1.000	1	1	237.000	358.000	28.000	0.267	0.112	0.249	237.000	358.000	28.000	236	357	28	3	3	1
0.121	1.781	5	5	5	1.000	0.000	1.000	1	1	352.000	362.000	28.000	0.199	0.111	0.249	352.000	362.000	28.000	351	361	28	3	3	1
0.024	0.511	1	1	1	1.000	0.000	1.000	1	1	252.000	369.000	28.000	0.000	0.000	0.000	252.000	369.000	28.000	252	369	28	1	1	1
0.217	2.276	9	9	9	1.000	0.000	1.000	1	1	311.000	385.000	28.000	0.267	0.112	0.249	311.000	385.000	28.000	310	384	28	3	3	1
0.024	0.511	1	1	1	1.000	0.000	1.000	1	1	177.000	388.000	28.000	0.000	0.000	0.000	177.000	388.000	28.000	177	388	28	1	1	1
0.193	2.540	8	8	8	1.000	0.000	1.000	1	1	185.250	390.375	28.000	0.312	0.157	0.295	185.250	390.375	28.000	183	389	28	5	3	1
0.145	1.905	6	6	6	1.000	0.000	1.000	1	1	178.833	397.833	28.000	0.227	0.092	0.252	178.833	397.833	28.000	178	397	28	3	3	1
0.024	0.511	1	1	1	1.000	0.000	1.000	1	1	464.000	397.000	28.000	0.000	0.000	0.000	464.000	397.000	28.000	464	397	28	1	1	1
0.072	1.146	3	3	3	1.000	0.000	1.000	1	1	0.000	419.000	28.000	0.166	0.144	0.249	0.000	419.000	28.000	0	418	28	1	3	1
0.024	0.511	1	1	1	1.000	0.000	1.000	1	1	179.000	432.000	28.000	0.000	0.000	0.000	179.000	432.000	28.000	179	432	28	1	1	1
0.024	0.511	1	1	1	1.000	0.000	1.000	1	1	165.000	450.000	28.000	0.000	0.000	0.000	165.000	450.000	28.000	165	450	28	1	1	1
0.096	1.464	4	4	4	1.000	0.000	1.000	1	1	200.000	454.750	28.000	0.190	0.092	0.221	200.000	454.750	28.000	199	454	28	3	2	1
0.024	0.511	1	1	1	1.000	0.000	1.000	1	1	175.000	455.000	28.000	0.000	0.000	0.000	175.000	455.000	28.000	175	455	28	1	1	1
0.024	0.511	1	1	1	1.000	0.000	1.000	1	1	197.000	455.000	28.000	0.000	0.000	0.000	197.000	455.000	28.000	197	455	28	1	1	1
0.024	0.511	1	1	1	1.000	0.000	1.000	1	1	134.000	471.000	28.000	0.000	0.000	0.000	134.000	471.000	28.000	134	471	28	1	1	1
0.024	0.511	1	1	1	1.000	0.000	1.000	1	1	138.000	475.000	28.000	0.000	0.000	0.000	138.000	475.000	28.000	138	475	28	1	1	1
0.217	2.276	9	9	9	1.000	0.000	1.000	1	1	187.000	486.000	28.000	0.267	0.112	0.249	187.000	486.000	28.000	186	485	28	3	3	1
0.024	0.511	1	1	1	1.000	0.000	1.000	1	1	278.000	487.000	28.000	0.000	0.000	0.000	278.000	487.000	28.000	278	487	28	1	1	1
0.024	0.511	1	1	1	1.000	0.000	1.000	1	1	163.000	492.000	28.000	0.000	0.000	0.000	163.000	492.000	28.000	163	492	28	1	1	1
0.072	1.146	3	3	3	1.000	0.000	1.000	1	1	138.000	511.000	28.000	0.166	0.144	0.249	138.000	511.000	28.000	137	511	28	3	1	1
