Volume (micron^3)	Surface (micron^2)	Nb of obj. voxels	Nb of surf. voxels	IntDen	Mean	StdDev	Median	Min	Max	X	Y	Z	Mean dist. to surf. (micron)	SD dist. to surf. (micron)	Median dist. to surf. (micron)	XM	YM	ZM	BX	BY	BZ	B-width	B-height	B-depth
21855.281	12258.491	906810	123427	131210240	144.694	191.470	83	1	3011	252.060	124.400	12.969	40.625	16.254	40.361	262.104	134.083	10.722	0	0	1	512	230	24
0.121	1.781	5	5	5	1.000	0.000	1	1	1	28.000	20.000	1.000	0.199	0.111	0.249	28.000	20.000	1.000	27	19	1	3	3	1
0.024	0.511	1	1	1	1.000	0.000	1	1	1	405.000	48.000	1.000	0.000	0.000	0.000	405.000	48.000	1.000	405	48	1	1	1	1
0.169	2.557	7	6	7	1.000	0.000	1	1	1	411.000	67.000	2.000	0.296	0.073	0.249	411.000	67.000	2.000	410	66	1	3	3	3
0.121	1.781	5	5	5	1.000	0.000	1	1	1	368.000	69.000	1.000	0.199	0.111	0.249	368.000	69.000	1.000	367	68	1	3	3	1
0.217	2.276	9	9	9	1.000	0.000	1	1	1	220.000	75.000	1.000	0.267	0.112	0.249	220.000	75.000	1.000	219	74	1	3	3	1
0.458	4.603	19	18	20	1.053	0.229	1	1	2	161.000	76.000	2.000	0.382	0.086	0.390	161.000	76.000	2.000	160	75	1	3	3	3
0.121	1.781	5	5	5	1.000	0.000	1	1	1	336.000	86.000	1.000	0.199	0.111	0.249	336.000	86.000	1.000	335	85	1	3	3	1
0.121	1.781	5	5	5	1.000	0.000	1	1	1	346.000	94.000	1.000	0.199	0.111	0.249	346.000	94.000	1.000	345	93	1	3	3	1
0.169	2.557	7	6	8	1.143	0.378	1	1	2	260.000	103.000	2.000	0.296	0.073	0.249	260.000	103.000	2.000	259	102	1	3	3	3
0.530	4.886	22	22	22	1.000	0.000	1	1	1	267.455	107.136	1.273	0.406	0.134	0.390	267.455	107.136	1.273	266	105	1	4	5	2
0.024	0.511	1	1	1	1.000	0.000	1	1	1	155.000	108.000	1.000	0.000	0.000	0.000	155.000	108.000	1.000	155	108	1	1	1	1
0.241	2.664	10	10	10	1.000	0.000	1	1	1	129.000	125.000	1.100	0.281	0.099	0.301	129.000	125.000	1.100	128	124	1	3	3	2
0.121	1.781	5	5	5	1.000	0.000	1	1	1	341.000	128.000	1.000	0.199	0.111	0.249	341.000	128.000	1.000	340	127	1	3	3	1
0.024	0.511	1	1	1	1.000	0.000	1	1	1	137.000	136.000	1.000	0.000	0.000	0.000	137.000	136.000	1.000	137	136	1	1	1	1
0.121	1.781	5	5	5	1.000	0.000	1	1	1	135.000	141.000	1.000	0.199	0.111	0.249	135.000	141.000	1.000	134	140	1	3	3	1
0.121	1.781	5	5	5	1.000	0.000	1	1	1	141.000	141.000	1.000	0.199	0.111	0.249	141.000	141.000	1.000	140	140	1	3	3	1
0.024	0.511	1	1	1	1.000	0.000	1	1	1	267.000	156.000	1.000	0.000	0.000	0.000	267.000	156.000	1.000	267	156	1	1	1	1
0.241	2.664	10	10	10	1.000	0.000	1	1	1	259.000	158.000	1.100	0.281	0.099	0.301	259.000	158.000	1.100	258	157	1	3	3	2
0.145	2.046	6	6	6	1.000	0.000	1	1	1	254.333	165.667	2.000	0.256	0.123	0.210	254.333	165.667	2.000	254	165	1	2	2	3
0.241	3.456	10	9	10	1.000	0.000	1	1	1	242.400	169.000	2.500	0.408	0.181	0.331	242.400	169.000	2.500	241	168	1	4	3	4
0.024	0.511	1	1	1	1.000	0.000	1	1	1	220.000	170.000	1.000	0.000	0.000	0.000	220.000	170.000	1.000	220	170	1	1	1	1
0.121	1.781	5	5	5	1.000	0.000	1	1	1	203.000	180.000	1.000	0.199	0.111	0.249	203.000	180.000	1.000	202	179	1	3	3	1
0.024	0.511	1	1	1	1.000	0.000	1	1	1	413.000	40.000	2.000	0.000	0.000	0.000	413.000	40.000	2.000	413	40	2	1	1	1
0.096	1.798	4	4	4	1.000	0.000	1	1	1	367.500	77.500	2.500	0.263	0.000	0.263	367.500	77.500	2.500	367	77	2	2	2	2
0.024	0.511	1	1	1	1.000	0.000	1	1	1	289.000	102.000	2.000	0.000	0.000	0.000	289.000	102.000	2.000	289	102	2	1	1	1
0.024	0.511	1	1	1	1.000	0.000	1	1	1	83.000	120.000	2.000	0.000	0.000	0.000	83.000	120.000	2.000	83	120	2	1	1	1
0.024	0.511	1	1	1	1.000	0.000	1	1	1	160.000	152.000	2.000	0.000	0.000	0.000	160.000	152.000	2.000	160	152	2	1	1	1
0.024	0.511	1	1	1	1.000	0.000	1	1	1	143.000	3.000	3.000	0.000	0.000	0.000	143.000	3.000	3.000	143	3	3	1	1	1
0.024	0.511	1	1	1	1.000	0.000	1	1	1	23.000	8.000	3.000	0.000	0.000	0.000	23.000	8.000	3.000	23	8	3	1	1	1
0.024	0.511	1	1	1	1.000	0.000	1	1	1	416.000	37.000	3.000	0.000	0.000	0.000	416.000	37.000	3.000	416	37	3	1	1	1
0.169	2.557	7	6	7	1.000	0.000	1	1	1	406.000	45.000	4.000	0.296	0.073	0.249	406.000	45.000	4.000	405	44	3	3	3	3
0.169	2.046	7	7	7	1.000	0.000	1	1	1	374.429	70.429	3.571	0.259	0.023	0.261	374.429	70.429	3.571	374	70	3	2	2	2
0.024	0.511	1	1	1	1.000	0.000	1	1	1	388.000	70.000	3.000	0.000	0.000	0.000	388.000	70.000	3.000	388	70	3	1	1	1
0.169	2.557	7	6	7	1.000	0.000	1	1	1	110.000	126.000	4.000	0.296	0.073	0.249	110.000	126.000	4.000	109	125	3	3	3	3
0.024	0.511	1	1	1	1.000	0.000	1	1	1	162.000	147.000	3.000	0.000	0.000	0.000	162.000	147.000	3.000	162	147	3	1	1	1
0.024	0.511	1	1	1	1.000	0.000	1	1	1	272.000	159.000	3.000	0.000	0.000	0.000	272.000	159.000	3.000	272	159	3	1	1	1
0.024	0.511	1	1	1	1.000	0.000	1	1	1	206.000	177.000	3.000	0.000	0.000	0.000	206.000	177.000	3.000	206	177	3	1	1	1
0.024	0.511	1	1	1	1.000	0.000	1	1	1	344.000	119.000	4.000	0.000	0.000	0.000	344.000	119.000	4.000	344	119	4	1	1	1
0.024	0.511	1	1	1	1.000	0.000	1	1	1	156.000	131.000	4.000	0.000	0.000	0.000	156.000	131.000	4.000	156	131	4	1	1	1
0.024	0.511	1	1	1	1.000	0.000	1	1	1	321.000	139.000	4.000	0.000	0.000	0.000	321.000	139.000	4.000	321	139	4	1	1	1
0.024	0.511	1	1	1	1.000	0.000	1	1	1	90.000	117.000	5.000	0.000	0.000	0.000	90.000	117.000	5.000	90	117	5	1	1	1
0.024	0.511	1	1	1	1.000	0.000	1	1	1	117.000	133.000	5.000	0.000	0.000	0.000	117.000	133.000	5.000	117	133	5	1	1	1
0.024	0.511	1	1	1	1.000	0.000	1	1	1	246.000	160.000	5.000	0.000	0.000	0.000	246.000	160.000	5.000	246	160	5	1	1	1
0.024	0.511	1	1	1	1.000	0.000	1	1	1	50.000	55.000	7.000	0.000	0.000	0.000	50.000	55.000	7.000	50	55	7	1	1	1
0.024	0.511	1	1	1	1.000	0.000	1	1	1	159.000	149.000	7.000	0.000	0.000	0.000	159.000	149.000	7.000	159	149	7	1	1	1
0.024	0.511	1	1	1	1.000	0.000	1	1	1	240.000	168.000	7.000	0.000	0.000	0.000	240.000	168.000	7.000	240	168	7	1	1	1
0.024	0.511	1	1	1	1.000	0.000	1	1	1	217.000	170.000	7.000	0.000	0.000	0.000	217.000	170.000	7.000	217	170	7	1	1	1
0.169	2.557	7	6	7	1.000	0.000	1	1	1	250.000	162.000	9.000	0.296	0.073	0.249	250.000	162.000	9.000	249	161	8	3	3	3
0.024	0.511	1	1	1	1.000	0.000	1	1	1	201.000	172.000	8.000	0.000	0.000	0.000	201.000	172.000	8.000	201	172	8	1	1	1
0.024	0.511	1	1	1	1.000	0.000	1	1	1	38.000	12.000	10.000	0.000	0.000	0.000	38.000	12.000	10.000	38	12	10	1	1	1
0.024	0.511	1	1	1	1.000	0.000	1	1	1	382.000	67.000	12.000	0.000	0.000	0.000	382.000	67.000	12.000	382	67	12	1	1	1
0.024	0.511	1	1	1	1.000	0.000	1	1	1	321.000	119.000	12.000	0.000	0.000	0.000	321.000	119.000	12.000	321	119	12	1	1	1
0.024	0.511	1	1	1	1.000	0.000	1	1	1	121.000	132.000	12.000	0.000	0.000	0.000	121.000	132.000	12.000	121	132	12	1	1	1
0.169	2.557	7	6	7	1.000	0.000	1	1	1	139.000	136.000	13.000	0.296	0.073	0.249	139.000	136.000	13.000	138	135	12	3	3	3
0.048	0.899	2	2	2	1.000	0.000	1	1	1	229.000	167.000	12.500	0.195	0.000	0.195	229.000	167.000	12.500	229	167	12	1	1	2
0.024	0.511	1	1	1	1.000	0.000	1	1	1	69.000	86.000	15.000	0.000	0.000	0.000	69.000	86.000	15.000	69	86	15	1	1	1
0.024	0.511	1	1	1	1.000	0.000	1	1	1	57.000	55.000	16.000	0.000	0.000	0.000	57.000	55.000	16.000	57	55	16	1	1	1
0.024	0.511	1	1	1	1.000	0.000	1	1	1	322.000	128.000	16.000	0.000	0.000	0.000	322.000	128.000	16.000	322	128	16	1	1	1
0.458	4.603	19	18	20	1.053	0.229	1	1	2	346.000	2.000	18.000	0.382	0.086	0.390	346.000	2.000	18.000	345	1	17	3	3	3
0.024	0.511	1	1	1	1.000	0.000	1	1	1	311.000	88.000	17.000	0.000	0.000	0.000	311.000	88.000	17.000	311	88	17	1	1	1
0.024	0.511	1	1	1	1.000	0.000	1	1	1	204.000	143.000	17.000	0.000	0.000	0.000	204.000	143.000	17.000	204	143	17	1	1	1
0.024	0.511	1	1	1	1.000	0.000	1	1	1	388.000	33.000	18.000	0.000	0.000	0.000	388.000	33.000	18.000	388	33	18	1	1	1
0.241	2.875	10	10	10	1.000	0.000	1	1	1	153.400	147.800	19.200	0.307	0.106	0.328	153.400	147.800	19.200	153	147	18	2	3	3
0.024	0.511	1	1	1	1.000	0.000	1	1	1	382.000	18.000	20.000	0.000	0.000	0.000	382.000	18.000	20.000	382	18	20	1	1	1
0.169	2.627	7	7	7	1.000	0.000	1	1	1	58.000	63.286	21.000	0.334	0.165	0.396	58.000	63.286	21.000	57	62	20	3	3	3
0.024	0.511	1	1	1	1.000	0.000	1	1	1	67.000	63.000	20.000	0.000	0.000	0.000	67.000	63.000	20.000	67	63	20	1	1	1
0.024	0.511	1	1	1	1.000	0.000	1	1	1	134.000	122.000	20.000	0.000	0.000	0.000	134.000	122.000	20.000	134	122	20	1	1	1
0.554	6.561	23	23	23	1.000	0.000	1	1	1	280.478	147.652	22.783	0.673	0.225	0.639	280.478	147.652	22.783	278	146	20	5	4	5
0.386	4.496	16	14	16	1.000	0.000	1	1	1	63.000	58.000	22.125	0.421	0.135	0.422	63.000	58.000	22.125	62	57	21	3	3	4
0.096	1.411	4	4	4	1.000	0.000	1	1	1	342.000	88.500	21.500	0.231	0.000	0.231	342.000	88.500	21.500	342	88	21	1	2	2
0.024	0.511	1	1	1	1.000	0.000	1	1	1	347.000	101.000	21.000	0.000	0.000	0.000	347.000	101.000	21.000	347	101	21	1	1	1
0.024	0.511	1	1	1	1.000	0.000	1	1	1	108.000	115.000	21.000	0.000	0.000	0.000	108.000	115.000	21.000	108	115	21	1	1	1
0.024	0.511	1	1	1	1.000	0.000	1	1	1	335.000	119.000	21.000	0.000	0.000	0.000	335.000	119.000	21.000	335	119	21	1	1	1
0.024	0.511	1	1	1	1.000	0.000	1	1	1	183.000	145.000	21.000	0.000	0.000	0.000	183.000	145.000	21.000	183	145	21	1	1	1
0.506	4.903	21	21	22	1.048	0.218	1	1	2	189.571	22.381	23.571	0.383	0.109	0.407	189.591	22.364	23.591	188	21	22	4	4	3
0.024	0.511	1	1	1	1.000	0.000	1	1	1	58.000	48.000	22.000	0.000	0.000	0.000	58.000	48.000	22.000	58	48	22	1	1	1
0.048	0.899	2	2	2	1.000	0.000	1	1	1	67.000	80.000	22.500	0.195	0.000	0.195	67.000	80.000	22.500	67	80	22	1	1	2
0.241	2.751	10	10	10	1.000	0.000	1	1	1	68.400	88.400	23.400	0.313	0.110	0.284	68.400	88.400	23.400	68	87	22	2	3	3
0.506	4.709	21	21	23	1.095	0.301	1	1	2	78.333	87.667	23.571	0.385	0.118	0.407	78.348	87.696	23.609	77	86	22	4	4	3
0.024	0.511	1	1	1	1.000	0.000	1	1	1	339.000	95.000	22.000	0.000	0.000	0.000	339.000	95.000	22.000	339	95	22	1	1	1
0.362	3.633	15	15	16	1.067	0.258	1	1	2	154.067	145.733	23.533	0.349	0.105	0.347	154.062	145.750	23.562	153	145	22	3	3	3
0.241	2.664	10	10	10	1.000	0.000	1	1	1	197.000	38.000	23.900	0.281	0.099	0.301	197.000	38.000	23.900	196	37	23	3	3	2
0.241	2.664	10	10	10	1.000	0.000	1	1	1	344.000	55.000	23.900	0.281	0.099	0.301	344.000	55.000	23.900	343	54	23	3	3	2
0.241	2.664	10	10	10	1.000	0.000	1	1	1	352.000	55.000	23.900	0.281	0.099	0.301	352.000	55.000	23.900	351	54	23	3	3	2
0.241	2.664	10	10	10	1.000	0.000	1	1	1	192.000	57.000	23.900	0.281	0.099	0.301	192.000	57.000	23.900	191	56	23	3	3	2
0.241	2.664	10	10	10	1.000	0.000	1	1	1	208.000	62.000	23.900	0.281	0.099	0.301	208.000	62.000	23.900	207	61	23	3	3	2
0.265	3.951	11	11	11	1.000	0.000	1	1	1	69.545	64.545	23.909	0.423	0.154	0.402	69.545	64.545	23.909	68	62	23	4	6	2
0.482	4.692	20	20	20	1.000	0.000	1	1	1	77.000	76.500	23.800	0.398	0.136	0.399	77.000	76.500	23.800	75	75	23	5	4	2
0.362	3.439	15	15	18	1.200	0.561	1	1	3	69.933	78.067	23.600	0.325	0.068	0.330	69.889	78.056	23.667	69	77	23	3	3	2
0.434	4.057	18	18	18	1.000	0.000	1	1	1	77.500	82.500	23.778	0.360	0.104	0.403	77.500	82.500	23.778	76	81	23	4	4	2
0.265	3.051	11	11	11	1.000	0.000	1	1	1	338.909	88.909	23.818	0.302	0.099	0.321	338.909	88.909	23.818	338	88	23	3	3	2
0.241	2.664	10	10	10	1.000	0.000	1	1	1	84.000	94.000	23.900	0.281	0.099	0.301	84.000	94.000	23.900	83	93	23	3	3	2
0.289	3.051	12	12	12	1.000	0.000	1	1	1	128.917	99.167	23.750	0.311	0.087	0.315	128.917	99.167	23.750	128	98	23	3	3	2
0.024	0.511	1	1	1	1.000	0.000	1	1	1	121.000	108.000	23.000	0.000	0.000	0.000	121.000	108.000	23.000	121	108	23	1	1	1
0.265	3.051	11	11	11	1.000	0.000	1	1	1	122.091	115.909	23.818	0.302	0.099	0.321	122.091	115.909	23.818	121	115	23	3	3	2
0.048	0.899	2	2	2	1.000	0.000	1	1	1	119.000	119.000	23.500	0.195	0.000	0.195	119.000	119.000	23.500	119	119	23	1	1	2
0.048	0.899	2	2	2	1.000	0.000	1	1	1	125.000	119.000	23.500	0.195	0.000	0.195	125.000	119.000	23.500	125	119	23	1	1	2
0.024	0.511	1	1	1	1.000	0.000	1	1	1	120.000	123.000	23.000	0.000	0.000	0.000	120.000	123.000	23.000	120	123	23	1	1	1
0.024	0.511	1	1	1	1.000	0.000	1	1	1	158.000	126.000	23.000	0.000	0.000	0.000	158.000	126.000	23.000	158	126	23	1	1	1
0.337	3.439	14	14	15	1.071	0.267	1	1	2	264.000	149.000	23.643	0.318	0.068	0.353	264.000	149.000	23.667	263	148	23	3	3	2
0.241	2.664	10	10	10	1.000	0.000	1	1	1	188.000	151.000	23.900	0.281	0.099	0.301	188.000	151.000	23.900	187	150	23	3	3	2
0.289	3.316	12	12	14	1.167	0.577	1	1	3	0.333	440.000	23.667	0.330	0.108	0.317	0.286	440.000	23.714	0	438	23	2	5	2
0.024	0.511	1	1	1	1.000	0.000	1	1	1	45.000	14.000	24.000	0.000	0.000	0.000	45.000	14.000	24.000	45	14	24	1	1	1
0.048	0.829	2	2	2	1.000	0.000	1	1	1	53.000	15.500	24.000	0.124	0.000	0.124	53.000	15.500	24.000	53	15	24	1	2	1
0.121	1.781	5	5	5	1.000	0.000	1	1	1	385.000	19.000	24.000	0.199	0.111	0.249	385.000	19.000	24.000	384	18	24	3	3	1
0.072	1.146	3	3	3	1.000	0.000	1	1	1	60.667	19.333	24.000	0.163	0.039	0.185	60.667	19.333	24.000	60	19	24	2	2	1
0.048	0.829	2	2	2	1.000	0.000	1	1	1	52.000	32.500	24.000	0.124	0.000	0.124	52.000	32.500	24.000	52	32	24	1	2	1
0.024	0.511	1	1	1	1.000	0.000	1	1	1	56.000	43.000	24.000	0.000	0.000	0.000	56.000	43.000	24.000	56	43	24	1	1	1
0.121	1.781	5	5	5	1.000	0.000	1	1	1	54.000	49.000	24.000	0.199	0.111	0.249	54.000	49.000	24.000	53	48	24	3	3	1
0.024	0.511	1	1	1	1.000	0.000	1	1	1	388.000	51.000	24.000	0.000	0.000	0.000	388.000	51.000	24.000	388	51	24	1	1	1
0.145	1.905	6	6	6	1.000	0.000	1	1	1	179.833	55.167	24.000	0.227	0.092	0.252	179.833	55.167	24.000	179	54	24	3	3	1
0.024	0.511	1	1	1	1.000	0.000	1	1	1	60.000	60.000	24.000	0.000	0.000	0.000	60.000	60.000	24.000	60	60	24	1	1	1
0.048	0.829	2	2	2	1.000	0.000	1	1	1	71.000	72.500	24.000	0.124	0.000	0.124	71.000	72.500	24.000	71	72	24	1	2	1
0.121	1.781	5	5	5	1.000	0.000	1	1	1	360.000	73.000	24.000	0.199	0.111	0.249	360.000	73.000	24.000	359	72	24	3	3	1
0.121	1.781	5	5	5	1.000	0.000	1	1	1	271.000	74.000	24.000	0.199	0.111	0.249	271.000	74.000	24.000	270	73	24	3	3	1
0.024	0.511	1	1	1	1.000	0.000	1	1	1	180.000	81.000	24.000	0.000	0.000	0.000	180.000	81.000	24.000	180	81	24	1	1	1
0.169	2.222	7	7	7	1.000	0.000	1	1	1	344.714	83.571	24.000	0.264	0.113	0.227	344.714	83.571	24.000	344	82	24	3	4	1
0.145	1.905	6	6	6	1.000	0.000	1	1	1	337.833	85.167	24.000	0.227	0.092	0.252	337.833	85.167	24.000	337	84	24	3	3	1
0.145	1.905	6	6	6	1.000	0.000	1	1	1	328.833	104.833	24.000	0.227	0.092	0.252	328.833	104.833	24.000	328	104	24	3	3	1
0.024	0.511	1	1	1	1.000	0.000	1	1	1	337.000	104.000	24.000	0.000	0.000	0.000	337.000	104.000	24.000	337	104	24	1	1	1
0.121	1.781	5	5	5	1.000	0.000	1	1	1	325.000	106.000	24.000	0.199	0.111	0.249	325.000	106.000	24.000	324	105	24	3	3	1
0.121	1.781	5	5	5	1.000	0.000	1	1	1	115.000	108.000	24.000	0.199	0.111	0.249	115.000	108.000	24.000	114	107	24	3	3	1
0.024	0.511	1	1	1	1.000	0.000	1	1	1	129.000	110.000	24.000	0.000	0.000	0.000	129.000	110.000	24.000	129	110	24	1	1	1
0.024	0.511	1	1	1	1.000	0.000	1	1	1	277.000	118.000	24.000	0.000	0.000	0.000	277.000	118.000	24.000	277	118	24	1	1	1
0.169	2.029	7	7	7	1.000	0.000	1	1	1	128.000	119.714	24.000	0.242	0.089	0.259	128.000	119.714	24.000	127	119	24	3	3	1
0.121	1.781	5	5	5	1.000	0.000	1	1	1	133.000	122.000	24.000	0.199	0.111	0.249	133.000	122.000	24.000	132	121	24	3	3	1
0.048	0.829	2	2	2	1.000	0.000	1	1	1	153.500	129.000	24.000	0.124	0.000	0.124	153.500	129.000	24.000	153	129	24	2	1	1
0.024	0.511	1	1	1	1.000	0.000	1	1	1	270.000	132.000	24.000	0.000	0.000	0.000	270.000	132.000	24.000	270	132	24	1	1	1
0.024	0.511	1	1	1	1.000	0.000	1	1	1	285.000	145.000	24.000	0.000	0.000	0.000	285.000	145.000	24.000	285	145	24	1	1	1
0.217	2.276	9	9	9	1.000	0.000	1	1	1	252.000	151.000	24.000	0.267	0.112	0.249	252.000	151.000	24.000	251	150	24	3	3	1
0.024	0.511	1	1	1	1.000	0.000	1	1	1	214.000	159.000	24.000	0.000	0.000	0.000	214.000	159.000	24.000	214	159	24	1	1	1
0.048	0.829	2	2	2	1.000	0.000	1	1	1	210.000	162.500	24.000	0.124	0.000	0.124	210.000	162.500	24.000	210	162	24	1	2	1
0.024	0.511	1	1	1	1.000	0.000	1	1	1	0.000	215.000	24.000	0.000	0.000	0.000	0.000	215.000	24.000	0	215	24	1	1	1
0.024	0.511	1	1	1	1.000	0.000	1	1	1	0.000	510.000	24.000	0.000	0.000	0.000	0.000	510.000	24.000	0	510	24	1	1	1
0.024	0.511	1	1	1	1.000	0.000	1	1	1	285.000	511.000	24.000	0.000	0.000	0.000	285.000	511.000	24.000	285	511	24	1	1	1
