Volume (micron^3)	Surface (micron^2)	Nb of obj. voxels	Nb of surf. voxels	IntDen	Mean	StdDev	Median	Min	Max	X	Y	Z	Mean dist. to surf. (micron)	SD dist. to surf. (micron)	Median dist. to surf. (micron)	XM	YM	ZM	BX	BY	BZ	B-width	B-height	B-depth
0.121	1.587	5	5	1126	225.200	18.047	229.000	206	251	15.200	0.400	1.000	0.211	0.079	0.222	15.200	0.387	1.000	14	0	1	3	2	1
0.193	2.152	8	8	1929	241.125	26.835	237.000	202	287	192.875	0.875	1.000	0.258	0.101	0.281	192.893	0.823	1.000	192	0	1	3	3	1
22956.000	47153.934	952481	335713	395852384	415.601	225.932	347.000	200	3330	276.185	233.652	14.578	42.446	16.211	44.683	276.303	230.828	15.346	0	0	1	512	461	24
0.916	7.002	38	35	10461	275.289	59.737	257.500	205	409	432.395	1.395	1.632	0.492	0.125	0.479	432.414	1.377	1.571	430	0	1	6	4	3
0.072	1.146	3	3	616	205.333	7.506	201.000	201	214	17.667	2.667	1.000	0.163	0.039	0.185	17.674	2.674	1.000	17	2	1	2	2	1
0.024	0.511	1	1	204	204.000	0.000	204.000	204	204	13.000	4.000	1.000	0.000	0.000	0.000	13.000	4.000	1.000	13	4	1	1	1	1
0.096	1.270	4	4	881	220.250	13.048	219.500	209	233	20.500	4.500	1.000	0.176	0.000	0.176	20.498	4.474	1.000	20	4	1	2	2	1
162.322	492.120	6735	3224	2367969	351.592	137.670	314.000	200	1360	14.447	41.830	4.933	4.500	2.061	4.262	14.109	42.312	5.172	0	3	1	36	68	13
0.723	7.213	30	28	6463	215.433	10.217	215.000	200	242	338.433	43.667	3.500	0.591	0.294	0.564	338.440	43.682	3.509	335	41	1	6	6	5
2.386	15.112	99	76	23549	237.869	30.486	230.000	200	315	448.646	45.192	3.667	0.781	0.252	0.733	448.596	45.221	3.686	446	43	1	7	6	7
0.048	0.829	2	2	444	222.000	14.142	222.000	212	232	39.000	47.500	1.000	0.124	0.000	0.124	39.000	47.523	1.000	39	47	1	1	2	1
11.231	56.118	466	308	130138	279.266	72.393	258.500	200	499	488.991	46.442	6.655	1.633	0.675	1.549	489.204	46.448	6.817	480	37	1	16	18	10
46.805	189.556	1942	1048	523746	269.694	58.445	254.000	200	516	497.153	65.273	10.924	2.901	1.067	2.881	497.240	65.351	10.851	479	46	1	33	30	22
0.024	0.511	1	1	200	200.000	0.000	200.000	200	200	462.000	60.000	1.000	0.000	0.000	0.000	462.000	60.000	1.000	462	60	1	1	1	1
0.217	2.557	9	9	2089	232.111	23.390	234.000	200	266	339.333	63.111	1.444	0.287	0.055	0.293	339.338	63.145	1.426	339	62	1	2	3	2
5.857	29.472	243	177	62888	258.798	50.967	243.000	200	407	338.576	75.881	2.440	1.119	0.463	1.020	338.510	75.607	2.431	335	71	1	9	17	5
0.024	0.511	1	1	200	200.000	0.000	200.000	200	200	71.000	90.000	1.000	0.000	0.000	0.000	71.000	90.000	1.000	71	90	1	1	1	1
0.048	0.829	2	2	409	204.500	2.121	204.500	203	206	511.000	113.500	1.000	0.124	0.000	0.124	511.000	113.496	1.000	511	113	1	1	2	1
0.916	6.966	38	33	9042	237.947	26.771	230.000	201	297	508.974	133.947	2.000	0.514	0.143	0.516	508.972	133.947	1.970	508	132	1	3	6	4
0.289	3.245	12	12	2712	226.000	23.195	221.500	202	273	349.833	137.667	1.250	0.310	0.084	0.328	349.848	137.671	1.237	349	136	1	3	4	2
0.289	3.844	12	12	2530	210.833	8.993	209.000	201	229	272.667	144.750	2.083	0.404	0.185	0.417	272.677	144.762	2.083	272	143	1	2	4	4
0.265	2.998	11	11	2587	235.182	24.983	232.000	212	276	507.455	149.727	1.364	0.303	0.072	0.291	507.460	149.721	1.345	506	149	1	4	3	2
0.121	1.587	5	5	1106	221.200	15.786	222.000	202	244	82.400	161.800	1.000	0.211	0.079	0.222	82.392	161.787	1.000	82	161	1	2	3	1
0.096	1.270	4	4	857	214.250	11.871	214.500	201	227	510.500	161.500	1.000	0.176	0.000	0.176	510.508	161.477	1.000	510	161	1	2	2	1
0.795	7.215	33	33	8325	252.273	43.985	252.000	200	362	507.939	172.939	1.182	0.541	0.222	0.540	507.877	172.942	1.157	504	171	1	8	5	2
23.354	93.781	969	610	292210	301.558	94.150	273.000	200	738	504.387	190.669	2.902	1.996	0.747	1.946	504.469	190.752	2.686	495	174	1	17	30	9
1.157	8.609	48	48	11703	243.812	30.589	237.000	201	309	23.479	181.542	1.333	0.546	0.194	0.536	23.463	181.520	1.307	20	179	1	8	6	2
0.024	0.511	1	1	208	208.000	0.000	208.000	208	208	95.000	185.000	1.000	0.000	0.000	0.000	95.000	185.000	1.000	95	185	1	1	1	1
0.024	0.511	1	1	201	201.000	0.000	201.000	201	201	511.000	210.000	1.000	0.000	0.000	0.000	511.000	210.000	1.000	511	210	1	1	1	1
0.554	5.836	23	23	5011	217.870	11.419	219.000	200	237	508.783	217.783	2.696	0.521	0.234	0.522	508.767	217.776	2.663	507	217	1	5	3	5
3.013	16.930	125	92	36565	292.520	85.020	262.000	200	529	449.192	225.584	2.616	0.833	0.222	0.792	449.264	225.680	2.584	444	223	1	10	6	5
2.651	15.677	110	93	31650	287.727	63.192	273.000	201	462	510.109	229.382	3.127	0.842	0.269	0.864	510.185	229.354	3.196	508	226	1	4	10	6
0.482	4.162	20	20	5331	266.550	41.851	276.500	201	329	433.450	233.800	2.050	0.397	0.127	0.435	433.460	233.762	2.047	433	232	1	2	4	3
5.399	28.323	224	163	74439	332.317	140.329	283.000	200	942	301.424	240.518	2.652	1.151	0.432	1.129	300.761	240.200	2.753	296	236	1	14	10	6
0.048	0.829	2	2	421	210.500	2.121	210.500	209	212	18.000	243.500	1.000	0.124	0.000	0.124	18.000	243.496	1.000	18	243	1	1	2	1
0.024	0.511	1	1	204	204.000	0.000	204.000	204	204	511.000	246.000	1.000	0.000	0.000	0.000	511.000	246.000	1.000	511	246	1	1	1	1
4.025	23.454	167	124	39973	239.359	29.079	232.000	200	307	490.665	260.952	3.479	0.975	0.312	0.990	490.707	260.962	3.418	486	256	1	9	11	7
0.145	1.852	6	6	1270	211.667	6.314	210.000	205	220	255.667	267.500	1.333	0.247	0.046	0.245	255.665	267.508	1.324	255	267	1	2	2	2
0.386	3.880	16	16	3599	224.938	20.828	215.500	203	264	475.125	274.688	1.312	0.356	0.110	0.350	475.119	274.682	1.292	473	274	1	5	3	2
2.049	11.835	85	69	28937	340.435	114.602	310.000	202	614	418.012	276.682	1.976	0.688	0.182	0.662	417.910	276.706	1.850	414	275	1	8	5	4
2.627	17.758	109	90	25309	232.193	24.695	227.000	200	286	292.532	280.706	2.541	0.857	0.325	0.771	292.570	280.634	2.520	289	276	1	8	12	4
0.072	1.217	3	3	626	208.667	9.018	208.000	200	218	492.333	277.000	1.333	0.213	0.059	0.211	492.332	277.000	1.319	492	277	1	2	1	2
0.217	2.433	9	9	2076	230.667	14.992	232.000	206	251	306.444	282.556	1.667	0.297	0.104	0.303	306.439	282.561	1.637	306	282	1	2	2	3
4.652	27.671	193	149	49324	255.565	45.250	242.000	200	379	295.088	293.389	3.171	1.059	0.324	1.069	294.925	293.532	3.092	292	287	1	8	12	7
0.313	3.880	13	13	2786	214.308	9.835	212.000	203	236	474.000	290.462	1.154	0.382	0.186	0.356	474.001	290.456	1.151	473	288	1	4	6	2
0.337	3.333	14	14	3068	219.143	15.600	214.500	202	253	87.429	293.714	1.929	0.358	0.124	0.406	87.420	293.706	1.929	87	293	1	2	3	3
1.326	12.184	55	53	11975	217.727	12.385	216.000	202	250	291.818	305.036	2.673	0.718	0.282	0.703	291.816	305.032	2.654	289	302	1	6	8	6
2.531	14.390	105	77	30097	286.638	69.667	273.000	200	460	122.933	308.657	2.990	0.783	0.212	0.793	122.961	308.622	2.866	120	307	1	8	5	6
1.470	10.633	61	50	16651	272.967	57.256	256.000	202	415	94.869	309.705	3.557	0.678	0.236	0.649	94.905	309.723	3.555	92	308	1	6	4	6
0.193	2.152	8	8	1819	227.375	15.146	228.500	201	250	44.875	311.125	1.000	0.258	0.101	0.281	44.906	311.129	1.000	44	310	1	3	3	1
0.434	4.144	18	17	4953	275.167	54.316	265.500	205	394	101.111	312.389	1.500	0.367	0.095	0.352	101.121	312.378	1.453	100	311	1	3	4	3
6.387	45.653	265	219	64527	243.498	32.944	239.000	200	347	276.211	318.917	6.619	1.804	0.893	1.726	276.231	318.910	6.614	264	314	1	21	11	15
2.989	25.975	124	112	28436	229.323	21.612	227.500	200	300	258.839	328.065	6.508	1.707	0.873	1.710	258.751	327.972	6.418	251	321	1	15	13	14
0.096	1.270	4	4	888	222.000	14.259	222.000	206	238	103.500	327.500	1.000	0.176	0.000	0.176	103.490	327.474	1.000	103	327	1	2	2	1
0.048	0.829	2	2	412	206.000	1.414	206.000	205	207	269.000	336.500	1.000	0.124	0.000	0.124	269.000	336.498	1.000	269	336	1	1	2	1
2.121	14.445	88	74	21338	242.477	32.092	237.000	201	316	285.000	351.636	1.864	0.763	0.267	0.768	284.949	351.594	1.833	281	349	1	10	8	4
0.145	1.975	6	6	1496	249.333	34.576	263.000	204	285	462.167	350.667	1.167	0.241	0.083	0.253	462.221	350.648	1.136	461	350	1	3	2	2
0.964	7.072	40	38	10740	268.500	51.907	259.500	204	399	438.700	354.775	1.750	0.500	0.131	0.519	438.711	354.767	1.679	436	353	1	6	4	3
0.024	0.511	1	1	200	200.000	0.000	200.000	200	200	258.000	354.000	1.000	0.000	0.000	0.000	258.000	354.000	1.000	258	354	1	1	1	1
0.578	5.892	24	24	5112	213.000	9.422	210.000	201	232	249.375	359.083	1.125	0.550	0.246	0.553	249.393	359.089	1.122	245	358	1	8	4	2
5.037	28.920	209	148	49088	234.871	27.370	227.000	200	323	400.713	366.976	4.713	1.185	0.463	1.094	400.667	366.952	4.785	395	365	1	16	6	9
68.327	226.673	2835	1592	1128201	397.954	165.763	356.000	200	1115	504.575	401.703	3.609	3.504	1.807	3.106	504.631	400.340	3.599	492	366	1	20	66	10
0.072	1.146	3	3	629	209.667	4.933	212.000	204	213	63.667	372.333	1.000	0.163	0.039	0.185	63.661	372.324	1.000	63	372	1	2	2	1
0.675	5.344	28	27	7182	256.500	42.805	252.500	201	365	275.036	376.071	1.500	0.429	0.117	0.408	275.052	376.128	1.456	274	374	1	3	5	3
0.265	3.051	11	11	2633	239.364	28.570	227.000	209	289	255.909	381.636	1.182	0.301	0.092	0.322	255.891	381.639	1.169	255	380	1	3	4	2
0.072	1.146	3	3	662	220.667	15.695	226.000	203	233	233.667	382.333	1.000	0.163	0.039	0.185	233.693	382.341	1.000	233	382	1	2	2	1
0.289	3.316	12	12	2641	220.083	16.345	219.000	202	255	229.083	385.333	1.333	0.313	0.079	0.310	229.069	385.329	1.320	228	384	1	3	4	2
0.169	2.363	7	7	1539	219.857	15.432	216.000	205	249	369.000	386.143	1.286	0.263	0.073	0.275	368.997	386.152	1.277	368	385	1	3	3	2
6.748	36.241	280	201	78989	282.104	73.408	259.000	200	474	290.468	392.904	2.957	1.381	0.639	1.280	290.594	393.335	2.869	287	381	1	9	20	8
0.048	0.829	2	2	430	215.000	11.314	215.000	207	223	244.500	388.000	1.000	0.124	0.000	0.124	244.519	388.000	1.000	244	388	1	2	1	1
0.048	0.829	2	2	416	208.000	9.899	208.000	201	215	427.000	388.500	1.000	0.124	0.000	0.124	427.000	388.517	1.000	427	388	1	1	2	1
0.506	4.797	21	20	4585	218.333	10.312	220.000	200	241	395.857	389.810	2.000	0.414	0.112	0.440	395.871	389.821	1.998	394	389	1	4	3	3
0.096	1.270	4	4	847	211.750	10.275	211.000	201	224	435.500	389.500	1.000	0.176	0.000	0.176	435.481	389.492	1.000	435	389	1	2	2	1
42.515	156.669	1764	977	470059	266.473	61.900	246.500	200	590	317.295	399.969	4.479	2.463	0.905	2.470	317.513	399.522	4.255	298	386	1	34	27	10
0.747	7.547	31	30	6703	216.226	12.656	213.000	201	248	274.000	398.516	2.097	0.572	0.248	0.513	273.989	398.478	2.082	273	396	1	3	8	3
0.337	3.686	14	14	3117	222.643	13.670	218.000	204	248	152.714	404.429	1.214	0.357	0.124	0.365	152.735	404.425	1.202	151	403	1	4	4	2
0.362	4.743	15	15	3236	215.733	11.272	214.000	201	239	297.667	411.800	1.600	0.455	0.179	0.445	297.622	411.829	1.582	296	410	1	5	4	3
2.410	12.591	100	73	44717	447.170	203.999	400.000	203	992	353.040	419.960	2.630	0.739	0.144	0.732	352.995	420.025	2.386	351	418	1	6	5	5
0.410	4.004	17	17	3858	226.941	25.509	214.000	200	275	295.706	424.471	1.294	0.352	0.095	0.361	295.725	424.471	1.271	294	423	1	4	4	2
0.603	5.432	25	22	5867	234.680	25.632	235.000	201	287	310.240	424.400	2.040	0.455	0.131	0.441	310.249	424.409	2.017	309	423	1	4	4	4
0.121	1.922	5	5	1046	209.200	5.675	207.000	203	217	509.400	98.400	3.000	0.272	0.145	0.179	509.395	98.402	3.004	509	98	2	2	2	3
0.096	1.411	4	4	854	213.500	2.646	214.000	210	216	230.000	361.500	2.500	0.231	0.000	0.231	230.000	361.502	2.501	230	361	2	1	2	2
0.217	2.821	9	9	1879	208.778	7.463	210.000	200	221	368.556	378.000	3.111	0.330	0.136	0.364	368.559	377.995	3.120	368	377	2	2	3	3
0.193	2.821	8	8	1633	204.125	3.834	204.000	200	210	95.875	385.375	3.000	0.377	0.230	0.402	95.874	385.372	2.990	95	385	2	3	2	4
5.375	28.340	223	142	57832	259.336	47.241	246.000	200	409	369.538	400.327	5.655	1.132	0.394	1.078	369.483	400.395	5.628	367	394	2	8	14	8
0.145	2.116	6	6	1224	204.000	4.336	203.000	200	210	136.500	406.167	3.167	0.286	0.129	0.300	136.497	406.163	3.167	136	406	2	2	2	3
0.337	3.650	14	14	2993	213.786	8.719	213.500	201	230	304.571	416.429	3.143	0.356	0.121	0.379	304.566	416.443	3.144	304	415	2	2	4	3
0.024	0.511	1	1	201	201.000	0.000	201.000	201	201	319.000	270.000	3.000	0.000	0.000	0.000	319.000	270.000	3.000	319	270	3	1	1	1
0.096	1.411	4	4	875	218.750	3.304	220.000	214	221	67.500	292.000	3.500	0.231	0.000	0.231	67.503	292.000	3.495	67	292	3	2	1	2
0.024	0.511	1	1	201	201.000	0.000	201.000	201	201	51.000	300.000	3.000	0.000	0.000	0.000	51.000	300.000	3.000	51	300	3	1	1	1
0.313	3.650	13	12	2920	224.615	19.998	222.000	200	270	190.154	356.923	3.923	0.365	0.098	0.390	190.160	356.917	3.921	189	356	3	3	3	3
0.024	0.511	1	1	203	203.000	0.000	203.000	203	203	445.000	359.000	3.000	0.000	0.000	0.000	445.000	359.000	3.000	445	359	3	1	1	1
0.434	4.285	18	17	4104	228.000	21.655	225.500	202	279	449.833	368.056	4.056	0.403	0.118	0.423	449.846	368.074	4.047	449	367	3	4	3	3
0.024	0.511	1	1	208	208.000	0.000	208.000	208	208	231.000	390.000	3.000	0.000	0.000	0.000	231.000	390.000	3.000	231	390	3	1	1	1
0.048	0.899	2	2	432	216.000	8.485	216.000	210	222	419.000	391.000	3.500	0.195	0.000	0.195	419.000	391.000	3.514	419	391	3	1	1	2
2.916	22.977	121	106	29815	246.405	63.239	215.000	200	474	377.372	403.818	7.008	1.336	0.453	1.286	377.791	403.581	6.722	371	400	3	12	10	9
1.470	10.933	61	48	14042	230.197	20.543	230.000	200	288	256.541	406.492	5.295	0.647	0.186	0.665	256.522	406.450	5.292	255	403	3	4	8	5
0.627	5.572	26	24	6186	237.923	32.511	240.000	200	315	249.231	415.346	4.577	0.469	0.140	0.483	249.221	415.340	4.564	248	414	3	3	4	4
0.048	0.829	2	2	419	209.500	6.364	209.500	205	214	442.500	36.000	4.000	0.124	0.000	0.124	442.489	36.000	4.000	442	36	4	2	1	1
0.603	5.044	25	23	5530	221.200	15.684	221.000	200	259	344.920	141.320	4.840	0.428	0.097	0.431	344.924	141.326	4.833	344	140	4	3	4	3
1.494	10.192	62	49	16743	270.048	55.042	254.000	200	418	88.984	302.823	6.677	0.656	0.211	0.642	88.994	302.811	6.678	88	301	4	4	5	6
0.458	6.154	19	19	4015	211.316	9.781	210.000	200	237	74.684	303.105	8.105	0.800	0.411	0.776	74.697	303.103	8.103	74	301	4	2	4	8
0.024	0.511	1	1	203	203.000	0.000	203.000	203	203	391.000	312.000	4.000	0.000	0.000	0.000	391.000	312.000	4.000	391	312	4	1	1	1
0.410	3.650	17	17	4107	241.588	28.049	239.000	200	295	397.941	315.529	5.059	0.373	0.122	0.429	397.962	315.533	5.079	397	315	4	3	2	3
0.072	1.217	3	3	615	205.000	4.583	204.000	201	210	42.000	330.333	4.333	0.213	0.059	0.211	42.000	330.332	4.327	42	330	4	1	2	2
2.266	14.850	94	76	21893	232.904	24.388	223.000	200	304	212.085	358.628	5.138	0.794	0.294	0.777	212.027	358.637	5.133	207	357	4	12	5	4
0.145	1.922	6	6	1253	208.833	8.035	209.000	200	221	430.333	360.667	4.500	0.255	0.021	0.269	430.320	360.666	4.494	430	360	4	2	2	2
0.193	2.046	8	8	1687	210.875	5.643	212.000	204	218	311.500	363.500	4.500	0.263	0.000	0.263	311.497	363.506	4.508	311	363	4	2	2	2
0.096	1.605	4	4	833	208.250	6.551	208.500	200	216	253.000	396.750	5.000	0.260	0.164	0.291	253.000	396.760	5.001	253	396	4	1	2	3
0.048	1.023	2	2	403	201.500	0.707	201.500	201	202	477.500	22.000	5.500	0.231	0.000	0.231	477.501	22.000	5.499	477	22	5	2	1	2
0.024	0.511	1	1	200	200.000	0.000	200.000	200	200	193.000	295.000	5.000	0.000	0.000	0.000	193.000	295.000	5.000	193	295	5	1	1	1
0.121	1.798	5	5	1035	207.000	4.123	210.000	202	210	181.600	302.000	6.200	0.289	0.143	0.327	181.594	302.000	6.204	181	302	5	2	1	3
1.976	17.140	82	73	17829	217.427	16.548	212.000	200	264	419.463	363.951	8.598	0.966	0.446	0.944	419.398	363.933	8.582	416	360	5	11	8	8
0.844	6.719	35	32	8193	234.086	26.328	224.000	200	307	394.229	375.314	6.657	0.509	0.145	0.505	394.230	375.307	6.680	393	374	5	3	5	4
0.048	0.899	2	2	404	202.000	2.828	202.000	200	204	166.000	405.000	5.500	0.195	0.000	0.195	166.000	405.000	5.505	166	405	5	1	1	2
2.266	18.551	94	81	22380	238.085	32.953	230.000	201	345	214.766	409.596	8.819	1.052	0.453	1.011	214.808	409.639	8.883	213	405	5	5	10	9
0.145	2.046	6	6	1329	221.500	14.124	217.500	205	244	0.333	53.500	7.000	0.258	0.126	0.207	0.319	53.489	7.002	0	53	6	2	2	3
0.530	6.013	22	22	5122	232.818	29.960	223.000	201	303	0.318	66.364	8.091	0.610	0.238	0.603	0.294	66.322	8.071	0	63	6	2	7	5
2.579	18.764	107	100	26660	249.159	43.828	238.000	200	408	1.196	103.215	8.636	0.932	0.374	0.908	1.114	103.184	8.698	0	98	6	6	13	7
0.145	2.240	6	6	1248	208.000	10.621	204.500	201	229	114.000	303.833	7.000	0.256	0.131	0.252	114.006	303.839	7.001	113	303	6	3	2	3
0.627	5.996	26	26	5711	219.654	10.147	220.500	202	236	65.615	306.577	6.462	0.530	0.201	0.500	65.600	306.563	6.464	63	305	6	6	5	2
0.145	1.852	6	6	1241	206.833	3.371	207.000	202	212	295.667	311.500	6.333	0.247	0.046	0.245	295.669	311.504	6.334	295	311	6	2	2	2
0.121	1.922	5	5	1025	205.000	4.000	204.000	202	212	94.800	382.200	7.000	0.255	0.141	0.205	94.801	382.198	7.002	94	382	6	2	2	3
1.542	9.804	64	48	21483	335.672	114.478	297.500	204	629	454.594	2.406	9.391	0.662	0.208	0.662	454.607	2.388	9.381	453	1	7	4	4	6
0.024	0.511	1	1	205	205.000	0.000	205.000	205	205	0.000	96.000	7.000	0.000	0.000	0.000	0.000	96.000	7.000	0	96	7	1	1	1
0.024	0.511	1	1	200	200.000	0.000	200.000	200	200	98.000	280.000	7.000	0.000	0.000	0.000	98.000	280.000	7.000	98	280	7	1	1	1
0.072	1.217	3	3	611	203.667	3.215	205.000	200	206	245.333	280.000	7.333	0.213	0.059	0.211	245.327	280.000	7.336	245	280	7	2	1	2
0.386	5.114	16	16	3455	215.938	12.080	213.000	200	239	302.625	297.750	7.875	0.520	0.211	0.512	302.672	297.774	7.899	300	296	7	6	4	3
0.241	3.192	10	10	2056	205.600	3.062	205.500	201	211	234.000	313.100	7.700	0.351	0.121	0.370	233.997	313.104	7.702	233	312	7	3	4	2
0.337	3.897	14	12	3067	219.071	16.283	213.000	202	253	478.071	313.357	8.143	0.369	0.077	0.359	478.063	313.362	8.152	477	312	7	3	4	3
0.603	5.378	25	22	6344	253.760	39.584	250.000	205	336	269.160	348.280	8.480	0.469	0.144	0.413	269.159	348.294	8.478	268	347	7	4	3	4
0.024	0.511	1	1	205	205.000	0.000	205.000	205	205	431.000	360.000	7.000	0.000	0.000	0.000	431.000	360.000	7.000	431	360	7	1	1	1
0.193	2.504	8	8	1697	212.125	7.434	212.500	200	224	428.625	364.750	7.875	0.322	0.133	0.370	428.633	364.749	7.861	428	364	7	2	2	3
0.072	1.217	3	3	616	205.333	7.506	201.000	201	214	365.000	385.333	7.333	0.213	0.059	0.211	365.000	385.326	7.326	365	385	7	1	2	2
0.024	0.511	1	1	200	200.000	0.000	200.000	200	200	322.000	409.000	7.000	0.000	0.000	0.000	322.000	409.000	7.000	322	409	7	1	1	1
0.819	7.918	34	33	7461	219.441	16.694	215.000	200	272	325.353	420.912	8.676	0.629	0.238	0.659	325.408	420.893	8.686	322	419	7	7	5	4
1.735	12.291	72	55	22386	310.917	91.216	284.500	200	558	501.861	159.431	10.528	0.726	0.252	0.672	501.893	159.414	10.536	499	157	8	6	6	7
4.579	25.110	190	129	49905	262.658	56.758	243.000	200	438	195.942	287.195	10.995	1.068	0.384	1.052	196.024	287.162	11.013	187	285	8	14	6	8
0.024	0.511	1	1	209	209.000	0.000	209.000	209	209	421.000	334.000	8.000	0.000	0.000	0.000	421.000	334.000	8.000	421	334	8	1	1	1
0.121	1.728	5	5	1037	207.400	4.980	208.000	202	214	265.600	361.200	8.600	0.245	0.038	0.259	265.603	361.196	8.605	265	361	8	2	2	2
0.627	5.432	26	25	5514	212.077	10.987	210.500	200	238	192.615	365.269	8.962	0.435	0.117	0.441	192.641	365.274	8.954	191	364	8	4	3	3
0.048	0.829	2	2	408	204.000	2.828	204.000	202	206	252.500	408.000	8.000	0.124	0.000	0.124	252.505	408.000	8.000	252	408	8	2	1	1
1.109	8.323	46	35	11974	260.304	46.202	246.000	200	364	405.652	420.587	9.630	0.582	0.151	0.551	405.647	420.561	9.632	404	419	8	4	5	5
0.048	0.899	2	2	432	216.000	7.071	216.000	211	221	257.000	431.000	8.500	0.195	0.000	0.195	257.000	431.000	8.488	257	431	8	1	1	2
1.036	8.059	43	36	9355	217.558	13.693	216.000	200	251	419.860	1.581	11.140	0.575	0.177	0.516	419.852	1.579	11.136	418	0	9	5	4	5
0.699	6.137	29	27	6742	232.483	25.244	227.000	200	278	377.759	75.862	10.207	0.472	0.128	0.476	377.725	75.850	10.218	376	75	9	5	3	4
0.024	0.511	1	1	210	210.000	0.000	210.000	210	210	358.000	142.000	9.000	0.000	0.000	0.000	358.000	142.000	9.000	358	142	9	1	1	1
0.048	0.829	2	2	405	202.500	0.707	202.500	202	203	486.500	250.000	9.000	0.124	0.000	0.124	486.499	250.000	9.000	486	250	9	2	1	1
1.494	10.880	62	51	14947	241.081	31.345	238.000	201	304	440.403	329.032	11.000	0.666	0.233	0.643	440.379	329.069	11.011	438	327	9	6	5	6
1.326	11.869	55	50	12128	220.509	17.787	215.000	200	274	414.400	334.400	10.600	0.711	0.230	0.687	414.403	334.405	10.617	410	331	9	8	7	5
0.410	4.162	17	15	3666	215.647	13.162	210.000	202	242	421.706	344.000	10.588	0.386	0.112	0.346	421.700	343.990	10.595	421	343	9	3	3	4
0.024	0.511	1	1	205	205.000	0.000	205.000	205	205	425.000	348.000	9.000	0.000	0.000	0.000	425.000	348.000	9.000	425	348	9	1	1	1
0.145	1.922	6	6	1327	221.167	21.414	212.500	201	257	26.333	357.667	9.500	0.255	0.021	0.269	26.311	357.684	9.486	26	357	9	2	2	2
1.036	8.694	43	40	9593	223.093	15.634	218.000	200	258	350.930	397.047	10.279	0.600	0.202	0.602	350.893	397.055	10.279	349	396	9	6	4	4
0.289	3.333	12	12	2672	222.667	17.926	220.000	204	262	223.667	397.167	10.500	0.342	0.126	0.313	223.667	397.165	10.477	223	396	9	2	3	4
0.024	0.511	1	1	200	200.000	0.000	200.000	200	200	254.000	412.000	9.000	0.000	0.000	0.000	254.000	412.000	9.000	254	412	9	1	1	1
0.024	0.511	1	1	202	202.000	0.000	202.000	202	202	395.000	37.000	10.000	0.000	0.000	0.000	395.000	37.000	10.000	395	37	10	1	1	1
3.302	23.066	137	115	33258	242.759	31.181	237.000	201	345	475.358	61.204	13.628	1.181	0.570	1.097	475.385	61.199	13.619	472	55	10	8	14	9
0.024	0.511	1	1	209	209.000	0.000	209.000	209	209	509.000	59.000	10.000	0.000	0.000	0.000	509.000	59.000	10.000	509	59	10	1	1	1
0.362	3.633	15	15	3173	211.533	9.775	211.000	200	226	377.800	144.067	10.467	0.343	0.092	0.341	377.818	144.051	10.463	377	143	10	3	4	2
0.578	5.184	24	21	5791	241.292	37.726	231.500	201	335	370.250	157.875	11.708	0.448	0.128	0.417	370.266	157.878	11.726	369	157	10	4	3	4
0.386	3.757	16	16	3394	212.125	6.520	210.500	201	224	29.688	179.812	10.625	0.362	0.116	0.349	29.682	179.806	10.629	29	178	10	3	5	2
0.193	2.363	8	8	1655	206.875	5.668	205.000	201	218	3.375	217.000	10.625	0.279	0.061	0.296	3.374	216.998	10.631	3	216	10	2	3	2
1.591	10.509	66	55	20024	303.394	86.089	285.000	203	525	510.121	283.848	12.439	0.672	0.210	0.648	510.106	283.964	12.417	508	281	10	4	6	6
1.952	12.892	81	59	21488	265.284	53.285	248.000	200	408	327.407	290.926	11.519	0.710	0.189	0.676	327.344	290.978	11.541	325	287	10	7	7	5
0.024	0.511	1	1	204	204.000	0.000	204.000	204	204	21.000	299.000	10.000	0.000	0.000	0.000	21.000	299.000	10.000	21	299	10	1	1	1
0.048	0.829	2	2	433	216.500	10.607	216.500	209	224	224.500	306.000	10.000	0.124	0.000	0.124	224.483	306.000	10.000	224	306	10	2	1	1
0.434	4.285	18	17	3980	221.111	17.136	216.500	202	259	496.889	348.278	11.278	0.402	0.141	0.400	496.897	348.292	11.295	496	347	10	3	3	4
0.241	2.874	10	10	2215	221.500	16.635	214.500	208	252	253.500	366.000	11.000	0.300	0.111	0.278	253.500	366.004	11.005	253	365	10	2	3	3
0.603	6.137	25	25	5454	218.160	8.989	216.000	204	242	239.000	406.320	11.360	0.571	0.207	0.594	238.999	406.332	11.356	238	403	10	3	7	3
2.796	18.815	116	88	27133	233.905	26.489	227.500	200	300	478.759	76.526	14.595	0.949	0.379	0.902	478.827	76.503	14.543	475	75	11	10	5	10
0.096	1.534	4	4	831	207.750	6.397	207.500	201	215	480.250	270.750	11.250	0.219	0.071	0.219	480.254	270.755	11.242	480	270	11	2	2	2
0.169	2.433	7	7	1486	212.286	10.452	211.000	201	229	282.857	305.857	12.143	0.285	0.125	0.292	282.853	305.865	12.154	282	305	11	3	2	3
0.313	3.650	13	13	2855	219.615	14.192	217.000	201	240	158.615	326.538	12.000	0.366	0.142	0.423	158.602	326.539	11.986	157	326	11	4	2	3
0.048	0.899	2	2	413	206.500	2.121	206.500	205	208	329.000	416.000	11.500	0.195	0.000	0.195	329.000	416.000	11.504	329	416	11	1	1	2
0.048	0.899	2	2	424	212.000	0.000	212.000	212	212	284.000	428.000	11.500	0.195	0.000	0.195	284.000	428.000	11.500	284	428	11	1	1	2
0.096	1.534	4	4	828	207.000	4.967	205.500	203	214	289.500	428.250	11.250	0.227	0.074	0.207	289.504	428.245	11.246	289	428	11	2	2	2
1.687	15.853	70	68	15638	223.400	17.383	220.500	200	273	510.343	45.129	14.014	1.200	0.553	1.087	510.339	45.009	14.063	509	39	12	3	16	6
0.265	2.681	11	11	2440	221.818	15.899	221.000	201	250	377.545	47.909	12.545	0.298	0.055	0.318	377.558	47.921	12.543	377	47	12	2	3	2
0.458	4.162	19	18	4398	231.474	23.864	228.000	200	278	464.947	70.105	12.895	0.402	0.099	0.427	464.927	70.150	12.910	464	69	12	3	3	3
0.072	1.217	3	3	641	213.667	8.505	214.000	205	222	385.667	87.000	12.667	0.213	0.059	0.211	385.666	87.000	12.680	385	87	12	2	1	2
0.072	1.217	3	3	625	208.333	6.506	208.000	202	215	503.667	127.000	12.333	0.213	0.059	0.211	503.667	127.000	12.323	503	127	12	2	1	2
0.024	0.511	1	1	204	204.000	0.000	204.000	204	204	296.000	294.000	12.000	0.000	0.000	0.000	296.000	294.000	12.000	296	294	12	1	1	1
0.795	6.789	33	28	8043	243.727	36.215	236.000	200	325	86.909	345.333	13.848	0.517	0.169	0.508	86.903	345.338	13.849	85	344	12	4	4	5
1.711	13.437	71	56	17389	244.915	38.486	231.000	200	348	399.239	349.310	15.042	0.786	0.323	0.693	399.109	349.357	15.143	396	348	12	8	4	7
0.048	0.899	2	2	414	207.000	0.000	207.000	207	207	420.000	351.000	12.500	0.195	0.000	0.195	420.000	351.000	12.500	420	351	12	1	1	2
0.024	0.511	1	1	200	200.000	0.000	200.000	200	200	93.000	376.000	12.000	0.000	0.000	0.000	93.000	376.000	12.000	93	376	12	1	1	1
0.169	2.169	7	7	1458	208.286	5.964	208.000	200	218	235.286	415.000	12.286	0.271	0.080	0.282	235.277	414.990	12.287	235	414	12	2	3	2
0.048	0.829	2	2	409	204.500	0.707	204.500	204	205	422.000	30.500	13.000	0.124	0.000	0.124	422.000	30.501	13.000	422	30	13	1	2	1
0.819	6.525	34	29	8107	238.441	32.201	238.000	200	329	449.971	42.147	14.706	0.498	0.126	0.506	449.967	42.144	14.738	449	40	13	3	5	4
0.024	0.511	1	1	202	202.000	0.000	202.000	202	202	467.000	87.000	13.000	0.000	0.000	0.000	467.000	87.000	13.000	467	87	13	1	1	1
0.434	4.673	18	17	3852	214.000	11.098	213.500	200	239	508.889	147.000	14.278	0.467	0.175	0.436	508.897	146.998	14.261	507	146	13	4	3	4
0.024	0.511	1	1	203	203.000	0.000	203.000	203	203	467.000	170.000	13.000	0.000	0.000	0.000	467.000	170.000	13.000	467	170	13	1	1	1
0.458	4.215	19	19	4228	222.526	15.346	222.000	201	246	386.684	202.526	13.947	0.408	0.150	0.427	386.679	202.525	13.946	385	202	13	5	2	3
0.289	2.821	12	12	2752	229.333	14.348	227.000	209	253	490.500	227.500	14.000	0.344	0.124	0.428	490.486	227.507	13.985	490	227	13	2	2	3
0.988	8.941	41	37	9328	227.512	25.400	221.000	202	307	497.902	229.585	13.951	0.586	0.198	0.601	497.930	229.495	13.962	496	227	13	5	7	3
0.410	4.091	17	16	3774	222.000	12.354	218.000	205	248	294.353	290.647	14.059	0.375	0.106	0.410	294.356	290.639	14.057	293	289	13	3	4	3
1.374	9.874	57	45	16227	284.684	68.844	263.000	200	447	207.526	290.526	15.965	0.660	0.242	0.566	207.501	290.495	16.003	206	289	13	4	4	7
0.217	2.804	9	9	1948	216.444	10.806	216.000	204	235	332.667	296.889	13.222	0.304	0.099	0.334	332.665	296.886	13.224	331	296	13	4	3	2
0.193	2.363	8	8	1745	218.125	11.850	212.500	206	239	331.375	301.000	13.625	0.279	0.061	0.296	331.369	301.001	13.625	331	300	13	2	3	2
0.289	3.316	12	12	2619	218.250	13.606	218.500	200	238	436.500	301.000	13.500	0.355	0.102	0.380	436.503	301.013	13.495	435	300	13	4	3	2
0.193	2.363	8	8	1803	225.375	20.049	218.500	203	259	41.625	342.000	13.375	0.279	0.061	0.296	41.630	341.994	13.377	41	341	13	2	3	2
0.048	1.023	2	2	408	204.000	2.828	204.000	202	206	119.000	352.500	13.500	0.231	0.000	0.231	119.000	352.495	13.505	119	352	13	1	2	2
0.217	2.363	9	9	2028	225.333	13.565	231.000	207	243	255.333	370.556	13.556	0.280	0.049	0.270	255.340	370.569	13.542	254	370	13	3	2	2
0.458	3.968	19	18	4380	230.526	19.603	230.000	206	271	93.579	383.000	14.000	0.394	0.102	0.416	93.578	383.009	14.013	93	382	13	3	3	3
0.265	2.874	11	11	2491	226.455	20.378	228.000	200	256	372.182	393.455	13.727	0.310	0.097	0.318	372.177	393.455	13.708	371	393	13	3	2	3
0.193	2.363	8	8	1820	227.500	22.006	223.000	200	259	181.750	437.500	13.625	0.275	0.056	0.274	181.769	437.514	13.618	181	437	13	3	2	2
0.145	2.046	6	6	1259	209.833	9.042	206.000	205	228	407.667	18.333	15.000	0.256	0.123	0.210	407.673	18.326	14.997	407	18	14	2	2	3
0.048	0.829	2	2	411	205.500	7.778	205.500	200	211	490.000	60.500	14.000	0.124	0.000	0.124	490.000	60.513	14.000	490	60	14	1	2	1
1.446	9.998	60	47	17032	283.867	64.523	269.500	202	440	497.650	63.150	16.067	0.671	0.220	0.618	497.662	63.106	16.076	496	62	14	5	4	6
0.145	1.852	6	6	1284	214.000	8.000	212.000	205	226	505.667	150.500	14.667	0.247	0.046	0.245	505.672	150.502	14.676	505	150	14	2	2	2
0.024	0.511	1	1	200	200.000	0.000	200.000	200	200	0.000	261.000	14.000	0.000	0.000	0.000	0.000	261.000	14.000	0	261	14	1	1	1
0.072	1.287	3	3	622	207.333	7.506	207.000	200	215	479.000	265.000	15.000	0.260	0.225	0.390	479.000	265.000	14.989	479	265	14	1	1	3
0.048	0.829	2	2	402	201.000	1.414	201.000	200	202	498.000	266.500	14.000	0.124	0.000	0.124	498.000	266.503	14.000	498	266	14	1	2	1
0.024	0.511	1	1	202	202.000	0.000	202.000	202	202	12.000	271.000	14.000	0.000	0.000	0.000	12.000	271.000	14.000	12	271	14	1	1	1
0.289	3.068	12	12	2728	227.333	26.589	214.000	201	276	459.500	276.833	15.167	0.325	0.110	0.336	459.497	276.850	15.174	459	276	14	2	3	3
0.313	4.144	13	13	2749	211.462	11.759	205.000	200	234	241.692	312.538	14.308	0.391	0.184	0.347	241.689	312.525	14.318	240	311	14	5	5	2
0.121	1.728	5	5	1050	210.000	2.550	209.000	208	214	432.600	331.800	14.600	0.245	0.038	0.259	432.597	331.802	14.595	432	331	14	2	2	2
0.121	1.728	5	5	1079	215.800	9.731	215.000	201	226	249.800	369.400	14.600	0.245	0.038	0.259	249.814	369.408	14.584	249	369	14	2	2	2
0.024	0.511	1	1	205	205.000	0.000	205.000	205	205	344.000	383.000	14.000	0.000	0.000	0.000	344.000	383.000	14.000	344	383	14	1	1	1
0.410	4.549	17	17	3943	231.941	20.120	233.000	203	275	53.941	391.235	15.000	0.405	0.146	0.434	53.913	391.197	15.027	53	390	14	3	4	3
3.302	21.372	137	102	36730	268.102	62.384	252.000	200	448	222.431	397.226	17.438	1.076	0.458	1.035	222.403	397.201	17.225	220	394	14	6	7	10
0.193	2.046	8	8	1801	225.125	9.418	224.000	215	238	303.500	396.500	14.500	0.263	0.000	0.263	303.482	396.502	14.495	303	396	14	2	2	2
0.048	0.829	2	2	437	218.500	14.849	218.500	208	229	477.500	39.000	15.000	0.124	0.000	0.124	477.524	39.000	15.000	477	39	15	2	1	1
22.294	70.897	925	454	299697	323.997	103.338	298.000	200	753	483.978	88.131	20.622	1.710	0.450	1.670	484.160	88.078	20.661	477	82	15	17	17	10
1.109	9.540	46	40	12550	272.826	56.050	270.500	200	423	504.457	85.261	17.739	0.625	0.239	0.577	504.388	85.217	17.767	502	84	15	7	5	6
0.265	3.139	11	11	2396	217.818	16.816	213.000	200	253	492.182	245.273	15.818	0.329	0.121	0.329	492.193	245.262	15.824	491	245	15	3	2	3
0.265	3.720	11	11	2326	211.455	6.773	211.000	200	221	80.000	296.000	17.273	0.583	0.262	0.608	80.003	295.994	17.278	79	295	15	3	3	5
0.024	0.511	1	1	215	215.000	0.000	215.000	215	215	111.000	325.000	15.000	0.000	0.000	0.000	111.000	325.000	15.000	111	325	15	1	1	1
0.096	1.411	4	4	879	219.750	1.500	220.000	218	221	329.000	372.500	15.500	0.231	0.000	0.231	329.000	372.503	15.499	329	372	15	1	2	2
0.121	1.728	5	5	1104	220.800	11.925	221.000	209	240	254.200	443.400	15.400	0.245	0.038	0.259	254.189	443.418	15.418	254	443	15	2	2	2
0.024	0.511	1	1	201	201.000	0.000	201.000	201	201	55.000	285.000	16.000	0.000	0.000	0.000	55.000	285.000	16.000	55	285	16	1	1	1
0.024	0.511	1	1	212	212.000	0.000	212.000	212	212	442.000	292.000	16.000	0.000	0.000	0.000	442.000	292.000	16.000	442	292	16	1	1	1
0.024	0.511	1	1	216	216.000	0.000	216.000	216	216	249.000	342.000	16.000	0.000	0.000	0.000	249.000	342.000	16.000	249	342	16	1	1	1
0.024	0.511	1	1	208	208.000	0.000	208.000	208	208	194.000	371.000	16.000	0.000	0.000	0.000	194.000	371.000	16.000	194	371	16	1	1	1
0.723	6.401	30	25	7605	253.500	40.366	243.000	203	339	337.700	423.533	18.200	0.498	0.163	0.486	337.686	423.553	18.195	336	422	16	4	4	5
0.892	7.213	37	34	8492	229.514	19.738	224.000	200	273	413.486	3.865	17.757	0.537	0.168	0.502	413.541	3.849	17.750	410	2	17	7	4	3
0.096	1.411	4	4	884	221.000	12.570	223.500	205	232	462.000	34.500	17.500	0.231	0.000	0.231	462.000	34.523	17.508	462	34	17	1	2	2
0.819	6.912	34	28	10618	312.294	92.488	291.000	203	539	482.471	59.000	18.912	0.507	0.159	0.481	482.477	58.982	18.911	481	58	17	4	3	5
1.253	8.764	52	40	17830	342.885	116.240	310.500	200	658	15.885	264.596	18.596	0.592	0.141	0.603	15.900	264.554	18.595	14	263	17	5	5	5
0.096	1.270	4	4	809	202.250	1.708	202.500	200	204	69.500	298.500	17.000	0.176	0.000	0.176	69.501	298.503	17.000	69	298	17	2	2	1
0.048	0.899	2	2	400	200.000	0.000	200.000	200	200	279.000	309.000	17.500	0.195	0.000	0.195	279.000	309.000	17.500	279	309	17	1	1	2
0.024	0.511	1	1	203	203.000	0.000	203.000	203	203	57.000	319.000	17.000	0.000	0.000	0.000	57.000	319.000	17.000	57	319	17	1	1	1
0.048	0.899	2	2	460	230.000	9.899	230.000	223	237	425.000	327.000	17.500	0.195	0.000	0.195	425.000	327.000	17.485	425	327	17	1	1	2
0.289	3.192	12	11	2599	216.583	14.375	215.000	203	251	279.333	350.167	17.750	0.331	0.079	0.339	279.332	350.159	17.760	278	349	17	3	3	3
0.217	3.068	9	9	1933	214.778	9.230	212.000	205	233	87.556	352.667	18.667	0.375	0.187	0.294	87.551	352.670	18.662	87	351	17	2	4	4
0.193	2.433	8	8	1798	224.750	18.638	223.500	203	250	90.000	361.500	17.500	0.326	0.101	0.326	90.000	361.504	17.496	90	360	17	1	4	2
0.024	0.511	1	1	200	200.000	0.000	200.000	200	200	148.000	379.000	17.000	0.000	0.000	0.000	148.000	379.000	17.000	148	379	17	1	1	1
0.024	0.511	1	1	202	202.000	0.000	202.000	202	202	271.000	400.000	17.000	0.000	0.000	0.000	271.000	400.000	17.000	271	400	17	1	1	1
0.121	1.728	5	5	1089	217.800	9.257	218.000	208	227	332.200	417.400	17.600	0.245	0.038	0.259	332.191	417.409	17.600	332	417	17	2	2	2
0.578	5.766	24	23	5633	234.708	24.428	231.500	204	295	509.625	71.083	20.500	0.482	0.199	0.394	509.621	71.094	20.509	508	70	18	4	3	5
0.217	2.751	9	9	1919	213.222	13.132	209.000	200	240	494.222	167.333	18.778	0.297	0.105	0.319	494.223	167.327	18.793	493	167	18	3	2	3
0.241	2.874	10	10	2145	214.500	14.547	211.500	200	238	482.100	189.500	18.800	0.302	0.103	0.310	482.109	189.505	18.796	481	189	18	3	2	3
0.024	0.511	1	1	200	200.000	0.000	200.000	200	200	293.000	329.000	18.000	0.000	0.000	0.000	293.000	329.000	18.000	293	329	18	1	1	1
0.145	2.240	6	6	1294	215.667	9.522	214.500	206	230	146.833	366.000	19.000	0.280	0.162	0.252	146.841	366.011	19.005	146	365	18	2	3	3
0.554	5.114	23	21	6848	297.739	81.797	290.000	203	429	483.652	367.304	19.217	0.440	0.130	0.426	483.605	367.334	19.195	482	366	18	4	3	4
0.747	7.741	31	29	7042	227.161	26.398	218.000	200	284	143.645	382.000	19.613	0.598	0.241	0.617	143.573	381.972	19.668	141	381	18	7	3	5
0.096	1.270	4	4	870	217.500	7.937	216.500	210	227	312.500	429.500	18.000	0.176	0.000	0.176	312.502	429.495	18.000	312	429	18	2	2	1
0.024	0.511	1	1	211	211.000	0.000	211.000	211	211	483.000	64.000	19.000	0.000	0.000	0.000	483.000	64.000	19.000	483	64	19	1	1	1
0.024	0.511	1	1	207	207.000	0.000	207.000	207	207	511.000	156.000	19.000	0.000	0.000	0.000	511.000	156.000	19.000	511	156	19	1	1	1
0.265	3.262	11	11	2401	218.273	11.109	215.000	208	244	480.182	223.273	19.909	0.361	0.149	0.401	480.188	223.267	19.913	479	222	19	3	3	3
0.530	5.255	22	20	5264	239.273	25.698	233.500	202	300	86.182	284.182	21.045	0.457	0.163	0.458	86.193	284.176	21.019	85	283	19	3	4	5
0.265	3.527	11	11	2378	216.182	14.531	211.000	201	248	194.455	294.091	21.727	0.474	0.276	0.510	194.463	294.084	21.737	194	293	19	2	3	5
0.024	0.511	1	1	205	205.000	0.000	205.000	205	205	249.000	354.000	19.000	0.000	0.000	0.000	249.000	354.000	19.000	249	354	19	1	1	1
0.024	0.511	1	1	209	209.000	0.000	209.000	209	209	110.000	372.000	19.000	0.000	0.000	0.000	110.000	372.000	19.000	110	372	19	1	1	1
0.096	1.411	4	4	851	212.750	6.801	212.500	206	220	457.500	394.000	19.500	0.231	0.000	0.231	457.486	394.000	19.501	457	394	19	2	1	2
0.024	0.511	1	1	204	204.000	0.000	204.000	204	204	89.000	403.000	19.000	0.000	0.000	0.000	89.000	403.000	19.000	89	403	19	1	1	1
0.241	3.068	10	9	2276	227.600	20.156	223.500	205	268	228.900	416.900	20.200	0.329	0.080	0.314	228.896	416.890	20.199	228	416	19	3	3	3
0.024	0.511	1	1	213	213.000	0.000	213.000	213	213	321.000	423.000	19.000	0.000	0.000	0.000	321.000	423.000	19.000	321	423	19	1	1	1
0.048	0.829	2	2	411	205.500	4.950	205.500	202	209	339.000	427.500	19.000	0.124	0.000	0.124	339.000	427.491	19.000	339	427	19	1	2	1
0.458	4.479	19	17	4866	256.105	43.910	245.000	200	342	280.263	439.947	20.526	0.404	0.120	0.365	280.297	439.959	20.517	279	439	19	3	3	4
0.072	1.146	3	3	629	209.667	8.327	207.000	203	219	392.667	103.667	20.000	0.163	0.039	0.185	392.677	103.671	20.000	392	103	20	2	2	1
0.096	1.605	4	4	828	207.000	6.782	206.500	200	215	511.000	144.500	21.000	0.267	0.165	0.267	511.000	144.499	21.004	511	144	20	1	2	3
0.410	4.620	17	17	3945	232.059	32.451	221.000	200	312	483.824	220.706	22.765	0.465	0.233	0.489	483.815	220.709	22.844	483	220	20	3	3	5
0.096	1.605	4	4	847	211.750	13.525	209.000	200	229	452.500	337.000	21.000	0.267	0.165	0.267	452.491	337.000	21.002	452	337	20	2	1	3
0.024	0.511	1	1	209	209.000	0.000	209.000	209	209	495.000	364.000	20.000	0.000	0.000	0.000	495.000	364.000	20.000	495	364	20	1	1	1
2.217	13.597	92	79	26143	284.163	71.149	271.000	201	511	89.891	371.370	22.674	0.777	0.257	0.739	89.883	371.576	22.758	88	367	20	4	10	5
0.048	0.899	2	2	445	222.500	10.607	222.500	215	230	396.000	440.000	20.500	0.195	0.000	0.195	396.000	440.000	20.517	396	440	20	1	1	2
0.289	3.068	12	12	2717	226.417	20.558	219.500	202	267	303.250	442.417	21.167	0.328	0.113	0.348	303.248	442.415	21.145	302	442	20	3	2	3
0.193	2.627	8	8	1855	231.875	27.813	228.000	201	282	465.375	34.000	22.000	0.303	0.128	0.333	465.378	34.006	21.981	465	33	21	2	3	3
0.048	0.899	2	2	421	210.500	7.778	210.500	205	216	452.000	47.000	21.500	0.195	0.000	0.195	452.000	47.000	21.513	452	47	21	1	1	2
0.506	4.549	21	21	5022	239.143	26.411	237.000	202	291	477.905	60.524	22.571	0.447	0.177	0.371	477.906	60.522	22.600	476	60	21	4	2	4
1.277	8.800	53	48	14352	270.792	57.837	269.000	200	419	509.660	153.547	23.113	0.574	0.154	0.557	509.769	153.383	23.147	507	151	21	5	6	4
1.470	8.994	61	49	27872	456.918	261.314	369.000	201	1311	500.049	247.803	22.951	0.590	0.104	0.582	500.028	247.776	23.151	498	246	21	5	5	4
0.024	0.511	1	1	202	202.000	0.000	202.000	202	202	476.000	267.000	21.000	0.000	0.000	0.000	476.000	267.000	21.000	476	267	21	1	1	1
0.072	1.217	3	3	633	211.000	7.550	212.000	203	218	469.667	273.000	21.333	0.213	0.059	0.211	469.665	273.000	21.321	469	273	21	2	1	2
2.000	11.551	83	68	22541	271.578	58.902	264.000	201	454	59.169	324.554	22.723	0.681	0.154	0.683	59.133	324.573	22.803	57	321	21	6	7	4
4.338	28.858	180	160	45689	253.828	54.850	236.000	200	510	98.706	363.583	23.283	1.481	0.708	1.473	98.709	363.852	23.312	95	356	21	8	22	4
1.109	8.994	46	41	11817	256.891	43.858	249.500	200	355	358.283	368.174	23.087	0.573	0.208	0.520	358.246	368.223	23.111	356	366	21	8	5	4
1.904	12.063	79	67	24038	304.278	67.541	288.000	200	490	160.114	370.532	22.886	0.717	0.221	0.735	160.041	370.486	22.939	158	367	21	6	8	4
0.048	0.899	2	2	480	240.000	11.314	240.000	232	248	489.000	373.000	21.500	0.195	0.000	0.195	489.000	373.000	21.517	489	373	21	1	1	2
1.157	9.258	48	42	11263	234.646	32.950	224.500	200	328	228.979	404.521	22.708	0.589	0.195	0.575	229.066	404.569	22.742	226	402	21	6	6	4
0.337	3.122	14	14	3097	221.214	18.560	217.500	200	257	229.286	411.071	21.429	0.321	0.066	0.332	229.318	411.078	21.422	228	410	21	3	3	2
0.048	0.899	2	2	435	217.500	17.678	217.500	205	230	417.000	410.000	21.500	0.195	0.000	0.195	417.000	410.000	21.529	417	410	21	1	1	2
0.434	4.232	18	18	4564	253.556	40.722	250.000	202	312	310.500	414.222	22.444	0.421	0.163	0.382	310.515	414.271	22.478	310	413	21	2	3	4
0.530	4.973	22	21	5442	247.364	36.836	238.000	202	344	416.136	7.682	23.318	0.418	0.123	0.396	416.160	7.723	23.366	415	6	22	4	4	3
0.289	3.262	12	12	2995	249.583	37.301	262.000	200	300	504.750	91.583	23.417	0.331	0.105	0.299	504.704	91.583	23.445	504	91	22	3	3	3
0.096	1.270	4	4	834	208.500	5.447	208.500	202	215	465.500	97.500	22.000	0.176	0.000	0.176	465.490	97.494	22.000	465	97	22	2	2	1
0.313	3.580	13	12	3142	241.692	32.923	239.000	201	296	482.538	276.769	23.154	0.349	0.095	0.367	482.521	276.780	23.163	481	276	22	4	3	3
0.193	2.433	8	8	1713	214.125	8.806	215.500	200	225	81.500	280.500	23.250	0.293	0.114	0.271	81.511	280.492	23.238	81	280	22	2	2	3
1.301	9.418	54	51	12779	236.648	27.411	231.500	200	311	188.278	300.981	23.296	0.568	0.181	0.578	188.181	301.001	23.330	186	299	22	7	5	3
1.735	10.053	72	60	28220	391.944	201.918	318.500	201	1066	428.847	327.194	23.139	0.612	0.118	0.617	428.779	327.119	23.310	426	325	22	6	6	3
0.048	0.829	2	2	428	214.000	12.728	214.000	205	223	423.000	327.500	22.000	0.124	0.000	0.124	423.000	327.479	22.000	423	327	22	1	2	1
0.434	4.479	18	17	4173	231.833	27.152	224.500	200	296	466.111	342.833	22.889	0.413	0.115	0.413	466.106	342.893	22.884	465	341	22	3	4	3
3.736	19.845	155	131	56445	364.161	156.840	310.000	200	889	107.090	353.290	23.265	1.011	0.440	0.908	107.183	352.992	23.401	104	347	22	7	15	3
3.230	20.196	134	118	38978	290.881	81.129	271.000	201	552	79.709	364.993	23.201	1.070	0.470	1.053	79.601	364.739	23.265	76	359	22	8	15	3
0.193	2.627	8	8	1748	218.500	14.890	214.000	200	248	143.000	387.125	23.000	0.307	0.148	0.321	142.995	387.121	23.010	142	387	22	3	2	3
0.048	0.899	2	2	402	201.000	1.414	201.000	200	202	336.000	393.000	22.500	0.195	0.000	0.195	336.000	393.000	22.498	336	393	22	1	1	2
0.169	2.240	7	7	1489	212.714	9.912	212.000	200	225	392.429	416.714	22.857	0.278	0.120	0.234	392.427	416.707	22.859	392	416	22	2	2	3
0.048	0.899	2	2	446	223.000	4.243	223.000	220	226	467.000	46.000	23.500	0.195	0.000	0.195	467.000	46.000	23.493	467	46	23	1	1	2
0.048	0.899	2	2	426	213.000	7.071	213.000	208	218	457.000	73.000	23.500	0.195	0.000	0.195	457.000	73.000	23.512	457	73	23	1	1	2
0.916	6.721	38	38	9597	252.553	45.626	243.000	204	375	506.395	78.000	23.605	0.488	0.159	0.491	506.299	77.956	23.648	504	76	23	6	5	2
0.434	4.004	18	18	4061	225.611	18.931	221.500	202	271	487.111	153.500	23.667	0.372	0.118	0.363	487.111	153.488	23.678	485	152	23	4	4	2
0.241	2.857	10	10	2348	234.800	23.780	235.500	205	288	484.100	180.600	23.900	0.310	0.117	0.322	484.080	180.643	23.908	483	179	23	3	4	2
0.121	1.728	5	5	1213	242.600	33.835	246.000	207	288	494.200	185.600	23.600	0.245	0.038	0.259	494.175	185.627	23.615	494	185	23	2	2	2
0.169	2.363	7	7	1676	239.429	43.481	222.000	202	326	477.143	221.000	23.714	0.263	0.073	0.275	477.155	220.999	23.745	476	220	23	3	3	2
0.169	2.169	7	7	1551	221.571	15.725	212.000	204	240	478.429	238.143	23.714	0.260	0.065	0.279	478.442	238.154	23.727	478	237	23	2	3	2
0.627	5.344	26	26	6193	238.192	34.054	230.000	200	333	489.654	241.423	23.577	0.433	0.148	0.428	489.692	241.456	23.597	488	239	23	4	6	2
0.072	1.217	3	3	620	206.667	3.215	208.000	203	209	509.000	252.333	23.333	0.213	0.059	0.211	509.000	252.327	23.337	509	252	23	1	2	2
0.193	2.046	8	8	1892	236.500	11.452	233.500	221	255	444.500	337.500	23.500	0.263	0.000	0.263	444.514	337.506	23.516	444	337	23	2	2	2
0.313	3.299	13	13	3500	269.231	57.933	250.000	200	387	129.615	347.077	23.846	0.324	0.104	0.344	129.585	347.067	23.868	128	346	23	4	3	2
0.988	6.844	41	41	13963	340.561	126.540	296.000	202	660	148.756	381.561	23.585	0.481	0.141	0.486	148.753	381.521	23.650	147	379	23	5	6	2
0.169	2.046	7	7	1569	224.143	10.761	224.000	206	238	358.571	419.571	23.571	0.259	0.023	0.261	358.577	419.583	23.578	358	419	23	2	2	2
0.096	1.270	4	4	1069	267.250	19.670	265.500	247	291	460.500	40.500	24.000	0.176	0.000	0.176	460.488	40.471	24.000	460	40	24	2	2	1
0.048	0.829	2	2	424	212.000	1.414	212.000	211	213	502.000	86.500	24.000	0.124	0.000	0.124	502.000	86.502	24.000	502	86	24	1	2	1
0.048	0.829	2	2	424	212.000	8.485	212.000	206	218	507.000	87.500	24.000	0.124	0.000	0.124	507.000	87.486	24.000	507	87	24	1	2	1
0.048	0.829	2	2	423	211.500	6.364	211.500	207	216	486.500	136.000	24.000	0.124	0.000	0.124	486.489	136.000	24.000	486	136	24	2	1	1
0.072	1.146	3	3	628	209.333	4.163	208.000	206	214	510.333	140.333	24.000	0.163	0.039	0.185	510.328	140.331	24.000	510	140	24	2	2	1
0.048	0.829	2	2	408	204.000	4.243	204.000	201	207	511.000	145.500	24.000	0.124	0.000	0.124	511.000	145.493	24.000	511	145	24	1	2	1
0.024	0.511	1	1	222	222.000	0.000	222.000	222	222	406.000	204.000	24.000	0.000	0.000	0.000	406.000	204.000	24.000	406	204	24	1	1	1
0.121	1.587	5	5	1117	223.400	13.446	230.000	200	232	484.400	240.800	24.000	0.211	0.079	0.222	484.408	240.765	24.000	484	240	24	2	3	1
0.024	0.511	1	1	240	240.000	0.000	240.000	240	240	509.000	289.000	24.000	0.000	0.000	0.000	509.000	289.000	24.000	509	289	24	1	1	1
0.121	1.587	5	5	1082	216.400	14.826	215.000	201	239	76.200	336.400	24.000	0.211	0.079	0.222	76.217	336.389	24.000	75	336	24	3	2	1
0.048	0.829	2	2	428	214.000	5.657	214.000	210	218	125.000	341.500	24.000	0.124	0.000	0.124	125.000	341.509	24.000	125	341	24	1	2	1
0.024	0.511	1	1	213	213.000	0.000	213.000	213	213	39.000	344.000	24.000	0.000	0.000	0.000	39.000	344.000	24.000	39	344	24	1	1	1
0.048	0.829	2	2	406	203.000	0.000	203.000	203	203	281.000	352.500	24.000	0.124	0.000	0.124	281.000	352.500	24.000	281	352	24	1	2	1
0.072	1.146	3	3	665	221.667	13.013	221.000	209	235	383.333	362.667	24.000	0.163	0.039	0.185	383.332	362.686	24.000	383	362	24	2	2	1
0.048	0.829	2	2	504	252.000	14.142	252.000	242	262	242.500	380.000	24.000	0.124	0.000	0.124	242.520	380.000	24.000	242	380	24	2	1	1
0.024	0.511	1	1	223	223.000	0.000	223.000	223	223	381.000	380.000	24.000	0.000	0.000	0.000	381.000	380.000	24.000	381	380	24	1	1	1
0.048	0.829	2	2	423	211.500	9.192	211.500	205	218	150.500	394.000	24.000	0.124	0.000	0.124	150.485	394.000	24.000	150	394	24	2	1	1
0.096	1.464	4	4	853	213.250	13.048	209.500	202	232	318.500	409.000	24.000	0.201	0.089	0.201	318.509	408.989	24.000	318	408	24	2	3	1
0.096	1.270	4	4	904	226.000	10.551	227.500	213	236	361.500	415.500	24.000	0.176	0.000	0.176	361.519	415.497	24.000	361	415	24	2	2	1
