Volume (micron^3)	Surface (micron^2)	Nb of obj. voxels	Nb of surf. voxels	IntDen	Mean	StdDev	Median	Min	Max	X	Y	Z	Mean dist. to surf. (micron)	SD dist. to surf. (micron)	Median dist. to surf. (micron)	XM	YM	ZM	BX	BY	BZ	B-width	B-height	B-depth
29832.502	37131.160	1237798	300995	812966016	656.784	468.916	503.000	200	3975	226.786	214.240	9.183	39.756	18.117	38.485	223.971	206.070	7.909	0	0	1	512	395	20
0.193	2.152	8	8	1801	225.125	22.119	222.500	201	265	71.125	12.125	1.000	0.258	0.101	0.281	71.130	12.110	1.000	70	11	1	3	3	1
1207.353	1847.067	50095	13723	29318876	585.266	316.775	511.000	200	2599	486.857	67.686	13.363	9.845	4.665	9.074	487.223	69.446	12.977	416	0	1	96	134	20
0.627	6.350	26	26	6544	251.692	41.850	242.500	203	351	76.846	34.346	1.231	0.541	0.260	0.503	76.792	34.281	1.197	75	32	1	6	7	2
0.241	2.627	10	10	2640	264.000	41.137	244.500	213	329	86.600	35.500	1.800	0.320	0.121	0.350	86.641	35.475	1.760	86	35	1	2	2	3
0.916	7.266	38	34	9031	237.658	31.765	225.000	201	317	80.500	49.526	1.789	0.511	0.152	0.501	80.564	49.499	1.772	77	48	1	6	4	4
0.121	1.781	5	5	1152	230.400	30.697	231.000	202	280	0.600	131.000	1.000	0.235	0.106	0.290	0.562	131.025	1.000	0	130	1	3	3	1
0.121	1.728	5	5	1047	209.400	6.914	208.000	203	220	29.600	175.200	1.600	0.245	0.038	0.259	29.607	175.195	1.604	29	175	1	2	2	2
0.482	4.198	20	20	6300	315.000	101.646	301.500	200	555	35.350	204.650	1.400	0.363	0.086	0.392	35.328	204.646	1.346	34	203	1	4	4	2
0.024	0.511	1	1	217	217.000	0.000	217.000	217	217	504.000	217.000	1.000	0.000	0.000	0.000	504.000	217.000	1.000	504	217	1	1	1	1
0.121	1.781	5	5	1037	207.400	7.635	207.000	200	220	510.200	220.200	1.000	0.237	0.128	0.205	510.219	220.215	1.000	509	219	1	3	3	1
0.024	0.511	1	1	201	201.000	0.000	201.000	201	201	502.000	277.000	1.000	0.000	0.000	0.000	502.000	277.000	1.000	502	277	1	1	1	1
0.145	2.116	6	6	1269	211.500	10.445	207.000	200	226	464.833	288.000	2.000	0.327	0.169	0.392	464.842	288.000	1.981	464	288	1	3	1	3
0.048	0.829	2	2	429	214.500	10.607	214.500	207	222	458.500	290.000	1.000	0.124	0.000	0.124	458.483	290.000	1.000	458	290	1	2	1	1
3.663	21.215	152	110	41426	272.539	78.183	246.000	200	556	468.717	307.572	3.842	0.959	0.309	0.899	468.942	307.504	3.612	464	305	1	9	8	8
0.603	5.080	25	25	6457	258.280	44.123	246.000	202	353	422.800	334.400	1.360	0.397	0.107	0.417	422.800	334.416	1.335	421	333	1	5	4	2
0.313	3.456	13	12	3190	245.385	30.683	244.000	205	306	245.692	271.692	4.077	0.356	0.099	0.391	245.681	271.690	4.098	245	271	3	3	3	3
1.904	14.654	79	71	21819	276.190	64.549	258.000	200	458	472.468	390.532	7.899	0.947	0.401	0.969	472.594	390.535	7.854	467	389	4	10	4	8
0.024	0.511	1	1	221	221.000	0.000	221.000	221	221	0.000	53.000	5.000	0.000	0.000	0.000	0.000	53.000	5.000	0	53	5	1	1	1
0.723	6.842	30	28	7087	236.233	25.673	234.000	200	303	386.500	273.200	6.600	0.485	0.166	0.486	386.471	273.229	6.616	385	271	5	5	5	4
0.651	6.066	27	26	6058	224.370	21.154	217.000	201	277	426.852	278.222	7.148	0.461	0.152	0.452	426.879	278.192	7.164	424	277	6	6	4	4
0.048	0.829	2	2	407	203.500	0.707	203.500	203	204	263.500	365.000	6.000	0.124	0.000	0.124	263.499	365.000	6.000	263	365	6	2	1	1
0.096	1.411	4	4	930	232.500	6.807	234.000	224	238	490.000	275.500	7.500	0.231	0.000	0.231	490.000	275.488	7.497	490	275	7	1	2	2
0.024	0.511	1	1	206	206.000	0.000	206.000	206	206	191.000	283.000	7.000	0.000	0.000	0.000	191.000	283.000	7.000	191	283	7	1	1	1
0.241	3.085	10	10	2749	274.900	61.136	245.500	214	367	511.000	362.800	8.500	0.408	0.175	0.356	511.000	362.743	8.460	511	362	7	1	3	4
0.048	0.899	2	2	440	220.000	1.414	220.000	219	221	431.000	388.000	7.500	0.195	0.000	0.195	431.000	388.000	7.498	431	388	7	1	1	2
0.121	1.728	5	5	1023	204.600	4.037	205.000	200	209	5.800	68.400	8.600	0.245	0.038	0.259	5.804	68.396	8.601	5	68	8	2	2	2
0.048	0.829	2	2	402	201.000	0.000	201.000	201	201	50.000	68.500	8.000	0.124	0.000	0.124	50.000	68.500	8.000	50	68	8	1	2	1
349.203	646.830	14489	5182	9382327	647.548	382.337	542.000	200	2258	385.957	81.948	16.749	7.472	4.000	6.453	384.730	81.406	16.504	338	38	8	108	82	13
0.048	0.899	2	2	404	202.000	2.828	202.000	200	204	453.000	352.000	8.500	0.195	0.000	0.195	453.000	352.000	8.505	453	352	8	1	1	2
0.458	4.285	19	18	4879	256.789	40.040	247.000	203	339	427.158	391.053	9.158	0.391	0.098	0.398	427.115	391.090	9.189	426	390	8	3	3	3
0.386	3.774	16	16	3746	234.125	24.953	228.000	201	274	450.500	322.312	10.062	0.363	0.117	0.408	450.508	322.317	10.083	450	321	9	2	4	3
70.400	133.166	2921	952	1618173	553.979	258.128	506.000	200	1438	100.617	401.659	15.871	2.460	0.457	2.448	100.672	401.694	15.754	90	388	9	21	25	12
98.695	207.298	4095	1492	2715656	663.164	382.219	572.000	200	2534	119.474	478.158	16.408	2.955	0.897	2.923	119.559	478.567	16.338	108	456	9	25	38	12
1.277	10.475	53	46	11945	225.377	18.380	223.000	200	270	43.887	29.830	11.755	0.651	0.220	0.711	43.853	29.790	11.754	41	27	10	7	7	4
3.205	19.026	133	93	38427	288.925	81.833	264.000	200	536	508.353	229.459	14.368	0.906	0.286	0.873	508.438	229.443	14.539	505	227	10	7	6	9
0.458	4.656	19	19	4063	213.842	12.335	209.000	200	238	14.368	241.368	11.211	0.388	0.134	0.380	14.364	241.365	11.220	13	240	10	4	4	3
0.145	1.922	6	6	1272	212.000	14.505	204.000	200	233	337.667	361.333	10.500	0.255	0.021	0.269	337.679	361.317	10.502	337	361	10	2	2	2
0.217	2.751	9	9	1940	215.556	9.901	215.000	200	237	501.667	365.000	10.778	0.344	0.137	0.346	501.665	365.002	10.779	501	364	10	2	3	3
4.025	23.488	167	125	55403	331.754	120.491	301.000	200	772	314.491	373.569	15.725	1.246	0.520	1.238	314.697	373.828	16.038	312	369	10	7	9	11
0.048	0.899	2	2	401	200.500	0.707	200.500	200	201	37.000	3.000	11.500	0.195	0.000	0.195	37.000	3.000	11.501	37	3	11	1	1	2
0.482	4.409	20	18	4397	219.850	14.478	216.000	201	247	13.300	23.050	11.750	0.398	0.087	0.406	13.302	23.067	11.748	12	22	11	4	3	3
0.193	2.698	8	8	1734	216.750	12.691	212.000	203	237	501.875	26.375	12.750	0.365	0.187	0.321	501.881	26.365	12.735	501	26	11	2	2	4
83.342	158.922	3458	1185	2346923	678.694	446.660	553.000	200	3047	409.092	155.971	16.452	2.604	0.592	2.635	410.533	155.941	16.512	396	145	11	28	29	10
0.024	0.511	1	1	207	207.000	0.000	207.000	207	207	61.000	198.000	11.000	0.000	0.000	0.000	61.000	198.000	11.000	61	198	11	1	1	1
0.024	0.511	1	1	229	229.000	0.000	229.000	229	229	234.000	351.000	11.000	0.000	0.000	0.000	234.000	351.000	11.000	234	351	11	1	1	1
0.241	2.557	10	10	2147	214.700	10.594	216.000	200	230	490.200	249.600	12.500	0.291	0.054	0.296	490.213	249.599	12.488	489	249	12	3	2	2
0.145	1.922	6	6	1265	210.833	11.496	204.000	203	228	504.333	285.333	12.500	0.255	0.021	0.269	504.321	285.323	12.499	504	285	12	2	2	2
0.024	0.511	1	1	200	200.000	0.000	200.000	200	200	328.000	307.000	12.000	0.000	0.000	0.000	328.000	307.000	12.000	328	307	12	1	1	1
0.048	0.899	2	2	419	209.500	3.536	209.500	207	212	501.000	315.000	12.500	0.195	0.000	0.195	501.000	315.000	12.494	501	315	12	1	1	2
3.784	21.653	157	107	53954	343.656	142.499	298.000	200	878	477.471	326.809	15.777	0.973	0.306	0.948	477.374	326.723	15.983	475	323	12	7	9	9
1.277	8.975	53	46	18144	342.340	103.236	321.000	200	597	13.755	0.755	15.925	0.627	0.207	0.579	13.659	0.717	15.978	12	0	13	5	3	6
0.169	2.504	7	7	1616	230.857	22.858	233.000	200	262	21.857	0.000	14.857	0.368	0.212	0.336	21.837	0.000	14.907	21	0	13	3	1	4
12.966	48.180	538	285	223589	415.593	203.302	347.500	200	1150	427.078	76.364	17.219	1.466	0.417	1.422	426.811	76.477	17.206	422	67	13	12	16	8
18.895	67.584	784	418	294902	376.151	175.380	316.000	200	1127	382.649	173.343	17.318	1.599	0.430	1.534	382.836	172.705	17.428	374	167	13	19	18	8
0.410	5.255	17	17	3593	211.353	8.147	208.000	202	233	453.706	280.059	14.647	0.520	0.234	0.518	453.706	280.058	14.645	451	279	13	6	3	4
0.024	0.511	1	1	206	206.000	0.000	206.000	206	206	488.000	301.000	13.000	0.000	0.000	0.000	488.000	301.000	13.000	488	301	13	1	1	1
2.121	13.703	88	73	20588	233.955	29.652	229.000	200	312	192.523	305.239	15.432	0.731	0.238	0.695	192.472	305.187	15.392	189	303	13	9	5	5
0.241	2.627	10	10	2272	227.200	21.586	229.500	200	260	479.500	344.600	14.200	0.320	0.121	0.350	479.498	344.617	14.206	479	344	13	2	2	3
3.254	17.247	135	89	39034	289.141	70.178	264.000	201	479	55.607	2.289	16.459	0.838	0.162	0.826	55.527	2.142	16.475	52	0	14	8	7	6
0.072	1.146	3	3	627	209.000	6.000	209.000	203	215	33.667	44.667	14.000	0.163	0.039	0.185	33.676	44.667	14.000	33	44	14	2	2	1
1.542	11.656	64	55	18194	284.281	61.149	281.500	201	415	459.641	76.453	17.359	0.791	0.338	0.767	459.639	76.433	17.375	457	75	14	7	4	7
0.024	0.511	1	1	203	203.000	0.000	203.000	203	203	83.000	158.000	14.000	0.000	0.000	0.000	83.000	158.000	14.000	83	158	14	1	1	1
0.362	3.580	15	14	3728	248.533	29.995	248.000	203	288	425.400	159.000	15.000	0.369	0.103	0.402	425.409	159.062	14.953	424	158	14	3	3	3
2.458	16.580	102	89	22888	224.392	21.511	221.000	200	310	80.039	164.275	15.745	0.844	0.316	0.875	79.978	164.156	15.753	77	159	14	8	11	4
0.217	2.433	9	9	1968	218.667	8.902	219.000	204	232	214.556	255.444	14.667	0.297	0.104	0.303	214.551	255.450	14.665	214	255	14	2	2	3
4.170	19.222	173	105	59424	343.491	120.017	312.000	200	657	285.555	281.659	16.532	0.908	0.152	0.922	285.603	281.636	16.535	282	279	14	8	6	6
0.482	5.572	20	20	4285	214.250	11.026	210.500	200	237	216.700	301.750	15.350	0.478	0.195	0.478	216.703	301.758	15.344	215	300	14	4	4	4
0.844	6.842	35	30	8517	243.343	33.736	232.000	200	331	393.200	300.029	15.914	0.502	0.136	0.494	393.178	300.043	15.931	391	299	14	5	3	5
0.940	7.300	39	29	11094	284.462	77.447	249.000	204	467	455.462	311.615	16.179	0.548	0.140	0.508	455.459	311.633	16.143	454	310	14	4	4	5
0.145	1.852	6	6	1232	205.333	3.777	204.000	202	210	415.667	320.500	14.667	0.247	0.046	0.245	415.666	320.493	14.670	415	320	14	2	2	2
1.277	9.329	53	41	13628	257.132	46.345	246.000	200	370	284.151	324.679	15.792	0.593	0.134	0.576	284.154	324.655	15.796	282	323	14	5	5	5
0.048	0.899	2	2	419	209.500	12.021	209.500	201	218	496.000	339.000	14.500	0.195	0.000	0.195	496.000	339.000	14.520	496	339	14	1	1	2
0.651	6.154	27	24	6282	232.667	25.807	226.000	200	289	245.222	357.074	16.259	0.483	0.172	0.429	245.225	357.092	16.278	244	356	14	3	4	5
8.243	33.559	342	201	176464	515.977	272.792	433.000	200	1397	87.956	444.170	17.427	1.237	0.320	1.244	87.667	444.097	17.356	82	441	14	15	8	7
0.169	2.310	7	7	1544	220.571	15.480	217.000	202	242	0.286	7.429	16.286	0.300	0.120	0.307	0.278	7.424	16.284	0	7	15	2	2	3
0.362	4.091	15	14	3379	225.267	19.674	226.000	200	262	9.333	9.533	16.533	0.387	0.141	0.346	9.335	9.547	16.537	8	8	15	3	4	4
0.771	6.084	32	29	7694	240.438	26.041	241.500	209	307	80.188	10.750	16.750	0.507	0.151	0.494	80.189	10.764	16.770	79	9	15	3	4	4
0.603	5.696	25	21	5850	234.000	25.505	228.000	203	290	70.360	12.800	16.760	0.462	0.130	0.450	70.369	12.796	16.765	69	11	15	4	4	4
2.627	13.895	109	76	69860	640.917	398.715	538.000	200	1834	140.128	24.734	17.881	0.798	0.198	0.804	140.208	24.652	18.041	138	22	15	5	6	6
0.530	4.462	22	21	4841	220.045	15.292	220.000	201	256	61.091	37.273	16.409	0.388	0.090	0.370	61.091	37.254	16.405	60	36	15	3	4	3
2.362	13.774	98	68	27776	283.429	74.225	262.500	200	507	66.276	58.745	17.173	0.720	0.104	0.721	66.330	58.766	17.192	63	56	15	8	6	5
6.435	26.154	267	160	133521	500.079	258.696	427.000	202	1232	448.348	63.790	17.985	1.068	0.213	1.052	448.076	63.904	18.053	444	60	15	11	9	6
10.412	34.339	432	226	224714	520.171	239.736	481.000	200	1229	399.903	102.986	17.870	1.223	0.148	1.238	399.918	103.022	17.998	395	98	15	11	12	6
3.953	16.947	164	107	132384	807.219	567.886	584.000	202	2400	437.604	153.476	17.854	0.900	0.171	0.873	437.602	153.492	18.145	435	151	15	6	6	6
7.881	34.177	327	192	116029	354.829	160.836	314.000	201	1145	472.480	189.040	17.703	1.170	0.278	1.172	472.042	188.998	17.654	467	184	15	12	11	6
3.687	19.646	153	101	47578	310.967	86.531	288.000	200	585	506.275	251.608	17.379	0.884	0.216	0.886	506.341	251.609	17.390	502	248	15	9	9	6
4.965	26.050	206	141	55033	267.150	60.959	247.500	200	448	384.704	290.636	16.888	1.005	0.282	0.987	384.733	290.493	16.882	379	286	15	12	11	5
0.024	0.511	1	1	200	200.000	0.000	200.000	200	200	468.000	295.000	15.000	0.000	0.000	0.000	468.000	295.000	15.000	468	295	15	1	1	1
0.024	0.511	1	1	208	208.000	0.000	208.000	208	208	491.000	297.000	15.000	0.000	0.000	0.000	491.000	297.000	15.000	491	297	15	1	1	1
0.337	3.262	14	14	3129	223.500	15.093	219.000	204	257	380.000	303.500	16.000	0.351	0.125	0.409	380.012	303.501	15.992	379	303	15	3	2	3
0.362	3.968	15	14	3476	231.733	21.812	242.000	200	263	373.600	307.733	16.400	0.362	0.099	0.349	373.604	307.721	16.413	372	307	15	4	3	3
0.530	4.937	22	20	5215	237.045	22.967	231.000	204	289	383.091	309.364	16.636	0.447	0.147	0.389	383.100	309.369	16.651	382	308	15	3	3	4
0.844	6.825	35	29	8100	231.429	25.832	227.000	200	288	473.286	308.486	16.886	0.511	0.123	0.486	473.282	308.476	16.896	471	307	15	5	4	4
0.121	1.658	5	5	1043	208.600	9.633	206.000	200	225	214.600	317.600	15.200	0.224	0.070	0.195	214.603	317.607	15.192	214	317	15	2	2	2
0.048	0.829	2	2	411	205.500	0.707	205.500	205	206	455.500	321.000	15.000	0.124	0.000	0.124	455.501	321.000	15.000	455	321	15	2	1	1
0.072	1.217	3	3	629	209.667	6.110	211.000	203	215	463.333	339.000	15.667	0.213	0.059	0.211	463.335	339.000	15.677	463	339	15	2	1	2
0.964	7.477	40	37	9342	233.550	25.042	231.000	200	294	329.200	340.750	16.300	0.543	0.160	0.556	329.198	340.737	16.298	327	340	15	6	3	4
5.254	22.133	218	137	83524	383.138	140.662	348.500	201	863	7.569	420.362	18.174	0.980	0.186	0.961	7.456	420.290	18.159	2	418	15	11	7	6
1.880	11.515	78	63	25307	324.449	94.123	314.000	200	557	469.590	1.038	18.500	0.687	0.169	0.674	469.678	0.952	18.497	466	0	16	7	4	5
0.217	2.751	9	9	1934	214.889	13.081	211.000	201	238	69.667	21.778	17.000	0.304	0.123	0.336	69.664	21.776	16.995	69	21	16	3	2	3
3.085	16.013	128	91	44259	345.773	103.612	347.000	201	623	461.133	38.391	18.539	0.796	0.144	0.812	461.207	38.438	18.564	458	35	16	7	8	5
0.024	0.511	1	1	208	208.000	0.000	208.000	208	208	64.000	40.000	16.000	0.000	0.000	0.000	64.000	40.000	16.000	64	40	16	1	1	1
0.145	1.922	6	6	1222	203.667	2.875	203.000	201	208	61.667	44.333	16.500	0.255	0.021	0.269	61.666	44.337	16.500	61	44	16	2	2	2
0.362	3.650	15	15	3695	246.333	36.272	240.000	203	318	68.000	48.467	17.600	0.361	0.129	0.322	68.011	48.452	17.589	67	48	16	3	2	4
3.446	18.376	143	95	50497	353.126	128.222	320.000	200	747	245.175	78.455	18.343	0.872	0.208	0.822	245.074	78.508	18.350	241	76	16	11	6	5
0.988	7.564	41	34	13907	339.195	96.318	318.000	205	600	428.171	88.829	18.317	0.568	0.172	0.555	428.146	88.830	18.301	427	87	16	4	4	5
0.072	1.217	3	3	620	206.667	7.371	204.000	201	215	392.667	90.000	16.333	0.213	0.059	0.211	392.671	90.000	16.324	392	90	16	2	1	2
1.494	10.104	62	46	21165	341.371	114.588	317.000	202	666	407.081	96.226	18.177	0.632	0.138	0.605	407.055	96.196	18.194	405	94	16	5	5	5
1.470	10.034	61	46	19259	315.721	99.159	295.000	200	576	394.148	111.951	18.377	0.619	0.126	0.602	394.162	111.978	18.396	392	110	16	5	6	5
0.169	2.169	7	7	1457	208.143	4.634	209.000	202	215	28.286	145.714	16.429	0.277	0.063	0.254	28.281	145.710	16.431	28	145	16	2	3	2
3.471	17.230	144	97	50150	348.264	124.032	310.500	200	717	351.611	160.375	18.368	0.847	0.188	0.857	351.736	160.623	18.399	349	156	16	6	9	5
1.157	8.253	48	39	13948	290.583	71.259	274.000	203	484	443.646	168.229	18.354	0.565	0.139	0.569	443.565	168.223	18.313	442	167	16	5	4	5
6.146	26.401	255	167	109962	431.224	192.490	388.000	203	1087	400.420	178.129	18.357	1.085	0.293	1.045	400.751	178.327	18.385	393	175	16	13	8	5
0.988	8.306	41	37	11221	273.683	55.154	268.000	200	433	336.610	191.756	18.098	0.565	0.191	0.536	336.578	191.748	18.068	334	190	16	7	4	5
0.313	3.527	13	13	3298	253.692	33.046	255.000	201	305	467.615	195.385	17.692	0.377	0.156	0.325	467.621	195.395	17.678	467	194	16	2	3	4
0.627	5.308	26	24	7031	270.423	43.428	257.500	209	374	498.769	256.731	17.115	0.446	0.128	0.455	498.774	256.768	17.131	498	255	16	3	4	4
0.916	7.072	38	36	9155	240.921	30.851	234.500	200	297	239.211	266.289	17.395	0.484	0.154	0.491	239.224	266.278	17.404	237	264	16	5	5	4
0.386	4.656	16	16	3371	210.688	8.546	207.500	202	227	184.625	277.188	16.812	0.431	0.171	0.432	184.639	277.207	16.819	183	275	16	4	5	3
0.868	7.002	36	36	7871	218.639	13.609	217.500	200	247	270.556	278.833	16.639	0.504	0.180	0.483	270.558	278.825	16.650	267	277	16	7	4	3
0.506	4.603	21	19	4924	234.476	25.889	229.000	200	292	375.190	287.762	17.095	0.407	0.088	0.434	375.188	287.754	17.121	374	287	16	4	3	3
1.398	11.146	58	51	13805	238.017	27.053	236.500	202	308	348.328	289.707	17.672	0.700	0.249	0.736	348.356	289.665	17.663	345	286	16	7	8	4
2.362	16.736	98	77	25525	260.459	43.574	256.000	201	367	319.092	292.112	17.469	0.864	0.310	0.880	319.063	292.104	17.468	314	289	16	10	8	4
2.073	12.734	86	64	21862	254.209	37.691	245.500	201	343	331.267	291.919	17.453	0.703	0.152	0.679	331.233	291.923	17.463	328	290	16	8	5	4
0.578	5.361	24	22	5501	229.208	26.739	224.500	200	299	360.583	291.625	17.292	0.426	0.116	0.435	360.614	291.652	17.291	358	290	16	5	4	3
0.096	1.534	4	4	857	214.250	9.287	212.500	205	227	457.750	298.250	16.750	0.219	0.071	0.219	457.750	298.246	16.761	457	298	16	2	2	2
0.169	2.240	7	7	1540	220.000	11.818	216.000	204	237	477.571	306.571	16.857	0.281	0.125	0.208	477.560	306.574	16.868	477	306	16	2	2	3
0.578	6.772	24	22	5314	221.417	18.738	215.000	200	267	500.625	321.792	17.708	0.587	0.297	0.537	500.572	321.734	17.718	498	320	16	7	6	4
0.145	1.922	6	6	1305	217.500	12.942	224.000	200	229	494.667	327.667	16.500	0.255	0.021	0.269	494.652	327.692	16.500	494	327	16	2	2	2
0.795	8.660	33	31	7261	220.030	19.491	210.000	201	274	387.636	328.364	16.879	0.722	0.355	0.663	387.619	328.506	16.869	386	322	16	6	11	3
0.362	3.703	15	14	3454	230.267	21.100	225.000	205	278	485.133	330.133	16.667	0.347	0.071	0.339	485.141	330.137	16.664	484	329	16	3	3	3
0.265	3.897	11	11	2271	206.455	6.714	204.000	200	224	306.545	333.182	17.182	0.423	0.183	0.421	306.540	333.183	17.182	305	332	16	5	4	3
0.145	2.363	6	6	1255	209.167	11.957	203.500	200	227	461.667	334.833	16.500	0.279	0.059	0.278	461.681	334.846	16.500	461	334	16	2	3	2
0.386	3.633	16	15	3558	222.375	14.719	220.500	201	253	339.000	337.188	17.312	0.354	0.072	0.343	339.000	337.202	17.309	338	336	16	3	3	3
0.723	5.960	30	27	8391	279.700	54.031	263.500	208	415	263.900	371.000	18.300	0.493	0.171	0.432	263.866	371.028	18.263	263	370	16	3	3	5
1.904	11.198	79	57	33174	419.924	188.928	363.000	203	982	85.165	394.810	18.203	0.693	0.139	0.682	85.146	394.794	18.263	83	393	16	5	5	5
0.627	5.378	26	23	7459	286.885	66.759	279.000	200	423	404.923	404.269	17.808	0.456	0.123	0.446	404.891	404.305	17.820	404	403	16	3	4	4
1.976	11.956	82	58	30606	373.244	139.377	339.500	201	789	142.134	475.622	18.305	0.701	0.143	0.691	142.158	475.607	18.258	140	473	16	5	6	5
1.109	8.006	46	36	13947	303.196	94.221	287.500	201	530	16.261	502.630	18.391	0.575	0.148	0.550	16.250	502.600	18.369	15	501	16	4	4	5
0.916	6.842	38	33	10720	282.105	54.164	278.000	200	416	463.053	4.737	18.763	0.510	0.126	0.513	463.058	4.749	18.764	462	3	17	3	5	4
0.096	1.411	4	4	840	210.000	6.481	208.500	204	219	61.500	7.000	17.500	0.231	0.000	0.231	61.489	7.000	17.493	61	7	17	2	1	2
0.048	0.829	2	2	406	203.000	4.243	203.000	200	206	78.500	19.000	17.000	0.124	0.000	0.124	78.493	19.000	17.000	78	19	17	2	1	1
0.386	3.897	16	15	4170	260.625	52.060	246.500	201	381	145.062	19.750	18.125	0.369	0.091	0.389	145.110	19.768	18.111	144	19	17	3	3	3
0.048	0.829	2	2	406	203.000	0.000	203.000	203	203	56.000	54.500	17.000	0.124	0.000	0.124	56.000	54.500	17.000	56	54	17	1	2	1
2.434	15.061	101	79	27781	275.059	58.315	260.000	200	427	454.228	92.663	18.663	0.758	0.198	0.741	454.188	92.818	18.636	451	88	17	6	10	4
0.024	0.511	1	1	201	201.000	0.000	201.000	201	201	81.000	93.000	17.000	0.000	0.000	0.000	81.000	93.000	17.000	81	93	17	1	1	1
0.193	2.046	8	8	1864	233.000	23.616	226.500	204	269	357.500	126.500	17.500	0.263	0.000	0.263	357.459	126.482	17.510	357	126	17	2	2	2
0.337	3.580	14	13	3277	234.071	25.713	224.500	204	290	356.071	145.357	18.214	0.352	0.089	0.346	356.064	145.353	18.218	355	144	17	3	3	3
0.024	0.511	1	1	201	201.000	0.000	201.000	201	201	180.000	146.000	17.000	0.000	0.000	0.000	180.000	146.000	17.000	180	146	17	1	1	1
0.675	5.766	28	26	7539	269.250	48.589	256.500	201	382	459.000	147.893	18.679	0.473	0.143	0.441	458.999	147.883	18.690	458	147	17	4	3	4
2.338	13.350	97	77	32128	331.216	87.687	329.000	202	536	456.361	156.021	18.557	0.743	0.203	0.760	456.326	156.065	18.597	455	152	17	4	9	4
1.639	10.475	68	56	19340	284.412	63.978	274.500	200	438	360.971	165.338	18.588	0.651	0.172	0.673	360.978	165.429	18.613	359	161	17	4	8	4
0.024	0.511	1	1	204	204.000	0.000	204.000	204	204	75.000	170.000	17.000	0.000	0.000	0.000	75.000	170.000	17.000	75	170	17	1	1	1
0.024	0.511	1	1	203	203.000	0.000	203.000	203	203	83.000	171.000	17.000	0.000	0.000	0.000	83.000	171.000	17.000	83	171	17	1	1	1
0.603	5.432	25	21	6577	263.080	55.408	244.000	201	377	305.560	176.720	18.720	0.439	0.097	0.441	305.566	176.704	18.740	304	175	17	4	4	4
0.024	0.511	1	1	203	203.000	0.000	203.000	203	203	222.000	238.000	17.000	0.000	0.000	0.000	222.000	238.000	17.000	222	238	17	1	1	1
0.096	1.534	4	4	851	212.750	8.732	213.000	202	223	477.750	243.250	17.250	0.219	0.071	0.219	477.747	243.248	17.237	477	243	17	2	2	2
0.458	4.462	19	18	4523	238.053	24.838	231.000	200	291	488.789	256.316	17.684	0.392	0.108	0.370	488.825	256.284	17.679	487	255	17	4	4	3
0.193	2.487	8	8	1762	220.250	20.968	211.500	200	258	482.000	256.625	18.000	0.271	0.107	0.279	481.980	256.637	18.001	481	256	17	3	2	3
0.048	0.829	2	2	410	205.000	1.414	205.000	204	206	234.500	261.000	17.000	0.124	0.000	0.124	234.498	261.000	17.000	234	261	17	2	1	1
0.048	0.829	2	2	424	212.000	16.971	212.000	200	224	241.500	271.000	17.000	0.124	0.000	0.124	241.528	271.000	17.000	241	271	17	2	1	1
0.578	5.361	24	21	5529	230.375	26.183	223.000	201	281	425.125	276.458	17.917	0.437	0.110	0.445	425.126	276.454	17.896	423	275	17	5	4	3
0.072	1.217	3	3	642	214.000	12.000	214.000	202	226	277.667	280.000	17.333	0.213	0.059	0.211	277.667	280.000	17.315	277	280	17	2	1	2
0.506	4.392	21	21	4715	224.524	16.774	228.000	201	253	294.619	283.524	17.429	0.375	0.096	0.414	294.613	283.518	17.426	293	282	17	4	4	2
0.193	2.363	8	8	1698	212.250	9.192	212.500	200	225	364.250	282.375	17.625	0.273	0.054	0.276	364.251	282.373	17.627	363	282	17	3	2	2
0.362	4.603	15	15	3250	216.667	16.317	212.000	203	255	301.000	287.333	17.400	0.441	0.177	0.443	301.046	287.370	17.405	299	285	17	5	5	2
0.121	1.728	5	5	1063	212.600	7.503	213.000	202	221	341.800	289.000	17.600	0.260	0.067	0.253	341.786	289.000	17.603	341	289	17	3	1	2
0.121	1.658	5	5	1063	212.600	12.300	209.000	201	228	354.400	290.600	17.800	0.224	0.070	0.195	354.399	290.621	17.803	354	290	17	2	2	2
0.048	0.829	2	2	425	212.500	6.364	212.500	208	217	371.500	292.000	17.000	0.124	0.000	0.124	371.511	292.000	17.000	371	292	17	2	1	1
1.253	10.722	52	47	11816	227.231	20.978	222.500	200	282	508.923	298.231	17.962	0.669	0.240	0.641	508.925	298.223	17.963	507	294	17	5	9	3
0.024	0.511	1	1	202	202.000	0.000	202.000	202	202	376.000	319.000	17.000	0.000	0.000	0.000	376.000	319.000	17.000	376	319	17	1	1	1
0.048	0.899	2	2	475	237.500	17.678	237.500	225	250	462.000	319.000	17.500	0.195	0.000	0.195	462.000	319.000	17.474	462	319	17	1	1	2
0.169	2.169	7	7	1517	216.714	8.958	215.000	203	232	266.143	321.571	17.429	0.273	0.058	0.267	266.150	321.565	17.417	265	321	17	3	2	2
0.265	2.945	11	11	2598	236.182	30.580	224.000	204	300	57.818	367.364	18.364	0.316	0.098	0.298	57.842	367.361	18.358	57	367	17	3	2	3
1.036	7.971	43	35	10422	242.372	40.239	226.000	200	351	48.419	370.767	18.488	0.537	0.115	0.508	48.404	370.794	18.484	46	368	17	5	6	4
0.723	5.960	30	26	8795	293.167	72.865	273.000	201	472	20.333	375.867	18.800	0.486	0.132	0.487	20.314	375.847	18.786	19	375	17	4	3	4
0.892	8.306	37	35	8941	241.649	27.443	242.000	201	302	288.054	378.459	18.108	0.567	0.197	0.607	288.034	378.466	18.117	285	377	17	7	4	3
0.241	2.874	10	10	2212	221.200	17.523	219.500	203	260	296.500	389.900	18.200	0.302	0.103	0.310	296.511	389.901	18.199	296	389	17	2	3	3
0.675	5.890	28	24	6960	248.571	42.231	239.500	203	344	410.179	405.071	18.500	0.467	0.126	0.431	410.186	405.079	18.482	409	404	17	4	3	4
0.506	4.937	21	19	5668	269.905	57.582	254.000	204	409	147.000	425.238	18.714	0.433	0.137	0.415	147.015	425.231	18.700	146	424	17	3	3	4
1.350	8.694	56	46	18362	327.893	100.480	295.500	201	573	1.446	432.732	18.696	0.593	0.119	0.600	1.443	432.650	18.699	0	431	17	4	5	4
0.868	6.525	36	31	10374	288.167	70.328	265.000	200	446	279.611	441.194	18.778	0.508	0.131	0.503	279.561	441.223	18.786	278	440	17	5	3	4
1.060	7.354	44	36	12607	286.523	63.035	265.000	201	437	261.500	449.614	18.295	0.544	0.107	0.529	261.491	449.626	18.289	260	448	17	4	4	4
0.506	4.937	21	19	6105	290.714	74.143	300.000	200	438	39.762	456.905	18.810	0.438	0.144	0.431	39.715	456.830	18.851	39	456	17	3	3	4
1.446	9.258	60	47	17165	286.083	65.154	265.500	200	443	101.583	457.667	18.450	0.609	0.113	0.635	101.587	457.678	18.413	99	456	17	6	4	4
0.337	3.403	14	14	3799	271.357	46.364	291.500	208	321	67.571	462.500	18.714	0.404	0.176	0.336	67.565	462.491	18.697	67	462	17	2	2	4
0.434	4.355	18	17	4789	266.056	55.868	257.000	204	387	130.111	462.333	18.889	0.405	0.132	0.419	130.141	462.333	18.900	129	461	17	3	3	4
0.723	5.696	30	27	10397	346.567	97.493	336.000	215	590	55.800	468.033	18.933	0.468	0.127	0.471	55.790	468.029	18.969	54	467	17	4	3	4
0.723	5.696	30	27	9816	327.200	89.610	308.000	208	554	81.867	469.067	18.833	0.475	0.133	0.469	81.835	469.090	18.847	80	468	17	4	3	4
1.036	7.424	43	37	13914	323.581	84.323	311.000	200	517	9.395	473.721	18.651	0.547	0.128	0.564	9.448	473.774	18.685	8	472	17	4	4	4
1.036	7.230	43	35	16048	373.209	143.171	330.000	203	714	82.395	480.581	18.791	0.543	0.113	0.515	82.355	480.614	18.824	81	479	17	4	4	4
0.795	6.401	33	27	8880	269.091	55.260	250.000	204	393	109.030	494.848	18.545	0.503	0.128	0.535	109.015	494.834	18.548	107	494	17	5	3	4
1.470	10.298	61	50	17576	288.131	60.684	281.000	200	408	238.049	495.607	18.607	0.616	0.162	0.662	238.073	495.635	18.649	236	493	17	5	6	4
0.627	5.378	26	24	6614	254.385	42.821	244.500	202	354	7.808	504.885	18.346	0.462	0.146	0.410	7.779	504.891	18.319	7	504	17	3	3	4
0.265	3.209	11	11	2772	252.000	43.758	238.000	206	341	441.909	8.273	18.909	0.346	0.132	0.399	441.916	8.269	18.922	441	8	18	3	2	3
0.193	2.046	8	8	1880	235.000	15.014	237.000	212	254	450.500	45.500	18.500	0.263	0.000	0.263	450.489	45.477	18.489	450	45	18	2	2	2
0.024	0.511	1	1	239	239.000	0.000	239.000	239	239	451.000	50.000	18.000	0.000	0.000	0.000	451.000	50.000	18.000	451	50	18	1	1	1
0.241	2.627	10	10	2509	250.900	26.434	244.000	213	299	435.500	66.600	18.800	0.320	0.121	0.350	435.511	66.633	18.813	435	66	18	2	2	3
0.241	2.821	10	10	2530	253.000	31.369	248.500	222	318	315.400	85.400	19.000	0.326	0.129	0.415	315.372	85.378	19.013	315	85	18	2	2	3
0.241	2.945	10	10	2267	226.700	22.623	222.000	201	268	178.100	86.700	18.700	0.310	0.101	0.307	178.113	86.699	18.693	177	86	18	3	2	3
0.554	5.044	23	21	6100	265.217	44.470	262.000	207	371	462.130	96.261	19.000	0.413	0.080	0.432	462.147	96.258	18.981	461	95	18	3	4	3
0.217	2.681	9	9	2051	227.889	17.439	228.000	200	259	341.000	119.222	18.333	0.286	0.068	0.286	340.989	119.228	18.337	340	118	18	3	3	2
0.072	1.217	3	3	654	218.000	19.000	213.000	202	239	354.000	130.333	18.333	0.213	0.059	0.211	354.000	130.309	18.326	354	130	18	1	2	2
0.072	1.217	3	3	615	205.000	4.583	206.000	200	209	356.000	137.333	18.333	0.213	0.059	0.211	356.000	137.340	18.325	356	137	18	1	2	2
0.169	2.681	7	7	1455	207.857	5.956	205.000	204	221	267.000	171.571	18.143	0.335	0.180	0.292	266.992	171.575	18.140	266	170	18	4	4	2
0.241	2.627	10	10	2531	253.100	27.650	264.500	200	288	418.600	193.500	18.800	0.320	0.121	0.350	418.595	193.503	18.756	418	193	18	2	2	3
0.024	0.511	1	1	206	206.000	0.000	206.000	206	206	390.000	220.000	18.000	0.000	0.000	0.000	390.000	220.000	18.000	390	220	18	1	1	1
0.024	0.511	1	1	204	204.000	0.000	204.000	204	204	467.000	305.000	18.000	0.000	0.000	0.000	467.000	305.000	18.000	467	305	18	1	1	1
0.072	1.146	3	3	626	208.667	1.528	209.000	207	210	86.333	365.667	18.000	0.163	0.039	0.185	86.331	365.666	18.000	86	365	18	2	2	1
0.964	7.460	40	37	9538	238.450	26.558	234.000	200	299	88.225	370.475	18.775	0.515	0.131	0.513	88.285	370.508	18.753	86	368	18	5	6	3
0.121	1.728	5	5	1042	208.400	7.335	205.000	202	219	50.400	375.200	18.600	0.245	0.038	0.259	50.392	375.194	18.601	50	375	18	2	2	2
1.085	8.483	45	40	11142	247.600	33.730	246.000	202	332	45.378	378.778	18.889	0.553	0.154	0.543	45.367	378.766	18.880	42	377	18	7	5	3
0.145	2.240	6	6	1449	241.500	42.656	236.000	200	311	288.000	408.833	19.000	0.256	0.131	0.252	288.010	408.858	18.998	287	408	18	3	2	3
0.072	1.217	3	3	704	234.667	23.029	236.000	211	257	50.000	417.333	18.667	0.213	0.059	0.211	50.000	417.300	18.665	50	417	18	1	2	2
0.193	2.046	8	8	1940	242.500	27.124	243.000	208	276	17.500	419.500	18.500	0.263	0.000	0.263	17.512	419.451	18.507	17	419	18	2	2	2
0.193	2.433	8	8	1788	223.500	24.278	217.000	202	270	180.250	427.000	18.500	0.280	0.052	0.296	180.236	427.001	18.483	180	426	18	2	3	2
0.121	1.658	5	5	1082	216.400	9.813	212.000	209	232	87.400	427.400	18.800	0.224	0.070	0.195	87.389	427.386	18.797	87	427	18	2	2	2
0.048	0.899	2	2	421	210.500	7.778	210.500	205	216	96.000	435.000	18.500	0.195	0.000	0.195	96.000	435.000	18.513	96	435	18	1	1	2
0.410	3.650	17	17	4339	255.235	37.586	248.000	204	328	286.059	437.529	19.059	0.373	0.122	0.429	286.078	437.534	19.033	285	437	18	3	2	3
0.145	1.992	6	6	1399	233.167	24.887	229.000	202	272	264.500	438.000	19.000	0.314	0.147	0.409	264.478	438.000	18.975	264	438	18	2	1	3
0.289	3.068	12	12	3020	251.667	38.277	246.000	202	317	267.833	438.500	18.833	0.325	0.110	0.336	267.858	438.504	18.855	267	438	18	3	2	3
0.241	2.821	10	10	2516	251.600	43.899	254.500	201	333	179.400	442.600	19.000	0.326	0.129	0.415	179.364	442.641	18.947	179	442	18	2	2	3
0.072	1.217	3	3	660	220.000	12.124	222.000	207	231	271.000	442.333	18.667	0.213	0.059	0.211	271.000	442.336	18.686	271	442	18	1	2	2
0.410	3.968	17	16	4304	253.176	47.870	236.000	200	359	175.353	447.000	18.882	0.380	0.099	0.407	175.349	447.005	18.852	174	446	18	3	3	3
0.145	2.116	6	6	1332	222.000	18.836	219.000	202	254	265.333	447.167	18.833	0.283	0.130	0.285	265.321	447.160	18.832	265	447	18	2	2	3
0.265	3.262	11	10	2705	245.909	36.793	240.000	207	326	54.909	456.182	18.909	0.345	0.096	0.332	54.904	456.172	18.898	54	455	18	3	3	3
0.145	1.992	6	6	1345	224.167	20.104	213.000	208	251	193.500	461.000	19.000	0.314	0.147	0.409	193.503	461.000	19.002	193	461	18	2	1	3
0.193	2.627	8	8	2047	255.875	39.973	257.000	204	325	82.625	462.000	19.000	0.303	0.128	0.333	82.635	461.994	19.012	82	461	18	2	3	3
0.169	2.433	7	7	1575	225.000	21.182	226.000	201	266	221.857	476.143	19.143	0.285	0.125	0.292	221.865	476.132	19.130	221	476	18	3	2	3
0.024	0.511	1	1	200	200.000	0.000	200.000	200	200	219.000	478.000	18.000	0.000	0.000	0.000	219.000	478.000	18.000	219	478	18	1	1	1
0.337	3.914	14	13	3499	249.929	48.674	232.000	207	365	502.000	479.929	19.071	0.384	0.098	0.429	501.987	479.929	19.068	501	479	18	3	3	3
0.241	3.015	10	10	2346	234.600	40.844	220.500	200	318	278.800	500.300	19.000	0.334	0.129	0.400	278.812	500.274	18.996	278	500	18	3	2	3
0.072	1.217	3	3	618	206.000	6.083	203.000	202	213	229.333	511.000	18.667	0.213	0.059	0.211	229.327	511.000	18.672	229	511	18	2	1	2
0.048	0.829	2	2	406	203.000	2.828	203.000	201	205	260.500	78.000	19.000	0.124	0.000	0.124	260.505	78.000	19.000	260	78	19	2	1	1
0.048	0.829	2	2	424	212.000	7.071	212.000	207	217	92.500	358.000	19.000	0.124	0.000	0.124	92.512	358.000	19.000	92	358	19	2	1	1
0.048	0.829	2	2	410	205.000	5.657	205.000	201	209	59.500	363.000	19.000	0.124	0.000	0.124	59.510	363.000	19.000	59	363	19	2	1	1
0.024	0.511	1	1	227	227.000	0.000	227.000	227	227	419.000	407.000	19.000	0.000	0.000	0.000	419.000	407.000	19.000	419	407	19	1	1	1
0.024	0.511	1	1	208	208.000	0.000	208.000	208	208	92.000	432.000	19.000	0.000	0.000	0.000	92.000	432.000	19.000	92	432	19	1	1	1
0.072	1.146	3	3	652	217.333	6.506	217.000	211	224	271.667	445.667	19.000	0.163	0.039	0.185	271.667	445.676	19.000	271	445	19	2	2	1
0.024	0.511	1	1	206	206.000	0.000	206.000	206	206	24.000	453.000	19.000	0.000	0.000	0.000	24.000	453.000	19.000	24	453	19	1	1	1
0.072	1.217	3	3	665	221.667	14.224	215.000	212	238	62.333	458.000	19.333	0.213	0.059	0.211	62.319	458.000	19.323	62	458	19	2	1	2
0.048	0.829	2	2	425	212.500	7.778	212.500	207	218	333.000	466.500	19.000	0.124	0.000	0.124	333.000	466.513	19.000	333	466	19	1	2	1
0.024	0.511	1	1	212	212.000	0.000	212.000	212	212	65.000	470.000	19.000	0.000	0.000	0.000	65.000	470.000	19.000	65	470	19	1	1	1
0.024	0.511	1	1	223	223.000	0.000	223.000	223	223	73.000	481.000	19.000	0.000	0.000	0.000	73.000	481.000	19.000	73	481	19	1	1	1
