Volume (micron^3)	Surface (micron^2)	Nb of obj. voxels	Nb of surf. voxels	IntDen	Mean	StdDev	Median	Min	Max	X	Y	Z	Mean dist. to surf. (micron)	SD dist. to surf. (micron)	Median dist. to surf. (micron)	XM	YM	ZM	BX	BY	BZ	B-width	B-height	B-depth
17317.541	10558.543	718532	93773	69768824	97.099	103.149	66	1	2129	172.865	238.161	15.157	36.123	20.505	34.656	181.525	223.959	12.977	0	0	1	258	512	28
0.289	3.051	12	12	12	1.000	0.000	1	1	1	52.083	503.167	1.250	0.311	0.087	0.315	52.083	503.167	1.250	51	502	1	3	3	2
0.458	4.603	19	18	20	1.053	0.229	1	1	2	53.000	462.000	7.000	0.382	0.086	0.390	53.000	462.000	7.000	52	461	6	3	3	3
0.530	5.061	22	20	22	1.000	0.000	1	1	1	37.000	503.500	10.000	0.433	0.175	0.479	37.000	503.500	10.000	36	502	8	3	4	5
0.458	4.603	19	18	24	1.263	0.452	1	1	2	108.000	22.000	10.000	0.382	0.086	0.390	108.000	22.000	10.000	107	21	9	3	3	3
0.265	3.720	11	10	11	1.000	0.000	1	1	1	51.818	453.818	11.455	0.388	0.158	0.332	51.818	453.818	11.455	51	453	10	3	3	4
0.265	3.527	11	11	11	1.000	0.000	1	1	1	159.182	195.909	15.455	0.349	0.145	0.314	159.182	195.909	15.455	158	195	14	3	3	4
3.230	17.368	134	84	499	3.724	4.231	2	1	23	161.321	183.052	20.575	0.893	0.278	0.802	161.285	182.976	20.669	159	181	16	6	5	9
0.482	4.603	20	19	21	1.050	0.224	1	1	2	138.050	10.950	20.950	0.389	0.089	0.410	138.048	10.952	20.952	137	10	20	3	3	3
0.506	5.502	21	20	21	1.000	0.000	1	1	1	177.429	205.286	21.095	0.436	0.160	0.443	177.429	205.286	21.095	175	204	20	5	3	4
0.434	4.920	18	17	18	1.000	0.000	1	1	1	154.389	178.278	22.056	0.449	0.188	0.444	154.389	178.278	22.056	153	176	21	4	5	4
10.123	34.707	420	216	7946	18.919	34.191	4	1	209	109.545	168.879	25.498	1.236	0.161	1.202	109.481	168.896	26.377	105	164	22	10	12	7
0.795	6.648	33	26	68	2.061	1.298	2	1	6	29.000	361.000	24.000	0.494	0.102	0.497	29.000	361.000	24.000	27	359	22	5	5	5
4.049	22.540	168	125	312	1.857	1.441	1	1	9	170.101	87.167	26.732	0.908	0.277	0.895	170.324	86.734	26.837	165	82	23	10	11	6
4.145	20.124	172	118	1583	9.203	14.853	3	1	88	18.936	432.983	26.622	0.883	0.166	0.847	18.928	432.891	27.389	15	429	23	9	9	6
6.290	35.376	261	189	517	1.981	1.492	1	1	9	147.326	39.364	26.395	1.242	0.446	1.247	147.435	39.236	26.611	141	33	24	13	16	5
3.254	15.625	135	91	549	4.067	3.978	2	1	20	75.807	49.356	26.504	0.804	0.114	0.810	75.816	49.348	26.756	73	46	24	7	7	5
2.531	13.403	105	77	277	2.638	2.358	2	1	12	114.476	87.924	26.543	0.729	0.113	0.705	114.278	87.780	26.729	112	85	24	6	7	5
1.012	8.323	42	39	80	1.905	1.340	1	1	6	0.714	107.381	26.643	0.589	0.210	0.626	0.500	107.338	26.938	0	105	24	4	5	5
2.892	14.850	120	83	418	3.483	3.264	2	1	16	189.617	139.283	26.533	0.776	0.126	0.750	189.660	139.239	26.739	187	136	24	7	7	5
1.687	13.895	70	60	78	1.114	0.320	1	1	2	198.214	191.400	26.114	0.703	0.223	0.690	198.141	191.462	26.179	196	187	24	6	8	5
3.037	15.308	126	86	466	3.698	3.831	2	1	19	93.825	192.302	26.452	0.783	0.110	0.781	93.895	192.283	26.680	90	190	24	8	6	5
3.495	17.303	145	106	948	6.538	10.967	2	1	64	139.572	314.848	26.752	0.832	0.174	0.815	139.315	315.145	27.485	136	312	24	9	7	5
3.398	17.373	141	104	1075	7.624	10.681	3	1	58	35.816	390.270	26.780	0.811	0.153	0.797	35.964	390.227	27.381	32	387	24	8	8	5
3.109	16.173	129	94	1132	8.775	13.020	3	1	67	6.822	441.550	26.744	0.791	0.146	0.777	6.866	441.481	27.383	3	438	24	8	8	5
3.856	18.713	160	109	1249	7.806	11.414	3	1	63	9.644	481.831	26.606	0.864	0.151	0.847	9.687	481.743	27.279	6	478	24	8	8	5
1.952	11.869	81	63	165	2.037	1.453	1	1	7	132.259	3.358	26.679	0.673	0.136	0.669	132.176	3.309	26.812	130	1	25	6	7	4
1.181	7.848	49	41	70	1.429	0.645	1	1	3	124.469	5.816	26.857	0.539	0.089	0.547	124.457	5.671	26.900	123	4	25	4	5	4
1.567	11.304	65	49	106	1.631	1.009	1	1	5	104.862	10.754	26.723	0.648	0.159	0.624	104.915	10.925	26.792	103	6	25	5	8	4
0.578	6.331	24	21	24	1.000	0.000	1	1	1	138.792	16.958	26.125	0.461	0.153	0.481	138.792	16.958	26.125	137	15	25	5	5	4
0.265	3.703	11	11	11	1.000	0.000	1	1	1	145.909	19.727	26.182	0.343	0.139	0.334	145.909	19.727	26.182	144	19	25	4	3	3
2.121	11.357	88	65	242	2.750	2.335	2	1	12	136.614	25.943	26.682	0.683	0.093	0.682	136.657	26.037	26.789	134	24	25	6	5	4
0.554	5.625	23	21	25	1.087	0.288	1	1	2	69.087	30.609	26.739	0.454	0.168	0.471	69.160	30.600	26.760	67	29	25	5	4	4
0.627	6.013	26	22	29	1.115	0.326	1	1	2	141.000	52.846	26.538	0.472	0.140	0.420	141.000	52.897	26.552	140	51	25	3	5	4
0.651	6.595	27	27	27	1.000	0.000	1	1	1	151.000	61.370	26.185	0.494	0.163	0.511	151.000	61.370	26.185	149	60	25	5	4	3
1.928	11.605	80	59	224	2.800	2.286	2	1	11	138.288	63.312	26.750	0.661	0.090	0.665	138.210	63.393	26.888	136	61	25	6	6	4
1.085	7.283	45	38	74	1.644	0.933	1	1	5	102.511	69.956	26.733	0.543	0.115	0.531	102.608	69.973	26.797	101	68	25	4	5	4
1.036	7.865	43	37	54	1.256	0.492	1	1	3	157.349	83.512	26.767	0.540	0.127	0.512	157.278	83.389	26.759	156	82	25	4	5	4
0.434	4.479	18	17	18	1.000	0.000	1	1	1	173.944	97.667	26.333	0.414	0.154	0.388	173.944	97.667	26.333	172	97	25	4	3	4
1.229	8.871	51	42	70	1.373	0.692	1	1	4	176.549	112.275	26.784	0.563	0.117	0.582	176.700	112.229	26.829	174	110	25	6	5	4
1.832	10.759	76	60	199	2.618	2.422	2	1	12	13.592	115.829	27.053	0.638	0.127	0.637	13.673	115.915	27.357	11	113	25	6	6	4
1.687	11.093	70	54	112	1.600	0.824	1	1	4	185.014	151.800	26.686	0.642	0.128	0.624	185.188	151.893	26.786	182	149	25	7	6	4
2.434	13.228	101	76	486	4.812	5.662	2	1	28	9.822	251.752	26.990	0.712	0.126	0.714	9.704	251.784	27.387	7	249	25	7	7	4
2.362	13.512	98	79	449	4.582	5.873	2	1	29	127.306	276.612	27.235	0.706	0.163	0.693	127.214	276.575	27.577	124	274	25	8	7	4
2.314	13.071	96	78	555	5.781	7.757	2	1	40	109.854	357.208	27.229	0.686	0.152	0.701	109.793	357.144	27.602	106	354	25	8	7	4
0.289	3.509	12	10	12	1.000	0.000	1	1	1	101.000	34.500	27.000	0.349	0.063	0.373	101.000	34.500	27.000	100	33	26	3	4	3
0.458	4.603	19	18	21	1.105	0.315	1	1	2	159.000	76.000	27.000	0.382	0.086	0.390	158.952	76.000	27.000	158	75	26	3	3	3
0.771	5.996	32	28	46	1.438	0.619	1	1	3	101.406	124.188	27.000	0.461	0.068	0.463	101.435	124.130	27.000	100	123	26	4	4	3
0.699	5.414	29	27	36	1.241	0.511	1	1	3	21.345	139.207	27.345	0.442	0.106	0.436	21.306	139.222	27.444	20	138	26	4	4	3
1.205	8.255	50	44	103	2.060	1.695	1	1	8	52.960	176.440	27.380	0.538	0.118	0.548	52.981	176.466	27.553	51	174	26	5	6	3
0.892	6.915	37	36	68	1.838	1.259	1	1	6	49.270	212.216	27.595	0.468	0.132	0.484	49.191	212.235	27.676	47	210	26	6	5	3
0.386	4.144	16	16	17	1.062	0.250	1	1	2	173.125	233.062	27.562	0.353	0.110	0.336	173.118	233.059	27.588	172	232	26	4	3	3
0.795	6.226	33	32	50	1.515	0.870	1	1	4	27.394	242.727	27.545	0.442	0.118	0.451	27.400	242.740	27.620	25	241	26	5	5	3
1.350	9.314	56	54	122	2.179	1.790	1	1	8	99.036	261.357	27.554	0.558	0.167	0.557	98.869	261.270	27.689	96	259	26	7	6	3
0.964	7.426	40	39	76	1.900	1.317	1	1	6	7.525	267.350	27.575	0.480	0.136	0.461	7.513	267.303	27.684	5	265	26	6	6	3
0.578	5.591	24	24	26	1.083	0.282	1	1	2	140.667	307.333	27.625	0.438	0.187	0.423	140.615	307.346	27.654	139	306	26	6	4	3
2.531	17.428	105	97	234	2.229	2.350	1	1	13	131.343	326.438	27.505	0.847	0.321	0.862	131.885	326.355	27.650	126	322	26	11	10	3
0.916	7.426	38	37	73	1.921	1.566	1	1	8	99.263	404.763	27.605	0.483	0.150	0.496	99.151	404.863	27.712	97	402	26	6	6	3
1.687	10.865	70	60	178	2.543	2.448	1	1	13	30.157	475.529	27.286	0.618	0.154	0.620	30.124	475.624	27.534	27	471	26	7	8	3
0.458	4.268	19	19	27	1.421	0.607	1	1	3	0.789	479.211	27.526	0.368	0.106	0.357	0.667	479.148	27.630	0	478	26	3	4	3
0.241	2.664	10	10	10	1.000	0.000	1	1	1	9.000	45.000	27.900	0.281	0.099	0.301	9.000	45.000	27.900	8	44	27	3	3	2
0.506	4.569	21	21	25	1.190	0.402	1	1	2	50.619	55.381	27.714	0.379	0.105	0.392	50.600	55.400	27.760	49	54	27	4	4	2
0.482	5.063	20	20	20	1.000	0.000	1	1	1	19.600	125.250	27.950	0.458	0.205	0.422	19.600	125.250	27.950	17	123	27	6	6	2
0.458	4.321	19	19	23	1.211	0.535	1	1	3	46.316	131.316	27.684	0.360	0.092	0.359	46.304	131.304	27.739	45	130	27	4	4	2
0.506	4.392	21	21	28	1.333	0.577	1	1	3	1.095	254.000	27.571	0.367	0.091	0.375	1.071	254.000	27.643	0	252	27	4	5	2
0.747	5.892	31	31	52	1.677	1.077	1	1	6	146.000	277.065	27.677	0.431	0.122	0.431	146.000	277.058	27.731	144	275	27	5	5	2
0.313	3.422	13	13	13	1.000	0.000	1	1	1	92.538	285.462	27.923	0.328	0.104	0.388	92.538	285.462	27.923	91	284	27	4	4	2
0.289	3.316	12	12	17	1.417	0.669	1	1	3	0.333	304.000	27.667	0.330	0.108	0.317	0.235	304.000	27.706	0	302	27	2	5	2
0.241	2.664	10	10	10	1.000	0.000	1	1	1	128.000	372.000	27.900	0.281	0.099	0.301	128.000	372.000	27.900	127	371	27	3	3	2
0.241	2.981	10	10	10	1.000	0.000	1	1	1	143.000	322.500	28.000	0.328	0.145	0.278	143.000	322.500	28.000	141	321	28	5	4	1
0.313	3.934	13	13	13	1.000	0.000	1	1	1	101.692	417.538	28.000	0.498	0.201	0.488	101.692	417.538	28.000	99	415	28	6	6	1
