Volume (micron^3)	Surface (micron^2)	Nb of obj. voxels	Nb of surf. voxels	IntDen	Mean	StdDev	Median	Min	Max	X	Y	Z	Mean dist. to surf. (micron)	SD dist. to surf. (micron)	Median dist. to surf. (micron)	XM	YM	ZM	BX	BY	BZ	B-width	B-height	B-depth
36886.914	19959.338	1530496	202644	336364608	219.775	305.064	90.000	1	3063	280.013	298.901	13.249	39.819	19.640	39.044	294.349	282.728	10.420	0	57	1	512	419	25
0.313	3.158	13	13	13	1.000	0.000	1.000	1	1	486.462	145.615	1.000	0.345	0.129	0.376	486.462	145.615	1.000	485	144	1	4	4	1
0.289	3.034	12	12	12	1.000	0.000	1.000	1	1	376.500	242.500	1.000	0.321	0.107	0.393	376.500	242.500	1.000	375	241	1	4	4	1
3.398	16.333	141	102	387	2.745	2.349	2.000	1	12	165.121	256.248	2.156	0.805	0.143	0.810	165.274	256.183	1.845	162	253	1	8	8	4
15.810	60.080	656	411	2083	3.175	5.241	1.000	1	44	76.162	304.012	23.095	1.576	0.545	1.513	78.964	303.369	23.922	63	296	19	24	16	7
8.074	30.056	335	195	2607	7.782	11.189	3.000	1	65	157.707	47.881	23.296	1.135	0.191	1.123	157.736	47.811	24.041	153	43	20	11	10	6
7.737	29.404	321	190	2901	9.037	12.823	3.000	1	72	430.894	47.583	23.452	1.109	0.190	1.117	430.952	47.490	24.124	426	43	20	11	11	6
8.652	31.944	359	206	3476	9.682	14.486	3.000	1	84	199.440	89.451	23.382	1.158	0.198	1.150	199.309	89.331	24.112	194	85	20	12	11	6
11.400	50.063	473	329	1987	4.201	5.445	2.000	1	36	324.624	98.127	23.831	1.674	0.710	1.709	323.347	96.930	24.184	315	90	20	22	18	6
16.003	68.452	664	490	2178	3.280	3.748	2.000	1	25	375.125	102.643	24.006	1.729	0.752	1.673	373.262	101.581	24.292	366	91	20	23	25	6
35.742	134.612	1483	991	7507	5.062	7.222	2.000	1	53	59.140	158.539	23.834	2.925	1.563	2.479	57.247	158.283	24.224	44	144	20	37	43	6
10.171	36.832	422	250	3713	8.799	13.758	3.000	1	82	226.713	188.197	23.474	1.247	0.266	1.232	227.113	188.479	24.126	220	183	20	14	12	6
10.725	40.749	445	276	2895	6.506	12.073	2.000	1	82	25.535	350.840	23.470	1.312	0.345	1.302	26.166	351.264	24.239	18	344	20	15	13	6
8.219	37.908	341	259	1656	4.856	7.088	2.000	1	40	372.880	5.021	23.874	1.424	0.603	1.378	374.405	2.595	24.202	365	0	21	16	16	5
13.810	62.675	573	401	2823	4.927	7.185	2.000	1	52	482.782	27.949	23.860	1.921	0.814	1.869	484.984	27.680	24.211	467	16	21	28	20	5
14.388	57.423	597	420	2137	3.580	3.875	2.000	1	25	350.531	31.941	23.945	1.557	0.578	1.501	350.096	31.616	24.296	341	25	21	22	16	5
7.038	33.568	292	204	1356	4.644	6.308	2.000	1	37	445.818	34.346	23.901	1.257	0.465	1.240	444.482	34.142	24.270	439	30	21	17	10	5
16.630	73.722	690	510	2175	3.152	3.602	2.000	1	24	77.474	43.425	24.017	1.915	0.789	1.832	78.863	43.723	24.309	61	35	21	28	20	5
6.821	27.535	283	179	1838	6.495	8.644	3.000	1	47	255.502	49.389	23.587	1.065	0.206	1.072	255.558	49.264	24.153	251	45	21	10	12	5
9.303	37.452	386	262	1365	3.536	3.888	2.000	1	24	470.163	54.394	23.863	1.255	0.376	1.206	470.268	54.119	24.214	464	46	21	13	17	5
6.025	24.942	250	161	1271	5.084	6.110	3.000	1	33	89.240	60.576	23.672	1.010	0.184	1.021	89.138	60.433	24.168	85	56	21	10	10	5
15.955	70.319	662	496	1920	2.900	3.060	2.000	1	19	429.208	69.307	24.085	1.939	0.863	1.813	429.035	68.978	24.337	419	56	21	24	27	5
11.930	48.674	495	349	1780	3.596	4.297	2.000	1	28	45.743	72.331	23.941	1.410	0.448	1.398	45.242	72.153	24.252	37	62	21	19	19	5
18.968	82.452	787	546	3485	4.428	6.266	2.000	1	46	393.775	81.048	23.874	1.966	0.813	1.958	393.050	82.261	24.238	384	66	21	25	27	5
7.279	27.729	302	185	2150	7.119	9.705	3.000	1	54	334.139	80.864	23.566	1.078	0.189	1.079	334.233	80.834	24.157	329	76	21	11	11	5
11.930	58.833	495	385	1503	3.036	3.768	2.000	1	26	6.347	112.242	24.133	2.235	1.072	2.121	7.496	109.059	24.359	0	100	21	15	32	5
10.629	49.556	441	335	1322	2.998	3.592	2.000	1	24	307.501	108.698	24.077	1.504	0.631	1.353	307.848	108.786	24.274	298	95	21	17	24	5
10.918	41.490	453	281	2285	5.044	5.731	3.000	1	30	358.366	121.210	23.647	1.311	0.357	1.311	358.447	120.767	24.155	351	115	21	15	17	5
8.821	34.224	366	242	1513	4.134	4.357	2.000	1	24	17.317	118.951	23.828	1.174	0.285	1.190	17.605	119.284	24.239	10	113	21	14	13	5
5.688	25.242	236	157	1109	4.699	5.488	2.000	1	29	149.504	123.898	23.750	1.005	0.218	0.996	149.597	123.910	24.206	145	118	21	10	12	5
4.483	20.691	186	128	735	3.952	4.246	2.000	1	22	186.887	133.860	23.871	0.901	0.176	0.895	186.959	133.823	24.279	183	130	21	9	9	5
7.399	36.003	307	219	1234	4.020	5.273	2.000	1	29	377.091	172.537	23.899	1.228	0.441	1.172	377.421	171.729	24.237	369	167	21	15	16	5
33.115	161.773	1374	1097	3392	2.469	2.680	1.000	1	21	153.082	197.271	24.184	3.514	1.206	3.533	152.953	195.432	24.362	134	177	21	37	40	5
8.628	34.239	358	229	1897	5.299	7.483	2.000	1	46	12.246	211.754	23.684	1.197	0.322	1.188	11.346	211.194	24.205	6	206	21	14	13	5
8.122	32.494	337	221	3115	9.243	14.445	3.000	1	81	26.424	296.323	23.745	1.152	0.291	1.143	26.683	296.330	24.343	17	291	21	16	12	5
1.856	11.360	77	65	121	1.571	0.818	1.000	1	4	361.507	1.740	24.273	0.658	0.185	0.641	361.331	1.686	24.430	358	0	22	9	5	4
2.627	14.518	109	89	264	2.422	1.817	2.000	1	8	498.523	3.339	24.193	0.728	0.161	0.722	498.527	3.322	24.394	495	0	22	8	8	4
3.446	17.198	143	106	389	2.720	2.318	2.000	1	11	54.427	8.797	24.000	0.811	0.161	0.809	54.473	8.763	24.280	51	5	22	8	9	4
4.025	19.333	167	124	564	3.377	3.361	2.000	1	17	508.042	15.150	24.000	0.894	0.249	0.861	508.209	15.346	24.317	504	8	22	8	12	4
3.591	21.134	149	128	281	1.886	1.491	1.000	1	8	195.154	17.430	24.383	0.974	0.373	0.977	196.068	17.648	24.480	188	13	22	13	9	4
2.482	13.388	103	82	239	2.320	1.658	2.000	1	8	164.903	20.951	24.184	0.705	0.148	0.723	164.912	20.929	24.397	162	18	22	7	7	4
2.964	14.959	123	99	240	1.951	1.220	1.000	1	6	35.203	21.455	24.171	0.761	0.180	0.775	35.254	21.467	24.379	31	18	22	9	7	4
2.916	16.423	121	95	295	2.438	1.910	2.000	1	9	146.917	23.926	24.198	0.768	0.180	0.769	147.000	24.003	24.397	143	20	22	9	9	4
2.555	14.253	106	87	226	2.132	1.543	2.000	1	8	289.142	25.632	24.292	0.722	0.173	0.722	289.208	25.611	24.460	285	22	22	9	8	4
2.314	12.506	96	77	196	2.042	1.399	1.500	1	7	301.031	28.531	24.188	0.688	0.143	0.691	301.092	28.536	24.393	298	26	22	7	7	4
2.796	14.799	116	88	264	2.276	1.676	2.000	1	8	181.284	29.750	24.060	0.749	0.147	0.760	181.367	29.731	24.307	178	26	22	8	8	4
9.158	43.698	380	298	996	2.621	2.617	1.500	1	15	412.397	32.726	24.166	1.379	0.492	1.425	413.080	32.184	24.386	404	26	22	18	17	4
3.880	21.856	161	126	415	2.578	2.376	2.000	1	12	62.168	30.975	24.199	0.984	0.410	0.902	62.720	31.318	24.361	54	26	22	14	10	4
2.362	13.248	98	81	217	2.214	1.620	2.000	1	8	93.735	29.561	24.265	0.695	0.158	0.695	93.677	29.558	24.465	91	26	22	7	8	4
4.145	21.539	172	136	421	2.448	2.302	1.000	1	12	376.541	39.337	24.169	0.909	0.264	0.904	376.582	38.948	24.387	371	35	22	10	12	4
4.266	25.189	177	154	457	2.582	2.123	2.000	1	11	508.949	40.130	24.192	1.124	0.477	1.127	509.604	40.470	24.409	502	34	22	10	15	4
11.954	61.533	496	407	1128	2.274	2.094	1.000	1	13	38.298	43.631	24.258	1.718	0.622	1.785	38.410	44.272	24.431	28	30	22	22	24	4
3.398	21.539	141	125	203	1.440	0.831	1.000	1	5	459.078	41.823	24.369	1.001	0.417	0.939	459.138	41.680	24.463	452	39	22	15	8	4
2.796	15.400	116	94	225	1.940	1.314	1.000	1	7	22.957	52.897	24.181	0.762	0.187	0.762	22.956	52.862	24.391	19	50	22	9	7	4
3.832	20.199	159	130	329	2.069	1.580	1.000	1	8	124.057	54.918	24.264	0.924	0.325	0.857	124.435	54.757	24.429	118	51	22	12	9	4
7.038	33.502	292	238	633	2.168	1.853	1.500	1	11	391.346	54.654	24.233	1.195	0.431	1.170	391.863	54.880	24.436	384	47	22	14	15	4
3.639	19.988	151	121	387	2.563	2.357	2.000	1	11	370.768	56.291	24.258	0.895	0.304	0.871	370.382	56.031	24.437	366	52	22	13	10	4
3.904	19.370	162	131	271	1.673	1.074	1.000	1	6	491.167	57.506	24.222	0.871	0.257	0.874	491.306	57.196	24.399	487	53	22	10	11	4
7.110	37.629	295	238	667	2.261	2.104	1.000	1	12	22.993	67.637	24.231	1.402	0.684	1.192	22.355	67.228	24.405	16	61	22	20	17	4
2.844	16.970	118	104	157	1.331	0.571	1.000	1	3	483.466	68.992	24.322	0.778	0.232	0.799	483.561	69.032	24.439	479	65	22	10	9	4
2.820	15.082	117	96	261	2.231	1.632	2.000	1	8	161.393	69.615	24.248	0.746	0.180	0.745	161.333	69.720	24.444	158	66	22	8	9	4
3.495	17.392	145	109	410	2.828	2.623	2.000	1	13	465.779	72.172	23.945	0.824	0.169	0.825	465.905	71.998	24.310	462	68	22	8	9	4
3.543	17.251	147	108	450	3.061	2.948	2.000	1	14	180.742	76.388	24.034	0.820	0.165	0.825	180.738	76.384	24.362	177	72	22	8	9	4
6.556	33.800	272	221	536	1.971	1.453	1.000	1	8	266.798	81.728	24.232	1.409	0.580	1.415	266.396	81.774	24.396	257	78	22	21	9	4
3.278	17.358	136	107	335	2.463	1.974	2.000	1	9	15.088	82.669	24.176	0.807	0.204	0.807	14.937	82.636	24.388	11	79	22	11	8	4
2.820	14.976	117	94	228	1.949	1.338	1.000	1	7	320.410	82.692	24.197	0.745	0.177	0.748	320.526	82.654	24.395	316	79	22	9	8	4
2.000	11.888	83	71	125	1.506	0.705	1.000	1	3	2.337	88.000	24.169	0.670	0.177	0.650	2.400	87.976	24.360	0	85	22	7	7	4
4.772	26.919	198	159	567	2.864	2.968	2.000	1	16	353.924	107.449	24.187	1.183	0.584	1.070	354.598	108.531	24.384	345	98	22	15	16	4
3.639	17.710	151	111	395	2.616	2.218	2.000	1	10	77.417	117.298	23.940	0.830	0.163	0.833	77.501	117.309	24.235	74	113	22	8	9	4
3.543	17.251	147	108	448	3.048	2.743	2.000	1	13	108.490	117.197	24.014	0.819	0.160	0.820	108.446	117.152	24.315	105	113	22	8	9	4
8.243	41.616	342	276	861	2.518	2.854	1.000	1	18	291.450	122.304	24.234	1.507	0.672	1.451	293.117	120.597	24.416	279	114	22	21	17	4
4.194	22.862	174	146	378	2.172	1.860	1.000	1	10	325.144	124.086	24.264	1.040	0.408	1.036	325.966	124.198	24.429	317	121	22	15	8	4
3.929	20.991	163	131	331	2.031	1.537	1.000	1	9	95.681	133.460	24.196	0.906	0.297	0.937	95.574	132.937	24.384	92	128	22	8	12	4
3.181	16.740	132	101	372	2.818	2.427	2.000	1	11	232.614	136.750	24.136	0.789	0.175	0.803	232.626	136.677	24.387	229	133	22	9	8	4
2.820	15.400	117	97	269	2.299	1.758	2.000	1	8	32.265	139.444	24.256	0.746	0.177	0.747	32.364	139.364	24.431	29	136	22	8	8	4
2.458	13.512	102	82	215	2.108	1.428	2.000	1	7	2.755	142.578	24.196	0.707	0.157	0.710	2.679	142.558	24.409	0	139	22	7	8	4
9.038	45.040	375	315	731	1.949	1.664	1.000	1	11	316.109	157.824	24.288	1.459	0.537	1.491	316.135	156.710	24.432	308	149	22	19	18	4
4.652	22.457	193	150	551	2.855	2.865	2.000	1	14	364.389	155.430	24.150	0.946	0.279	0.935	364.515	156.025	24.377	360	149	22	10	12	4
4.411	28.153	183	160	277	1.514	0.988	1.000	1	6	86.650	161.678	24.350	1.320	0.518	1.353	86.289	160.592	24.440	82	155	22	13	16	4
3.687	19.617	153	124	320	2.092	1.660	1.000	1	8	263.614	161.765	24.261	0.864	0.265	0.860	263.256	161.731	24.428	259	158	22	12	9	4
2.145	12.964	89	77	121	1.360	0.626	1.000	1	3	326.899	171.573	24.135	0.690	0.184	0.665	326.893	171.496	24.306	324	169	22	8	6	4
3.687	18.080	153	116	403	2.634	2.226	2.000	1	11	24.771	176.712	24.072	0.832	0.180	0.837	24.730	176.712	24.347	20	173	22	10	8	4
4.435	21.292	184	134	662	3.598	3.769	2.000	1	19	78.489	181.739	24.000	0.909	0.218	0.904	78.341	181.879	24.316	74	178	22	11	9	4
3.663	18.010	152	114	508	3.342	3.261	2.000	1	17	95.829	183.743	24.072	0.830	0.179	0.836	95.900	183.844	24.362	92	180	22	9	9	4
4.242	23.972	176	143	416	2.364	2.004	2.000	1	10	10.551	184.676	24.170	1.045	0.392	1.028	9.724	184.950	24.327	5	181	22	14	9	4
10.074	52.728	418	342	932	2.230	2.121	1.000	1	14	261.514	192.354	24.230	1.859	0.862	1.746	261.438	191.888	24.407	249	182	22	22	23	4
3.736	22.702	155	130	257	1.658	0.900	1.000	1	5	208.052	192.819	24.290	1.041	0.372	1.063	208.191	192.856	24.440	201	189	22	14	9	4
0.940	7.072	39	36	40	1.026	0.160	1.000	1	2	186.564	195.795	24.179	0.504	0.138	0.509	186.575	195.800	24.200	184	194	22	6	4	4
3.880	18.929	161	124	431	2.677	2.352	2.000	1	12	178.565	198.913	24.130	0.854	0.201	0.861	178.722	198.858	24.374	174	195	22	10	9	4
4.700	26.214	195	164	334	1.713	1.055	1.000	1	6	112.944	200.118	24.292	1.209	0.475	1.245	113.557	199.931	24.434	104	196	22	17	10	4
4.989	30.448	207	180	365	1.763	1.272	1.000	1	8	65.725	196.024	24.391	1.688	0.521	1.716	64.764	196.770	24.496	58	187	22	16	18	4
4.218	24.309	175	145	358	2.046	1.738	1.000	1	9	234.703	208.909	24.309	1.131	0.542	1.064	233.637	208.612	24.441	229	205	22	16	11	4
4.700	27.661	195	167	359	1.841	1.468	1.000	1	8	43.769	210.503	24.369	1.092	0.426	1.087	43.167	210.142	24.476	38	206	22	14	14	4
2.844	15.223	118	93	296	2.508	1.990	2.000	1	9	122.169	210.508	24.153	0.750	0.161	0.763	122.240	210.571	24.385	119	207	22	8	8	4
12.364	57.195	513	405	1428	2.784	3.129	2.000	1	23	178.778	225.887	24.207	2.015	0.843	2.044	176.434	227.109	24.443	166	215	22	27	20	4
9.568	46.187	397	331	832	2.096	1.851	1.000	1	13	223.675	237.572	24.295	1.595	0.640	1.655	223.428	235.939	24.474	218	226	22	13	25	4
20.366	93.806	845	676	2676	3.167	3.981	2.000	1	32	67.342	243.879	24.230	2.293	1.149	2.213	66.346	244.982	24.448	55	224	22	32	33	4
10.098	55.362	419	366	859	2.050	2.039	1.000	1	14	196.530	248.874	24.415	2.256	1.331	1.888	195.566	250.674	24.520	188	227	22	17	36	4
5.712	25.368	237	177	949	4.004	4.628	2.000	1	26	149.755	288.823	24.089	1.003	0.272	1.000	150.318	288.833	24.414	143	285	22	13	10	4
5.471	23.286	227	169	821	3.617	3.621	2.000	1	19	65.251	317.537	24.084	0.979	0.274	0.982	64.816	317.576	24.408	60	314	22	12	9	4
7.423	40.983	308	265	538	1.747	1.580	1.000	1	11	46.919	327.620	24.370	1.446	0.568	1.455	46.273	327.361	24.530	40	319	22	16	21	4
4.338	21.381	180	145	317	1.761	1.305	1.000	1	6	8.578	326.183	24.217	0.920	0.275	0.932	8.593	326.379	24.467	4	321	22	10	11	4
0.458	4.462	19	19	23	1.211	0.419	1.000	1	2	68.737	0.579	24.526	0.381	0.119	0.389	68.783	0.478	24.565	67	0	23	5	3	3
2.025	12.242	84	74	140	1.667	0.910	1.000	1	4	216.393	1.726	24.298	0.677	0.193	0.660	216.179	1.614	24.457	213	0	23	9	6	3
1.928	11.360	80	72	171	2.138	1.549	2.000	1	7	325.638	1.350	24.300	0.687	0.220	0.662	325.333	1.099	24.456	322	0	23	9	5	3
2.916	16.248	121	110	176	1.455	0.816	1.000	1	5	438.785	2.281	24.413	0.808	0.287	0.786	438.301	2.011	24.517	434	0	23	12	7	3
0.458	4.409	19	19	22	1.158	0.375	1.000	1	2	465.053	0.368	24.368	0.399	0.134	0.371	465.091	0.318	24.409	463	0	23	5	2	3
1.036	7.319	43	41	68	1.581	0.794	1.000	1	4	1.186	2.698	24.279	0.505	0.129	0.509	0.956	2.721	24.426	0	0	23	4	6	3
1.060	7.974	44	43	59	1.341	0.526	1.000	1	3	192.636	4.364	24.659	0.509	0.154	0.497	192.644	4.356	24.729	190	2	23	6	6	3
2.121	12.419	88	75	145	1.648	0.898	1.000	1	4	477.989	8.966	24.341	0.680	0.176	0.635	478.090	8.883	24.483	474	6	23	8	7	3
2.434	13.989	101	87	173	1.713	1.033	1.000	1	5	73.970	12.386	24.376	0.720	0.200	0.694	73.971	12.173	24.497	71	9	23	7	9	3
2.507	13.989	104	87	222	2.135	1.508	2.000	1	7	316.067	11.394	24.337	0.721	0.186	0.708	315.982	11.383	24.477	312	8	23	9	8	3
1.494	10.250	62	59	84	1.355	0.575	1.000	1	3	406.258	9.839	24.581	0.594	0.188	0.591	406.274	9.940	24.655	404	6	23	6	8	3
2.772	18.524	115	113	137	1.191	0.437	1.000	1	3	106.270	11.243	24.617	0.905	0.411	0.829	106.292	11.307	24.664	101	5	23	12	12	3
0.699	5.962	29	28	33	1.138	0.351	1.000	1	2	183.069	15.793	24.655	0.438	0.131	0.420	183.000	15.758	24.697	181	14	23	5	5	3
0.964	7.232	40	38	52	1.300	0.564	1.000	1	3	362.900	18.625	24.550	0.486	0.129	0.502	362.923	18.596	24.615	361	16	23	5	6	3
1.229	8.803	51	49	70	1.373	0.564	1.000	1	3	59.059	20.412	24.588	0.539	0.157	0.544	59.071	20.429	24.671	56	18	23	7	6	3
1.832	10.919	76	64	130	1.711	0.991	1.000	1	5	277.842	22.250	24.276	0.627	0.133	0.628	277.877	22.177	24.454	275	19	23	7	7	3
2.025	11.730	84	70	166	1.976	1.308	1.000	1	6	399.333	22.345	24.310	0.654	0.146	0.663	399.361	22.331	24.464	396	19	23	7	8	3
0.482	4.162	20	19	20	1.000	0.000	1.000	1	1	460.000	21.650	23.950	0.400	0.101	0.440	460.000	21.650	23.950	459	21	23	3	3	3
1.759	11.025	73	63	114	1.562	0.764	1.000	1	4	122.890	26.205	24.397	0.626	0.149	0.620	122.930	26.132	24.526	120	23	23	7	7	3
3.109	20.322	129	123	169	1.310	0.556	1.000	1	3	165.349	32.798	24.535	1.019	0.409	1.005	165.456	32.651	24.609	159	29	23	12	11	3
1.229	9.050	51	50	63	1.235	0.428	1.000	1	2	260.294	30.431	24.647	0.565	0.201	0.568	260.365	30.524	24.698	257	27	23	7	7	3
2.338	15.136	97	86	165	1.701	1.147	1.000	1	6	121.979	41.196	24.454	0.807	0.326	0.772	121.485	41.048	24.545	118	38	23	11	7	3
1.735	10.725	72	60	122	1.694	0.944	1.000	1	4	491.444	43.667	24.319	0.620	0.134	0.638	491.467	43.639	24.467	489	41	23	6	7	3
1.085	7.744	45	44	54	1.200	0.405	1.000	1	2	211.444	46.867	24.533	0.500	0.150	0.511	211.370	46.889	24.611	209	45	23	6	5	3
2.290	16.018	95	92	109	1.147	0.385	1.000	1	3	289.063	52.621	24.568	0.909	0.371	0.954	289.376	52.908	24.615	284	48	23	11	10	3
1.759	12.596	73	70	96	1.315	0.550	1.000	1	3	480.082	49.329	24.603	0.684	0.278	0.649	479.969	49.365	24.667	477	45	23	10	8	3
1.518	9.983	63	57	82	1.302	0.557	1.000	1	3	304.254	54.540	24.286	0.589	0.149	0.605	304.293	54.598	24.415	302	52	23	6	6	3
5.447	32.813	226	204	367	1.624	1.263	1.000	1	7	454.584	61.173	24.465	1.320	0.623	1.290	454.512	62.436	24.526	445	50	23	17	19	3
4.049	23.267	168	141	299	1.780	1.006	1.000	1	5	2.595	62.625	24.304	1.158	0.391	1.189	2.555	62.595	24.482	0	56	23	7	15	3
1.832	11.272	76	66	133	1.750	1.072	1.000	1	5	412.908	61.105	24.408	0.636	0.156	0.614	412.902	61.083	24.541	410	58	23	7	7	3
1.374	8.890	57	50	78	1.368	0.587	1.000	1	3	150.000	63.579	24.333	0.566	0.125	0.575	150.013	63.551	24.436	148	61	23	5	6	3
1.253	8.960	52	47	70	1.346	0.556	1.000	1	3	296.577	71.192	24.423	0.541	0.131	0.567	296.543	71.229	24.529	294	69	23	6	6	3
1.808	11.149	75	65	139	1.853	1.259	1.000	1	6	330.800	71.067	24.400	0.631	0.151	0.622	330.849	71.050	24.547	328	68	23	7	7	3
2.410	12.983	100	82	201	2.010	1.307	2.000	1	6	225.850	74.290	24.290	0.702	0.167	0.710	225.776	74.363	24.453	223	71	23	7	8	3
2.796	18.083	116	109	158	1.362	0.596	1.000	1	3	133.500	79.422	24.526	0.928	0.353	0.921	133.316	79.620	24.608	129	74	23	11	11	3
3.326	21.010	138	125	225	1.630	1.074	1.000	1	6	414.449	84.014	24.471	0.929	0.351	0.948	414.498	84.524	24.560	409	78	23	10	12	3
4.290	26.374	178	167	245	1.376	0.743	1.000	1	5	359.219	90.129	24.511	1.142	0.379	1.127	358.918	89.596	24.580	354	84	23	14	13	3
1.277	9.190	53	48	61	1.151	0.361	1.000	1	2	75.623	92.057	24.491	0.561	0.153	0.555	75.557	92.066	24.557	73	89	23	6	7	3
0.554	4.586	23	23	23	1.000	0.000	1.000	1	1	8.696	93.000	24.478	0.387	0.109	0.365	8.696	93.000	24.478	7	92	23	4	3	3
2.241	13.795	93	85	126	1.355	0.583	1.000	1	3	25.086	93.882	24.452	0.725	0.240	0.741	25.254	93.802	24.548	21	91	23	9	8	3
1.615	10.654	67	59	98	1.463	0.682	1.000	1	3	61.284	98.403	24.403	0.610	0.158	0.622	61.245	98.490	24.510	58	95	23	7	7	3
1.615	10.955	67	63	82	1.224	0.420	1.000	1	2	294.000	99.582	24.522	0.614	0.196	0.637	293.878	99.585	24.585	291	97	23	8	6	3
1.663	11.326	69	63	88	1.275	0.482	1.000	1	3	28.899	102.652	24.536	0.636	0.203	0.645	28.943	102.750	24.614	26	99	23	7	8	3
1.687	10.460	70	60	114	1.629	0.837	1.000	1	4	109.243	106.786	24.371	0.615	0.143	0.614	109.167	106.825	24.509	107	104	23	6	7	3
1.711	12.542	71	69	90	1.268	0.506	1.000	1	3	80.944	106.113	24.606	0.688	0.276	0.680	81.144	106.222	24.667	77	102	23	8	9	3
2.362	13.354	98	83	192	1.959	1.331	1.000	1	7	291.235	108.143	24.337	0.705	0.186	0.703	291.089	108.203	24.479	288	105	23	8	7	3
0.723	5.962	30	29	30	1.000	0.000	1.000	1	1	279.933	110.967	24.633	0.446	0.138	0.425	279.933	110.967	24.633	278	109	23	5	5	3
1.518	10.073	63	56	96	1.524	0.737	1.000	1	4	344.936	118.667	24.460	0.595	0.152	0.612	344.979	118.677	24.562	342	116	23	7	6	3
2.073	12.736	86	76	126	1.465	0.663	1.000	1	3	256.709	126.128	24.395	0.682	0.202	0.667	256.683	126.198	24.524	254	122	23	7	9	3
1.085	7.373	45	41	55	1.222	0.471	1.000	1	3	250.156	130.600	24.356	0.514	0.116	0.517	250.127	130.618	24.436	248	129	23	5	5	3
1.326	9.615	55	53	73	1.327	0.546	1.000	1	3	383.964	131.418	24.636	0.581	0.200	0.582	384.096	131.370	24.699	380	129	23	8	6	3
1.663	10.831	69	63	98	1.420	0.651	1.000	1	3	319.797	135.870	24.478	0.608	0.158	0.610	319.765	135.847	24.571	317	133	23	7	7	3
2.000	11.289	83	68	153	1.843	1.099	1.000	1	5	308.289	137.349	24.277	0.649	0.138	0.665	308.268	137.320	24.451	305	134	23	7	7	3
1.494	9.825	62	55	94	1.516	0.695	1.000	1	3	51.758	138.194	24.435	0.586	0.144	0.593	51.819	138.223	24.553	49	135	23	6	7	3
2.145	12.295	89	74	186	2.090	1.427	2.000	1	7	268.427	139.551	24.315	0.670	0.153	0.667	268.398	139.602	24.473	265	136	23	8	8	3
2.507	16.352	104	93	152	1.462	0.775	1.000	1	4	350.596	143.721	24.433	0.870	0.351	0.857	350.243	144.013	24.526	346	139	23	11	10	3
9.424	56.494	391	370	543	1.389	0.913	1.000	1	7	285.831	152.159	24.586	2.246	1.036	2.196	286.258	151.801	24.619	278	137	23	15	34	3
1.157	8.820	48	46	61	1.271	0.536	1.000	1	3	125.083	147.688	24.562	0.577	0.250	0.551	125.066	147.787	24.623	123	142	23	5	9	3
0.819	6.667	34	33	34	1.000	0.000	1.000	1	1	186.765	151.618	24.588	0.480	0.174	0.473	186.765	151.618	24.588	183	150	23	7	4	3
6.989	41.686	290	262	423	1.459	0.824	1.000	1	5	227.038	158.093	24.455	1.622	0.715	1.601	226.948	158.730	24.548	217	145	23	17	25	3
2.458	13.442	102	83	190	1.863	1.282	1.000	1	7	335.304	156.873	24.255	0.705	0.162	0.711	335.337	156.884	24.437	332	154	23	8	7	3
1.085	7.991	45	43	63	1.400	0.580	1.000	1	3	343.933	154.733	24.556	0.510	0.143	0.535	343.905	154.698	24.651	341	152	23	6	6	3
0.482	4.532	20	19	20	1.000	0.000	1.000	1	1	376.900	154.750	24.350	0.394	0.107	0.378	376.900	154.750	24.350	376	153	23	3	4	3
2.121	14.501	88	88	100	1.136	0.345	1.000	1	2	388.443	157.080	24.580	0.776	0.289	0.793	388.380	157.140	24.630	384	152	23	10	10	3
3.615	20.535	150	131	272	1.813	1.282	1.000	1	7	135.607	169.687	24.427	0.906	0.330	0.894	134.934	169.816	24.529	130	165	23	14	10	3
0.795	6.280	33	32	37	1.121	0.331	1.000	1	2	42.848	169.667	24.606	0.452	0.131	0.461	42.811	169.649	24.649	41	168	23	5	5	3
1.374	9.173	57	56	73	1.281	0.491	1.000	1	3	70.351	169.333	24.596	0.562	0.175	0.579	70.301	169.329	24.671	68	166	23	6	7	3
1.085	8.008	45	43	49	1.089	0.288	1.000	1	2	124.689	168.667	24.422	0.529	0.169	0.502	124.673	168.612	24.469	122	166	23	6	6	3
2.723	18.083	113	109	149	1.319	0.539	1.000	1	3	206.451	176.274	24.593	0.908	0.340	0.914	206.477	176.268	24.664	201	172	23	12	10	3
3.061	21.452	127	117	178	1.402	0.621	1.000	1	3	193.858	181.094	24.559	1.372	0.579	1.409	194.101	181.427	24.629	186	174	23	15	14	3
2.675	13.936	111	91	215	1.937	1.267	1.000	1	6	38.757	178.955	24.270	0.725	0.167	0.742	38.763	179.014	24.442	35	175	23	8	8	3
3.736	27.220	155	147	193	1.245	0.551	1.000	1	4	339.903	177.594	24.600	1.442	0.635	1.421	340.337	177.679	24.642	330	172	23	22	10	3
0.747	6.086	31	30	42	1.355	0.551	1.000	1	3	313.000	179.000	24.645	0.441	0.123	0.432	313.000	179.000	24.714	311	177	23	5	5	3
4.844	31.369	201	199	245	1.219	0.438	1.000	1	3	278.333	184.731	24.652	1.528	0.687	1.485	278.216	184.376	24.706	273	174	23	11	23	3
0.940	7.055	39	36	44	1.128	0.339	1.000	1	2	81.564	190.487	24.436	0.491	0.129	0.455	81.591	190.500	24.500	79	189	23	6	4	3
0.988	8.008	41	41	43	1.049	0.218	1.000	1	2	135.927	197.195	24.293	0.553	0.200	0.565	135.860	197.186	24.326	133	195	23	7	5	3
1.036	7.673	43	41	57	1.326	0.566	1.000	1	3	98.488	196.953	24.558	0.499	0.134	0.502	98.439	196.965	24.632	96	195	23	6	5	3
1.326	9.421	55	54	78	1.418	0.629	1.000	1	3	21.327	198.636	24.655	0.560	0.182	0.568	21.397	198.615	24.705	18	196	23	7	7	3
1.157	7.707	48	42	49	1.021	0.144	1.000	1	2	198.146	199.854	24.229	0.532	0.107	0.549	198.143	199.857	24.245	196	198	23	5	5	3
1.253	8.943	52	46	82	1.577	0.801	1.000	1	4	239.615	200.000	24.462	0.554	0.140	0.550	239.573	200.000	24.585	237	197	23	6	7	3
1.109	7.867	46	44	62	1.348	0.566	1.000	1	3	10.413	200.957	24.522	0.507	0.132	0.523	10.435	200.968	24.613	8	199	23	6	5	3
1.326	9.632	55	54	62	1.127	0.336	1.000	1	2	308.636	199.309	24.600	0.580	0.210	0.586	308.565	199.274	24.645	306	196	23	7	7	3
7.303	40.770	303	269	474	1.564	0.827	1.000	1	5	224.023	211.842	24.422	1.556	0.717	1.546	224.371	212.445	24.546	215	201	23	16	22	3
2.290	14.908	95	89	121	1.274	0.554	1.000	1	3	202.084	210.253	24.579	0.738	0.262	0.746	202.215	210.107	24.628	198	206	23	8	11	3
1.880	13.284	78	72	105	1.346	0.599	1.000	1	3	61.603	210.449	24.577	0.715	0.294	0.686	61.505	210.676	24.629	58	205	23	9	10	3
6.700	44.529	278	265	374	1.345	0.757	1.000	1	6	77.259	216.960	24.612	1.959	0.957	2.071	77.834	217.027	24.655	64	204	23	25	24	3
2.314	13.989	96	88	142	1.479	0.711	1.000	1	4	91.688	220.188	24.458	0.730	0.240	0.723	91.746	220.070	24.577	88	216	23	8	10	3
1.663	10.407	69	60	109	1.580	0.830	1.000	1	4	137.536	219.942	24.362	0.606	0.138	0.625	137.495	219.945	24.495	135	217	23	7	7	3
2.290	14.096	95	87	134	1.411	0.644	1.000	1	3	115.284	221.516	24.505	0.747	0.278	0.708	115.246	221.642	24.590	112	215	23	7	11	3
3.591	18.630	149	130	276	1.852	1.402	1.000	1	7	9.423	226.758	24.389	0.855	0.266	0.858	9.087	226.362	24.543	5	222	23	10	11	3
1.952	12.455	81	73	119	1.469	0.743	1.000	1	4	250.247	225.728	24.506	0.673	0.209	0.668	250.227	225.882	24.597	247	221	23	7	9	3
4.338	23.359	180	160	308	1.711	1.189	1.000	1	7	21.211	233.489	24.433	1.024	0.417	0.970	21.568	232.942	24.552	14	228	23	13	12	3
3.880	25.104	161	149	223	1.385	0.783	1.000	1	5	97.957	231.522	24.534	1.154	0.534	1.069	97.534	231.776	24.592	90	227	23	18	10	3
4.507	20.993	187	149	465	2.487	2.156	2.000	1	11	38.171	235.695	24.235	0.925	0.286	0.911	38.092	235.626	24.460	34	230	23	10	12	3
2.603	14.748	108	91	236	2.185	1.757	1.000	1	8	162.907	237.806	24.333	0.761	0.252	0.739	162.623	237.784	24.496	159	235	23	11	7	3
3.085	15.947	128	105	269	2.102	1.567	1.000	1	8	191.898	238.570	24.289	0.779	0.204	0.792	191.870	238.457	24.498	188	234	23	8	10	3
1.542	9.578	64	56	93	1.453	0.688	1.000	1	3	211.609	242.062	24.375	0.590	0.135	0.605	211.602	242.065	24.495	209	240	23	6	6	3
1.133	8.238	47	45	65	1.383	0.573	1.000	1	3	50.170	242.447	24.574	0.518	0.145	0.514	50.185	242.462	24.662	48	240	23	6	6	3
3.663	24.382	152	144	205	1.349	0.578	1.000	1	3	92.632	244.434	24.605	1.168	0.508	1.155	92.332	244.590	24.668	86	238	23	16	13	3
2.531	14.307	105	88	216	2.057	1.556	1.000	1	8	173.010	243.448	24.324	0.736	0.214	0.708	173.102	243.630	24.505	170	238	23	7	10	3
1.350	9.120	56	53	77	1.375	0.590	1.000	1	3	183.304	247.625	24.536	0.556	0.152	0.582	183.325	247.623	24.623	181	245	23	6	6	3
1.591	10.955	66	61	92	1.394	0.630	1.000	1	3	130.742	250.970	24.530	0.610	0.183	0.609	130.826	250.957	24.609	127	248	23	8	7	3
3.109	19.493	129	111	252	1.953	1.590	1.000	1	8	39.000	252.984	24.403	0.930	0.388	0.923	38.556	253.540	24.536	35	247	23	12	11	3
2.699	15.312	112	97	176	1.571	0.744	1.000	1	4	103.152	257.241	24.384	0.771	0.232	0.777	103.165	257.420	24.523	100	253	23	7	10	3
2.386	14.236	99	89	147	1.485	0.761	1.000	1	4	94.556	259.424	24.444	0.734	0.240	0.695	94.605	259.578	24.558	92	254	23	7	10	3
4.676	29.568	194	182	271	1.397	0.877	1.000	1	6	154.871	253.454	24.557	1.579	0.708	1.482	155.148	254.841	24.620	151	241	23	9	23	3
1.494	10.073	62	59	84	1.355	0.575	1.000	1	3	25.065	260.677	24.532	0.589	0.180	0.603	25.131	260.679	24.619	21	258	23	8	6	3
3.326	18.858	138	120	277	2.007	1.591	1.000	1	8	215.746	264.130	24.384	0.911	0.347	0.870	215.682	264.671	24.538	212	257	23	8	13	3
2.651	16.495	110	99	157	1.427	0.656	1.000	1	3	166.027	267.891	24.500	0.852	0.358	0.787	165.949	268.127	24.586	161	261	23	10	12	3
1.735	10.284	72	60	121	1.681	0.917	1.000	1	4	67.569	271.625	24.292	0.615	0.124	0.630	67.595	271.595	24.463	65	269	23	6	6	3
3.446	23.233	143	134	189	1.322	0.646	1.000	1	4	146.490	272.462	24.538	1.129	0.374	1.146	146.910	272.905	24.598	140	265	23	13	14	3
2.169	12.436	90	76	149	1.656	0.950	1.000	1	4	104.933	279.244	24.300	0.672	0.155	0.672	104.953	279.322	24.470	102	276	23	7	7	3
1.542	10.267	64	58	93	1.453	0.665	1.000	1	3	78.672	279.734	24.469	0.593	0.154	0.609	78.667	279.731	24.570	76	277	23	6	7	3
2.314	14.236	96	83	150	1.562	0.868	1.000	1	4	177.198	280.625	24.427	0.784	0.328	0.718	176.913	280.940	24.527	174	275	23	9	10	3
1.036	7.533	43	42	57	1.326	0.522	1.000	1	3	167.907	297.512	24.628	0.502	0.153	0.506	167.912	297.561	24.702	166	295	23	5	6	3
1.301	9.367	54	53	69	1.278	0.492	1.000	1	3	111.722	304.852	24.630	0.560	0.187	0.558	111.638	304.812	24.696	109	302	23	7	7	3
1.759	11.837	73	71	92	1.260	0.501	1.000	1	3	160.945	305.205	24.575	0.674	0.273	0.619	160.935	305.163	24.641	156	302	23	10	8	3
2.241	14.236	93	82	158	1.699	1.205	1.000	1	6	18.957	320.280	24.462	0.760	0.304	0.728	18.677	319.975	24.576	15	317	23	10	9	3
0.482	4.726	20	20	25	1.250	0.550	1.000	1	3	510.650	349.300	24.400	0.415	0.148	0.401	510.720	349.240	24.480	510	347	23	2	6	3
0.651	5.873	27	27	46	1.704	0.953	1.000	1	4	510.630	357.630	24.333	0.481	0.181	0.456	510.717	357.696	24.478	510	355	23	2	7	3
0.313	3.122	13	13	14	1.077	0.277	1.000	1	2	510.308	0.846	24.615	0.316	0.071	0.328	510.357	0.786	24.643	509	0	24	3	3	2
0.337	3.546	14	14	14	1.000	0.000	1.000	1	1	227.500	2.643	24.929	0.350	0.124	0.384	227.500	2.643	24.929	226	1	24	4	4	2
0.241	2.664	10	10	10	1.000	0.000	1.000	1	1	344.000	5.000	24.900	0.281	0.099	0.301	344.000	5.000	24.900	343	4	24	3	3	2
1.036	7.656	43	43	53	1.233	0.427	1.000	1	2	230.977	8.233	24.674	0.505	0.164	0.518	230.981	8.283	24.736	229	5	24	5	7	2
0.844	6.527	35	35	35	1.000	0.000	1.000	1	1	203.743	8.486	24.657	0.460	0.141	0.460	203.743	8.486	24.657	202	6	24	5	6	2
0.554	4.639	23	23	23	1.000	0.000	1.000	1	1	244.565	7.652	24.609	0.384	0.099	0.420	244.565	7.652	24.609	243	6	24	4	4	2
0.241	2.664	10	10	10	1.000	0.000	1.000	1	1	303.000	7.000	24.900	0.281	0.099	0.301	303.000	7.000	24.900	302	6	24	3	3	2
0.651	5.327	27	27	27	1.000	0.000	1.000	1	1	468.778	8.370	24.667	0.420	0.125	0.429	468.778	8.370	24.667	467	7	24	5	4	2
0.241	2.664	10	10	10	1.000	0.000	1.000	1	1	68.000	8.000	24.900	0.281	0.099	0.301	68.000	8.000	24.900	67	7	24	3	3	2
0.241	2.664	10	10	10	1.000	0.000	1.000	1	1	91.000	8.000	24.900	0.281	0.099	0.301	91.000	8.000	24.900	90	7	24	3	3	2
0.506	4.816	21	21	23	1.095	0.301	1.000	1	2	170.524	11.095	24.810	0.392	0.122	0.409	170.522	11.087	24.826	169	9	24	4	5	2
0.747	6.015	31	31	33	1.065	0.250	1.000	1	2	20.387	12.000	24.710	0.446	0.137	0.440	20.394	12.000	24.727	18	10	24	6	5	2
0.554	4.639	23	23	24	1.043	0.209	1.000	1	2	352.609	12.087	24.609	0.389	0.111	0.379	352.625	12.083	24.625	350	11	24	5	4	2
0.241	2.664	10	10	10	1.000	0.000	1.000	1	1	145.000	13.000	24.900	0.281	0.099	0.301	145.000	13.000	24.900	144	12	24	3	3	2
1.350	10.814	56	56	66	1.179	0.386	1.000	1	2	465.018	16.179	24.750	0.677	0.292	0.633	464.985	16.000	24.788	462	13	24	9	9	2
0.434	4.234	18	18	18	1.000	0.000	1.000	1	1	440.889	13.444	24.944	0.400	0.148	0.434	440.889	13.444	24.944	439	12	24	5	4	2
0.916	7.092	38	38	41	1.079	0.273	1.000	1	2	376.132	18.368	24.684	0.517	0.197	0.497	376.098	18.390	24.707	374	15	24	6	7	2
1.301	8.662	54	54	68	1.259	0.442	1.000	1	2	255.593	21.056	24.630	0.549	0.180	0.546	255.647	21.059	24.706	253	18	24	6	7	2
0.747	5.768	31	31	34	1.097	0.301	1.000	1	2	20.258	20.806	24.645	0.437	0.130	0.449	20.265	20.794	24.676	18	19	24	5	5	2
0.771	6.209	32	32	33	1.031	0.177	1.000	1	2	354.000	21.594	24.688	0.455	0.150	0.446	354.000	21.576	24.697	352	19	24	5	6	2
0.241	2.664	10	10	10	1.000	0.000	1.000	1	1	109.000	22.000	24.900	0.281	0.099	0.301	109.000	22.000	24.900	108	21	24	3	3	2
1.036	7.533	43	43	53	1.233	0.427	1.000	1	2	241.512	25.395	24.651	0.502	0.161	0.478	241.509	25.377	24.717	239	23	24	6	6	2
0.241	2.664	10	10	10	1.000	0.000	1.000	1	1	265.000	25.000	24.900	0.281	0.099	0.301	265.000	25.000	24.900	264	24	24	3	3	2
0.337	3.546	14	14	14	1.000	0.000	1.000	1	1	114.500	26.357	24.929	0.350	0.124	0.384	114.500	26.357	24.929	113	25	24	4	4	2
1.133	8.097	47	47	58	1.234	0.428	1.000	1	2	75.723	28.277	24.660	0.521	0.172	0.517	75.793	28.293	24.724	73	25	24	6	7	2
0.651	5.698	27	27	27	1.000	0.000	1.000	1	1	310.333	31.111	24.778	0.478	0.197	0.450	310.333	31.111	24.778	308	30	24	7	4	2
0.362	3.669	15	15	15	1.000	0.000	1.000	1	1	370.267	30.467	24.933	0.351	0.116	0.388	370.267	30.467	24.933	369	29	24	4	4	2
0.434	4.321	18	18	18	1.000	0.000	1.000	1	1	378.722	30.722	24.722	0.359	0.097	0.362	378.722	30.722	24.722	377	29	24	4	4	2
0.289	3.299	12	12	12	1.000	0.000	1.000	1	1	387.750	33.333	24.917	0.336	0.136	0.346	387.750	33.333	24.917	386	32	24	4	4	2
1.518	10.744	63	63	73	1.159	0.368	1.000	1	2	219.333	38.238	24.683	0.636	0.254	0.623	219.219	38.096	24.726	216	35	24	7	9	2
1.060	7.533	44	44	53	1.205	0.408	1.000	1	2	402.250	39.182	24.636	0.505	0.162	0.506	402.264	39.170	24.698	399	37	24	7	5	2
0.265	2.857	11	11	11	1.000	0.000	1.000	1	1	180.091	39.000	24.818	0.296	0.091	0.320	180.091	39.000	24.818	179	38	24	3	3	2
0.506	4.816	21	21	21	1.000	0.000	1.000	1	1	443.905	42.476	24.810	0.392	0.122	0.409	443.905	42.476	24.810	442	41	24	5	4	2
0.988	7.780	41	41	43	1.049	0.218	1.000	1	2	98.171	44.610	24.732	0.593	0.262	0.558	98.233	44.628	24.744	93	43	24	9	5	2
0.434	4.251	18	18	18	1.000	0.000	1.000	1	1	198.222	45.556	24.778	0.362	0.104	0.375	198.222	45.556	24.778	197	44	24	4	4	2
0.699	5.768	29	29	32	1.103	0.310	1.000	1	2	419.517	48.897	24.690	0.432	0.131	0.447	419.531	48.875	24.719	417	47	24	6	5	2
0.506	4.622	21	21	21	1.000	0.000	1.000	1	1	65.190	54.571	24.810	0.390	0.122	0.400	65.190	54.571	24.810	63	53	24	5	4	2
0.627	5.327	26	26	28	1.077	0.272	1.000	1	2	71.885	56.346	24.692	0.409	0.119	0.419	71.893	56.357	24.714	70	54	24	5	5	2
0.530	4.692	22	22	24	1.091	0.294	1.000	1	2	403.000	56.500	24.727	0.383	0.107	0.397	403.000	56.500	24.750	401	55	24	5	4	2
0.241	2.664	10	10	10	1.000	0.000	1.000	1	1	234.000	57.000	24.900	0.281	0.099	0.301	234.000	57.000	24.900	233	56	24	3	3	2
0.771	7.215	32	32	33	1.031	0.177	1.000	1	2	349.875	62.688	24.844	0.520	0.202	0.525	349.879	62.727	24.848	348	59	24	5	8	2
1.301	8.856	54	54	66	1.222	0.420	1.000	1	2	495.593	68.056	24.630	0.562	0.191	0.546	495.576	68.045	24.697	492	66	24	8	5	2
0.386	3.810	16	16	16	1.000	0.000	1.000	1	1	443.438	68.000	24.750	0.346	0.098	0.347	443.438	68.000	24.750	442	67	24	4	3	2
0.723	5.698	30	30	39	1.300	0.466	1.000	1	2	385.000	69.000	24.700	0.427	0.121	0.445	385.000	69.000	24.769	383	67	24	5	5	2
0.241	2.664	10	10	10	1.000	0.000	1.000	1	1	94.000	69.000	24.900	0.281	0.099	0.301	94.000	69.000	24.900	93	68	24	3	3	2
0.458	4.375	19	19	19	1.000	0.000	1.000	1	1	378.316	70.474	24.789	0.374	0.111	0.384	378.316	70.474	24.789	377	69	24	4	4	2
0.289	3.105	12	12	12	1.000	0.000	1.000	1	1	357.667	72.083	24.917	0.318	0.112	0.326	357.667	72.083	24.917	356	71	24	4	3	2
0.747	6.086	31	31	34	1.097	0.301	1.000	1	2	285.935	75.387	24.677	0.441	0.133	0.435	285.912	75.382	24.706	284	73	24	5	6	2
0.241	2.664	10	10	10	1.000	0.000	1.000	1	1	106.000	76.000	24.900	0.281	0.099	0.301	106.000	76.000	24.900	105	75	24	3	3	2
0.554	4.445	23	23	24	1.043	0.209	1.000	1	2	111.174	80.696	24.609	0.382	0.097	0.384	111.167	80.708	24.625	110	79	24	4	4	2
0.434	4.234	18	18	18	1.000	0.000	1.000	1	1	374.444	80.111	24.944	0.400	0.148	0.434	374.444	80.111	24.944	373	78	24	4	5	2
0.410	4.498	17	17	17	1.000	0.000	1.000	1	1	29.941	85.471	24.941	0.443	0.192	0.451	29.941	85.471	24.941	27	84	24	7	4	2
0.964	7.021	40	40	49	1.225	0.423	1.000	1	2	423.425	87.100	24.675	0.483	0.148	0.494	423.347	87.082	24.735	421	85	24	6	5	2
1.783	12.455	74	74	91	1.230	0.424	1.000	1	2	247.716	90.689	24.662	0.734	0.268	0.735	247.835	90.670	24.725	243	87	24	10	8	2
0.844	6.209	35	35	43	1.229	0.426	1.000	1	2	100.200	92.200	24.629	0.450	0.127	0.473	100.186	92.186	24.698	98	90	24	5	5	2
0.675	5.574	28	28	30	1.071	0.262	1.000	1	2	330.464	91.821	24.714	0.439	0.151	0.429	330.467	91.833	24.733	329	89	24	4	6	2
0.410	4.127	17	17	17	1.000	0.000	1.000	1	1	114.294	94.000	24.765	0.360	0.114	0.346	114.294	94.000	24.765	112	93	24	5	3	2
0.482	4.498	20	20	20	1.000	0.000	1.000	1	1	205.850	96.350	24.800	0.386	0.124	0.395	205.850	96.350	24.800	204	95	24	5	4	2
0.603	5.397	25	25	26	1.040	0.200	1.000	1	2	268.800	99.120	24.680	0.406	0.119	0.397	268.808	99.115	24.692	267	97	24	5	5	2
0.482	4.321	20	20	20	1.000	0.000	1.000	1	1	41.750	109.650	24.650	0.364	0.091	0.372	41.750	109.650	24.650	40	108	24	4	4	2
0.337	3.439	14	14	14	1.000	0.000	1.000	1	1	146.000	113.000	24.643	0.318	0.068	0.353	146.000	113.000	24.643	145	112	24	3	3	2
0.386	3.810	16	16	16	1.000	0.000	1.000	1	1	347.438	113.000	24.750	0.346	0.098	0.347	347.438	113.000	24.750	346	112	24	4	3	2
0.675	5.945	28	28	28	1.000	0.000	1.000	1	1	56.321	114.643	24.821	0.457	0.165	0.440	56.321	114.643	24.821	54	113	24	6	5	2
0.337	3.546	14	14	14	1.000	0.000	1.000	1	1	139.643	114.643	24.929	0.339	0.111	0.374	139.643	114.643	24.929	138	113	24	4	4	2
0.337	3.422	14	14	14	1.000	0.000	1.000	1	1	252.000	117.500	24.857	0.334	0.107	0.357	252.000	117.500	24.857	251	116	24	3	4	2
0.530	5.698	22	22	22	1.000	0.000	1.000	1	1	336.636	125.682	24.955	0.532	0.238	0.535	336.636	125.682	24.955	333	123	24	8	6	2
0.241	2.664	10	10	10	1.000	0.000	1.000	1	1	264.000	127.000	24.900	0.281	0.099	0.301	264.000	127.000	24.900	263	126	24	3	3	2
1.687	10.797	70	70	80	1.143	0.352	1.000	1	2	66.029	131.386	24.643	0.625	0.222	0.635	66.000	131.337	24.688	62	128	24	8	8	2
0.627	5.133	26	26	26	1.000	0.000	1.000	1	1	158.962	133.308	24.692	0.414	0.123	0.422	158.962	133.308	24.692	157	132	24	5	4	2
0.434	4.304	18	18	18	1.000	0.000	1.000	1	1	238.167	144.500	24.889	0.382	0.132	0.378	238.167	144.500	24.889	236	143	24	5	4	2
0.434	4.251	18	18	18	1.000	0.000	1.000	1	1	299.556	144.778	24.778	0.362	0.104	0.375	299.556	144.778	24.778	298	143	24	4	4	2
0.723	5.698	30	30	39	1.300	0.466	1.000	1	2	91.000	151.000	24.700	0.427	0.121	0.445	91.000	151.000	24.769	89	149	24	5	5	2
0.482	4.692	20	20	22	1.100	0.308	1.000	1	2	168.450	152.000	24.800	0.380	0.114	0.404	168.455	152.000	24.818	167	150	24	4	5	2
0.868	7.516	36	36	36	1.000	0.000	1.000	1	1	324.639	151.667	24.861	0.565	0.227	0.587	324.639	151.667	24.861	322	148	24	7	7	2
0.241	2.664	10	10	10	1.000	0.000	1.000	1	1	96.000	155.000	24.900	0.281	0.099	0.301	96.000	155.000	24.900	95	154	24	3	3	2
0.241	2.664	10	10	10	1.000	0.000	1.000	1	1	33.000	155.100	24.900	0.289	0.105	0.306	33.000	155.100	24.900	32	154	24	3	3	2
0.916	6.774	38	38	47	1.237	0.431	1.000	1	2	39.263	157.421	24.658	0.472	0.144	0.473	39.234	157.468	24.723	37	155	24	5	6	2
0.482	4.762	20	20	20	1.000	0.000	1.000	1	1	77.250	161.350	24.750	0.382	0.117	0.380	77.250	161.350	24.750	75	160	24	5	4	2
0.434	4.321	18	18	18	1.000	0.000	1.000	1	1	213.278	161.722	24.722	0.359	0.097	0.362	213.278	161.722	24.722	212	160	24	4	4	2
0.313	3.228	13	13	13	1.000	0.000	1.000	1	1	185.462	163.000	24.923	0.331	0.114	0.365	185.462	163.000	24.923	184	162	24	4	3	2
1.277	8.909	53	53	58	1.094	0.295	1.000	1	2	334.189	164.094	24.679	0.575	0.211	0.569	334.241	164.052	24.707	331	162	24	8	6	2
2.217	14.520	92	92	107	1.163	0.371	1.000	1	2	165.130	166.772	24.663	0.768	0.322	0.753	164.953	166.832	24.710	160	164	24	12	7	2
0.627	5.698	26	26	27	1.038	0.196	1.000	1	2	37.000	167.000	24.808	0.422	0.132	0.401	37.000	167.000	24.815	35	165	24	5	5	2
0.434	4.321	18	18	18	1.000	0.000	1.000	1	1	299.667	166.722	24.722	0.367	0.108	0.365	299.667	166.722	24.722	298	165	24	4	4	2
0.627	5.451	26	26	26	1.000	0.000	1.000	1	1	343.000	167.000	24.731	0.426	0.143	0.378	343.000	167.000	24.731	341	165	24	5	5	2
0.699	5.574	29	29	34	1.172	0.384	1.000	1	2	237.931	167.966	24.690	0.422	0.120	0.428	237.941	167.971	24.735	236	166	24	5	5	2
1.374	11.961	57	57	61	1.070	0.258	1.000	1	2	156.000	174.333	24.789	0.734	0.292	0.717	156.033	174.213	24.803	152	170	24	9	9	2
0.337	3.740	14	14	14	1.000	0.000	1.000	1	1	92.429	175.714	24.929	0.392	0.166	0.408	92.429	175.714	24.929	91	174	24	4	5	2
0.651	5.892	27	27	27	1.000	0.000	1.000	1	1	172.963	176.444	24.778	0.438	0.147	0.440	172.963	176.444	24.778	171	174	24	5	6	2
1.277	9.367	53	53	54	1.019	0.137	1.000	1	2	360.981	177.415	24.660	0.626	0.268	0.583	360.981	177.426	24.667	358	173	24	7	8	2
0.530	4.939	22	22	22	1.000	0.000	1.000	1	1	255.182	177.818	24.818	0.410	0.142	0.401	255.182	177.818	24.818	253	176	24	5	5	2
1.012	7.285	42	42	50	1.190	0.397	1.000	1	2	320.857	184.619	24.619	0.485	0.143	0.500	320.860	184.660	24.680	318	182	24	6	6	2
0.265	2.981	11	11	11	1.000	0.000	1.000	1	1	336.000	187.818	24.909	0.300	0.107	0.323	336.000	187.818	24.909	335	186	24	3	4	2
1.133	8.345	47	47	53	1.128	0.337	1.000	1	2	351.043	190.149	24.702	0.562	0.220	0.547	351.094	190.132	24.736	347	188	24	8	6	2
0.916	6.650	38	38	46	1.211	0.413	1.000	1	2	108.737	190.316	24.632	0.470	0.140	0.477	108.804	190.283	24.696	106	188	24	6	5	2
0.723	5.521	30	30	31	1.033	0.183	1.000	1	2	22.200	191.600	24.600	0.424	0.117	0.430	22.194	191.613	24.613	20	190	24	5	4	2
0.265	2.981	11	11	11	1.000	0.000	1.000	1	1	101.000	190.818	24.909	0.300	0.107	0.323	101.000	190.818	24.909	100	189	24	3	4	2
0.530	4.956	22	22	23	1.045	0.213	1.000	1	2	327.864	192.773	24.682	0.383	0.108	0.392	327.870	192.783	24.696	326	191	24	5	5	2
0.795	6.015	33	33	39	1.182	0.392	1.000	1	2	80.091	199.818	24.667	0.444	0.128	0.453	80.077	199.769	24.718	78	198	24	5	5	2
0.795	6.263	33	33	39	1.182	0.392	1.000	1	2	35.091	201.242	24.727	0.455	0.142	0.450	35.103	201.231	24.769	33	199	24	5	6	2
1.109	7.903	46	46	56	1.217	0.417	1.000	1	2	146.304	203.609	24.674	0.512	0.160	0.508	146.304	203.625	24.732	143	201	24	7	6	2
0.362	3.686	15	15	15	1.000	0.000	1.000	1	1	326.267	202.867	24.733	0.338	0.096	0.341	326.267	202.867	24.733	325	202	24	4	3	2
1.374	10.955	57	57	58	1.018	0.132	1.000	1	2	325.211	208.035	24.702	0.659	0.252	0.659	325.259	208.034	24.707	321	206	24	10	6	2
0.530	4.709	22	22	23	1.045	0.213	1.000	1	2	34.000	209.000	24.591	0.375	0.096	0.386	34.000	209.000	24.609	32	207	24	5	5	2
0.337	3.740	14	14	14	1.000	0.000	1.000	1	1	194.214	208.357	24.929	0.361	0.143	0.360	194.214	208.357	24.929	192	207	24	5	4	2
0.916	8.151	38	38	39	1.026	0.162	1.000	1	2	301.395	210.316	24.868	0.599	0.257	0.592	301.410	210.282	24.872	299	207	24	6	9	2
0.723	5.892	30	30	31	1.033	0.183	1.000	1	2	72.200	211.867	24.700	0.438	0.137	0.433	72.194	211.871	24.710	70	210	24	5	5	2
1.542	12.191	64	64	67	1.047	0.213	1.000	1	2	213.078	217.188	24.781	0.760	0.289	0.778	213.104	217.104	24.791	210	213	24	8	10	2
0.241	2.857	10	10	10	1.000	0.000	1.000	1	1	312.200	214.800	24.900	0.307	0.123	0.305	312.200	214.800	24.900	311	214	24	4	3	2
0.241	2.664	10	10	10	1.000	0.000	1.000	1	1	132.000	215.000	24.900	0.281	0.099	0.301	132.000	215.000	24.900	131	214	24	3	3	2
0.868	6.704	36	36	36	1.000	0.000	1.000	1	1	50.611	222.833	24.722	0.481	0.161	0.471	50.611	222.833	24.722	48	221	24	6	5	2
1.735	12.772	72	72	79	1.097	0.298	1.000	1	2	36.931	224.833	24.694	0.863	0.370	0.860	36.949	224.873	24.722	31	221	24	12	8	2
1.012	8.997	42	42	43	1.024	0.154	1.000	1	2	126.000	228.143	24.762	0.620	0.236	0.624	126.023	228.186	24.767	123	225	24	7	8	2
1.012	8.538	42	42	43	1.024	0.154	1.000	1	2	152.881	228.214	24.786	0.577	0.234	0.560	152.884	228.186	24.791	149	225	24	8	8	2
1.157	9.561	48	48	48	1.000	0.000	1.000	1	1	136.604	231.021	24.729	0.677	0.260	0.684	136.604	231.021	24.729	133	228	24	8	8	2
0.916	6.898	38	38	43	1.132	0.343	1.000	1	2	211.105	228.789	24.684	0.487	0.163	0.488	211.116	228.767	24.721	209	227	24	6	5	2
0.506	4.622	21	21	21	1.000	0.000	1.000	1	1	233.190	231.571	24.810	0.390	0.122	0.400	233.190	231.571	24.810	231	230	24	5	4	2
0.458	4.569	19	19	19	1.000	0.000	1.000	1	1	144.421	233.421	24.789	0.382	0.120	0.390	144.421	233.421	24.789	143	231	24	4	5	2
0.241	2.664	10	10	10	1.000	0.000	1.000	1	1	185.000	237.000	24.900	0.281	0.099	0.301	185.000	237.000	24.900	184	236	24	3	3	2
0.844	7.710	35	35	35	1.000	0.000	1.000	1	1	239.429	244.914	24.886	0.618	0.269	0.630	239.429	244.914	24.886	235	243	24	9	5	2
0.699	5.521	29	29	31	1.069	0.258	1.000	1	2	110.414	247.103	24.621	0.423	0.120	0.428	110.419	247.097	24.645	109	245	24	4	5	2
0.482	4.074	20	20	21	1.050	0.224	1.000	1	2	126.100	247.100	24.550	0.359	0.084	0.355	126.095	247.095	24.571	125	246	24	4	4	2
0.916	8.151	38	38	39	1.026	0.162	1.000	1	2	207.237	249.789	24.868	0.578	0.225	0.572	207.205	249.769	24.872	204	247	24	8	7	2
0.627	5.574	26	26	27	1.038	0.196	1.000	1	2	179.269	254.500	24.769	0.434	0.154	0.424	179.259	254.481	24.778	177	253	24	6	4	2
0.313	3.245	13	13	13	1.000	0.000	1.000	1	1	273.231	254.077	24.692	0.326	0.092	0.329	273.231	254.077	24.692	272	253	24	3	4	2
0.410	4.004	17	17	17	1.000	0.000	1.000	1	1	208.000	259.353	24.706	0.352	0.097	0.355	208.000	259.353	24.706	207	258	24	3	4	2
1.181	9.421	49	49	49	1.000	0.000	1.000	1	1	13.122	262.245	24.755	0.633	0.285	0.568	13.122	262.245	24.755	9	260	24	10	5	2
1.036	7.462	43	43	49	1.140	0.351	1.000	1	2	137.512	265.442	24.674	0.507	0.170	0.479	137.469	265.408	24.714	135	263	24	6	6	2
0.627	5.204	26	26	28	1.077	0.272	1.000	1	2	81.769	266.000	24.654	0.403	0.110	0.404	81.750	266.000	24.679	80	264	24	5	5	2
0.795	5.962	33	33	37	1.121	0.331	1.000	1	2	152.303	267.303	24.606	0.437	0.120	0.455	152.324	267.324	24.649	150	265	24	5	5	2
0.771	6.333	32	32	34	1.062	0.246	1.000	1	2	197.094	269.625	24.719	0.455	0.149	0.446	197.088	269.618	24.735	195	267	24	5	6	2
0.723	5.698	30	30	39	1.300	0.466	1.000	1	2	46.000	270.000	24.700	0.427	0.121	0.445	46.000	270.000	24.769	44	268	24	5	5	2
0.458	4.375	19	19	19	1.000	0.000	1.000	1	1	111.368	270.316	24.789	0.373	0.111	0.372	111.368	270.316	24.789	110	269	24	4	4	2
0.530	4.745	22	22	22	1.000	0.000	1.000	1	1	38.909	270.500	24.818	0.402	0.131	0.410	38.909	270.500	24.818	37	269	24	5	4	2
0.627	5.204	26	26	29	1.115	0.326	1.000	1	2	126.846	271.846	24.654	0.403	0.111	0.389	126.828	271.828	24.690	125	270	24	5	5	2
0.578	5.080	24	24	25	1.042	0.204	1.000	1	2	84.000	273.500	24.667	0.390	0.103	0.388	84.000	273.520	24.680	82	272	24	5	4	2
0.434	4.816	18	18	18	1.000	0.000	1.000	1	1	33.500	273.333	24.944	0.504	0.233	0.525	33.500	273.333	24.944	30	271	24	7	5	2
1.663	11.556	69	69	81	1.174	0.382	1.000	1	2	57.014	275.551	24.696	0.675	0.301	0.637	57.136	275.605	24.741	51	273	24	11	7	2
0.241	2.664	10	10	10	1.000	0.000	1.000	1	1	121.000	274.000	24.900	0.281	0.099	0.301	121.000	274.000	24.900	120	273	24	3	3	2
0.603	5.521	25	25	25	1.000	0.000	1.000	1	1	157.440	274.800	24.720	0.433	0.149	0.424	157.440	274.800	24.720	155	273	24	6	4	2
0.458	4.181	19	19	19	1.000	0.000	1.000	1	1	14.421	282.579	24.789	0.368	0.108	0.377	14.421	282.579	24.789	13	281	24	4	4	2
0.675	5.397	28	28	30	1.071	0.262	1.000	1	2	100.964	288.536	24.607	0.412	0.111	0.423	100.967	288.533	24.633	99	287	24	5	5	2
0.362	3.740	15	15	15	1.000	0.000	1.000	1	1	113.600	296.533	24.867	0.346	0.106	0.381	113.600	296.533	24.867	112	295	24	4	4	2
0.434	4.251	18	18	18	1.000	0.000	1.000	1	1	137.778	296.556	24.778	0.362	0.104	0.375	137.778	296.556	24.778	136	295	24	4	4	2
0.386	3.987	16	16	16	1.000	0.000	1.000	1	1	55.938	297.625	24.938	0.367	0.130	0.391	55.938	297.625	24.938	54	296	24	5	4	2
0.699	5.768	29	29	29	1.000	0.000	1.000	1	1	12.138	309.103	24.690	0.432	0.133	0.412	12.138	309.103	24.690	10	307	24	5	5	2
0.506	4.939	21	21	21	1.000	0.000	1.000	1	1	65.286	328.143	24.857	0.397	0.131	0.403	65.286	328.143	24.857	63	326	24	5	5	2
0.410	4.304	17	17	17	1.000	0.000	1.000	1	1	72.706	328.706	24.941	0.383	0.141	0.381	72.706	328.706	24.941	71	327	24	5	5	2
0.699	6.369	29	29	29	1.000	0.000	1.000	1	1	88.310	330.724	24.966	0.527	0.220	0.527	88.310	330.724	24.966	86	327	24	5	8	2
1.350	9.721	56	56	57	1.018	0.134	1.000	1	2	61.804	336.250	24.732	0.581	0.202	0.567	61.789	336.246	24.737	59	333	24	7	8	2
0.795	6.827	33	33	33	1.000	0.000	1.000	1	1	10.636	352.455	24.818	0.481	0.166	0.479	10.636	352.455	24.818	8	350	24	6	6	2
0.289	3.034	12	12	12	1.000	0.000	1.000	1	1	489.500	2.500	25.000	0.321	0.107	0.393	489.500	2.500	25.000	488	1	25	4	4	1
0.241	2.593	10	10	10	1.000	0.000	1.000	1	1	30.200	14.000	25.000	0.291	0.113	0.308	30.200	14.000	25.000	29	13	25	4	3	1
0.289	3.034	12	12	12	1.000	0.000	1.000	1	1	384.500	20.500	25.000	0.321	0.107	0.393	384.500	20.500	25.000	383	19	25	4	4	1
0.386	3.723	16	16	16	1.000	0.000	1.000	1	1	313.000	37.375	25.000	0.378	0.141	0.413	313.000	37.375	25.000	311	36	25	5	4	1
0.386	3.723	16	16	16	1.000	0.000	1.000	1	1	238.938	45.688	25.000	0.380	0.144	0.410	238.938	45.688	25.000	237	44	25	5	4	1
0.289	3.034	12	12	12	1.000	0.000	1.000	1	1	470.917	64.833	25.000	0.331	0.138	0.324	470.917	64.833	25.000	470	63	25	3	5	1
0.482	5.187	20	20	20	1.000	0.000	1.000	1	1	95.800	78.500	25.000	0.538	0.294	0.471	95.800	78.500	25.000	94	75	25	5	9	1
0.458	4.481	19	19	19	1.000	0.000	1.000	1	1	4.421	78.053	25.000	0.436	0.177	0.440	4.421	78.053	25.000	2	76	25	6	5	1
0.362	3.599	15	15	15	1.000	0.000	1.000	1	1	89.467	82.667	25.000	0.368	0.137	0.390	89.467	82.667	25.000	88	81	25	4	5	1
0.410	4.040	17	17	17	1.000	0.000	1.000	1	1	394.118	104.000	25.000	0.402	0.168	0.373	394.118	104.000	25.000	392	102	25	5	5	1
0.289	3.034	12	12	12	1.000	0.000	1.000	1	1	301.500	128.500	25.000	0.321	0.107	0.393	301.500	128.500	25.000	300	127	25	4	4	1
0.265	2.717	11	11	11	1.000	0.000	1.000	1	1	285.636	131.909	25.000	0.311	0.116	0.314	285.636	131.909	25.000	284	131	25	4	3	1
0.241	2.787	10	10	10	1.000	0.000	1.000	1	1	249.300	139.300	25.000	0.299	0.110	0.332	249.300	139.300	25.000	248	138	25	4	4	1
0.313	3.352	13	13	13	1.000	0.000	1.000	1	1	247.385	152.154	25.000	0.356	0.146	0.346	247.385	152.154	25.000	246	150	25	4	5	1
0.627	5.540	26	26	26	1.000	0.000	1.000	1	1	212.462	155.346	25.000	0.518	0.220	0.528	212.462	155.346	25.000	209	153	25	7	5	1
0.410	3.846	17	17	17	1.000	0.000	1.000	1	1	293.118	162.588	25.000	0.385	0.139	0.414	293.118	162.588	25.000	291	161	25	5	4	1
0.241	2.593	10	10	10	1.000	0.000	1.000	1	1	255.000	164.200	25.000	0.291	0.113	0.308	255.000	164.200	25.000	254	163	25	3	4	1
0.289	3.034	12	12	12	1.000	0.000	1.000	1	1	366.500	165.500	25.000	0.321	0.107	0.393	366.500	165.500	25.000	365	164	25	4	4	1
0.771	7.445	32	32	32	1.000	0.000	1.000	1	1	99.719	171.219	25.000	0.643	0.234	0.657	99.719	171.219	25.000	97	167	25	7	8	1
0.410	4.040	17	17	17	1.000	0.000	1.000	1	1	390.706	172.882	25.000	0.409	0.166	0.425	390.706	172.882	25.000	389	171	25	5	5	1
0.265	2.911	11	11	11	1.000	0.000	1.000	1	1	177.182	184.818	25.000	0.309	0.118	0.297	177.182	184.818	25.000	176	183	25	4	4	1
0.265	2.911	11	11	11	1.000	0.000	1.000	1	1	213.545	184.182	25.000	0.318	0.121	0.324	213.545	184.182	25.000	212	183	25	4	4	1
0.265	2.911	11	11	11	1.000	0.000	1.000	1	1	239.818	184.545	25.000	0.318	0.121	0.324	239.818	184.545	25.000	238	183	25	4	4	1
0.289	3.034	12	12	12	1.000	0.000	1.000	1	1	232.500	199.500	25.000	0.321	0.107	0.393	232.500	199.500	25.000	231	198	25	4	4	1
0.386	3.723	16	16	16	1.000	0.000	1.000	1	1	194.938	218.312	25.000	0.380	0.144	0.410	194.938	218.312	25.000	193	217	25	5	4	1
0.241	2.593	10	10	10	1.000	0.000	1.000	1	1	240.000	218.200	25.000	0.291	0.113	0.308	240.000	218.200	25.000	239	217	25	3	4	1
0.289	3.034	12	12	12	1.000	0.000	1.000	1	1	194.500	227.500	25.000	0.321	0.107	0.393	194.500	227.500	25.000	193	226	25	4	4	1
0.337	3.282	14	14	14	1.000	0.000	1.000	1	1	164.500	254.500	25.000	0.350	0.124	0.393	164.500	254.500	25.000	163	253	25	4	4	1
0.458	4.287	19	19	19	1.000	0.000	1.000	1	1	24.053	267.789	25.000	0.414	0.159	0.445	24.053	267.789	25.000	22	266	25	5	5	1
0.265	2.911	11	11	11	1.000	0.000	1.000	1	1	83.545	292.182	25.000	0.318	0.121	0.324	83.545	292.182	25.000	82	291	25	4	4	1
0.313	3.158	13	13	13	1.000	0.000	1.000	1	1	131.231	291.846	25.000	0.360	0.155	0.345	131.231	291.846	25.000	129	291	25	5	3	1
0.313	3.158	13	13	13	1.000	0.000	1.000	1	1	40.615	340.615	25.000	0.335	0.115	0.377	40.615	340.615	25.000	39	339	25	4	4	1
0.386	3.723	16	16	16	1.000	0.000	1.000	1	1	38.000	348.812	25.000	0.399	0.173	0.386	38.000	348.812	25.000	37	346	25	3	6	1
