Volume (micron^3)	Surface (micron^2)	Nb of obj. voxels	Nb of surf. voxels	IntDen	Mean	StdDev	Median	Min	Max	X	Y	Z	Mean dist. to surf. (micron)	SD dist. to surf. (micron)	Median dist. to surf. (micron)	XM	YM	ZM	BX	BY	BZ	B-width	B-height	B-depth
2.049	11.198	85	63	51666	607.835	387.034	500.000	200	1631	111.224	24.612	2.718	0.705	0.147	0.684	111.279	24.581	2.429	109	23	1	5	5	5
36012.453	43920.828	1494214	319169	822129728	550.209	345.867	453.000	200	4051	251.413	273.572	18.227	43.677	20.584	44.790	253.928	265.640	17.476	0	8	1	512	504	31
2.097	11.639	87	63	50122	576.115	370.568	494.000	202	1604	78.805	112.092	2.759	0.708	0.135	0.712	78.718	112.179	2.445	77	110	1	5	5	5
3.446	16.981	143	94	90533	633.098	426.728	477.000	201	2047	223.182	111.294	4.182	0.909	0.252	0.910	223.159	111.313	4.073	221	109	1	6	6	7
1.880	10.739	78	58	53610	687.308	443.334	690.000	208	1723	66.641	228.564	2.603	0.674	0.134	0.665	66.588	228.510	2.311	64	227	1	6	5	5
0.964	6.842	40	35	13961	349.025	128.309	325.500	200	649	231.325	233.850	2.250	0.523	0.129	0.514	231.333	233.880	2.106	230	232	1	4	4	4
3.495	15.395	145	101	107565	741.828	542.168	521.000	201	2332	427.614	250.669	2.979	0.839	0.126	0.826	427.549	250.704	2.650	425	248	1	6	6	5
1.591	9.011	66	54	39499	598.470	349.378	511.500	214	1489	408.818	271.455	2.424	0.621	0.112	0.624	408.754	271.429	2.187	407	270	1	5	4	4
1.157	7.283	48	40	24350	507.292	257.592	408.500	213	1091	437.438	305.625	2.146	0.545	0.108	0.535	437.443	305.646	1.977	436	304	1	4	4	4
1.783	10.422	74	59	42411	573.122	348.664	465.000	201	1505	237.635	340.838	2.459	0.647	0.117	0.645	237.603	340.864	2.246	236	339	1	5	5	5
0.578	4.990	24	22	8338	347.417	116.601	321.500	210	618	74.708	383.875	1.875	0.424	0.090	0.444	74.695	383.867	1.780	73	383	1	4	3	3
1.205	7.547	50	42	24840	496.800	254.326	409.500	209	1157	67.560	393.740	2.320	0.566	0.118	0.551	67.570	393.746	2.079	66	392	1	4	4	4
2.097	11.692	87	63	52673	605.437	377.435	473.000	207	1651	319.299	395.057	2.621	0.697	0.123	0.680	319.377	395.046	2.399	317	393	1	6	5	5
3.832	17.300	159	103	119419	751.063	586.186	573.000	202	2694	93.843	397.063	3.069	0.866	0.109	0.853	93.864	396.994	2.644	91	394	1	7	7	5
1.012	7.247	42	37	17105	407.262	146.686	389.000	202	818	68.905	404.024	2.738	0.573	0.191	0.555	68.913	404.025	2.660	67	403	1	4	3	5
1.591	9.011	66	54	38118	577.545	359.495	464.000	201	1528	297.273	418.500	2.364	0.617	0.112	0.629	297.282	418.521	2.081	295	417	1	5	4	4
0.964	7.089	40	36	13825	345.625	107.245	324.500	207	592	52.050	446.450	1.900	0.510	0.106	0.511	52.020	446.467	1.799	50	445	1	5	4	3
0.482	4.091	20	19	6101	305.050	80.786	274.000	205	490	92.800	454.200	1.800	0.391	0.096	0.373	92.762	454.230	1.739	92	453	1	3	3	3
2.579	13.544	107	75	71884	671.813	459.766	524.000	203	2081	46.757	457.103	2.757	0.750	0.120	0.741	46.816	457.077	2.420	44	455	1	6	6	5
1.012	7.160	42	35	18781	447.167	220.687	393.500	200	1060	401.595	460.262	2.071	0.525	0.112	0.507	401.725	460.200	1.923	400	459	1	4	4	4
0.289	3.456	12	11	3447	287.250	66.152	272.000	206	441	42.917	463.917	1.583	0.338	0.084	0.323	42.928	463.934	1.545	42	463	1	3	3	3
1.639	9.857	68	53	35078	515.853	273.096	420.500	202	1243	61.706	467.353	2.632	0.648	0.149	0.655	61.673	467.303	2.455	60	465	1	5	5	5
2.145	11.110	89	69	53281	598.663	355.889	492.000	202	1538	48.258	470.112	2.382	0.688	0.110	0.693	48.180	470.208	2.125	46	468	1	6	5	4
0.988	7.106	41	36	16910	412.439	161.314	359.000	212	840	54.268	468.024	3.537	0.540	0.158	0.553	54.246	468.028	3.544	53	467	1	4	3	5
0.916	7.106	38	32	13011	342.395	127.030	330.000	201	646	36.895	468.658	3.421	0.526	0.148	0.508	36.870	468.622	3.429	35	467	1	4	4	5
3.109	22.024	129	110	46214	358.248	204.920	260.000	200	1133	78.512	470.333	4.248	1.086	0.462	1.031	78.203	471.028	3.815	76	464	1	8	11	10
1.060	7.160	44	37	19888	452.000	233.060	375.000	204	1088	100.682	478.545	2.114	0.528	0.106	0.523	100.735	478.573	1.883	99	477	1	4	4	4
0.747	5.766	31	29	8772	282.968	77.007	261.000	200	514	145.032	483.032	2.645	0.481	0.144	0.432	145.014	483.032	2.674	144	482	1	3	3	4
0.337	3.580	14	13	3990	285.000	67.644	270.500	206	432	434.929	488.786	1.571	0.344	0.081	0.346	434.901	488.749	1.533	434	488	1	3	3	3
0.289	3.068	12	12	3121	260.083	55.421	240.500	202	381	132.167	506.167	1.500	0.306	0.056	0.320	132.188	506.169	1.467	131	505	1	3	3	2
2.772	14.372	115	79	74392	646.887	481.230	455.000	200	1948	376.600	507.374	2.739	0.767	0.106	0.766	376.557	507.413	2.403	374	505	1	6	6	5
1.326	8.641	55	43	21470	390.364	168.393	330.000	208	873	256.382	225.582	4.236	0.601	0.153	0.601	256.332	225.587	4.181	255	224	2	4	4	5
25.162	98.367	1044	618	366390	350.948	144.583	308.500	200	1003	56.655	368.784	8.341	2.314	1.090	2.082	56.701	368.173	8.403	45	355	2	25	35	10
1.928	11.515	80	59	25982	324.775	123.041	279.500	200	738	81.062	409.987	4.275	0.696	0.152	0.692	81.116	410.013	4.238	79	408	2	5	5	6
1.036	7.812	43	34	13653	317.512	106.376	286.000	203	615	328.302	207.326	6.326	0.561	0.155	0.528	328.314	207.264	6.241	327	206	4	4	4	5
0.241	2.945	10	10	2560	256.000	47.065	246.000	203	347	91.100	370.300	4.700	0.310	0.101	0.307	91.109	370.293	4.694	90	370	4	3	2	3
1.880	11.515	78	58	30773	394.526	183.161	340.500	201	903	107.833	386.385	6.462	0.684	0.161	0.696	107.964	386.499	6.476	105	384	4	6	5	6
0.699	5.766	29	25	9027	311.276	97.443	314.000	203	524	90.552	391.034	5.483	0.498	0.136	0.472	90.555	391.020	5.483	89	390	4	4	3	4
0.313	3.844	13	11	3188	245.231	50.940	220.000	200	353	129.923	316.077	6.538	0.371	0.109	0.323	129.896	316.086	6.550	129	315	5	3	3	4
0.289	3.262	12	12	2607	217.250	13.471	214.500	200	237	53.667	479.500	5.750	0.340	0.122	0.343	53.654	479.508	5.748	53	479	5	3	2	3
0.265	2.874	11	11	2570	233.636	23.830	227.000	203	283	63.818	479.545	5.727	0.310	0.097	0.318	63.829	479.560	5.718	63	479	5	3	2	3
1.085	8.129	45	35	14795	328.778	117.561	308.000	202	675	247.333	156.778	7.933	0.570	0.145	0.541	247.298	156.861	7.918	246	155	6	4	5	5
3.085	16.823	128	96	55314	432.141	213.918	366.000	201	1095	95.867	386.414	7.953	0.842	0.229	0.892	95.831	386.471	7.912	94	382	6	5	9	5
0.410	3.897	17	16	3833	225.471	18.825	221.000	200	266	51.059	398.882	6.882	0.394	0.102	0.413	51.059	398.874	6.865	50	398	6	3	3	3
1.277	8.447	53	44	19152	361.358	146.826	318.000	202	780	419.679	84.321	8.906	0.610	0.171	0.564	419.647	84.235	8.974	418	83	7	4	4	5
1.398	9.188	58	48	16025	276.293	55.834	252.500	202	410	89.552	305.638	8.621	0.611	0.139	0.653	89.610	305.656	8.605	87	304	7	6	4	4
0.482	4.462	20	18	4406	220.300	17.171	213.500	201	258	59.350	473.850	7.950	0.401	0.080	0.416	59.352	473.847	7.942	58	473	7	4	3	3
1.735	12.436	72	70	18466	256.472	47.717	245.000	203	393	432.333	52.431	9.625	0.812	0.326	0.859	432.109	52.455	9.625	428	50	9	11	6	3
0.578	4.709	24	24	5701	237.542	26.457	232.500	200	301	454.167	73.667	9.542	0.411	0.125	0.395	454.130	73.620	9.570	453	72	9	3	5	2
2.121	13.066	88	61	38006	431.886	224.822	370.500	200	1157	391.659	75.727	13.261	0.742	0.205	0.733	391.779	75.702	13.151	389	74	10	6	5	7
1.446	10.104	60	49	21474	357.900	153.157	307.500	200	815	189.967	394.267	12.100	0.621	0.170	0.605	189.827	394.414	12.116	188	392	10	6	5	5
2.169	17.671	90	82	24026	266.956	73.039	240.000	201	549	169.811	509.533	11.667	0.822	0.329	0.804	170.035	509.689	11.663	163	506	10	11	6	7
0.482	4.285	20	18	6310	315.500	83.185	287.500	235	502	121.500	311.000	12.000	0.407	0.081	0.409	121.499	311.021	11.999	120	310	11	4	3	3
0.482	4.338	20	20	4704	235.200	20.707	234.500	202	274	181.700	416.300	11.500	0.362	0.085	0.385	181.724	416.285	11.500	180	415	11	4	4	2
2.025	12.254	84	65	30215	359.702	127.775	330.500	200	702	125.690	509.250	14.655	0.770	0.255	0.720	125.701	509.341	14.608	124	507	11	4	5	7
0.241	2.487	10	10	2217	221.700	15.699	219.500	201	248	394.200	92.500	12.400	0.289	0.056	0.282	394.213	92.511	12.394	393	92	12	3	2	2
2.675	19.256	111	93	31974	288.054	80.440	270.000	200	633	509.532	97.486	16.468	0.908	0.311	0.907	509.644	97.630	16.345	506	93	12	6	10	8
0.386	3.968	16	15	4354	272.125	61.756	250.000	201	413	197.125	224.750	12.812	0.371	0.093	0.369	197.160	224.747	12.809	196	224	12	3	3	3
0.844	6.912	35	28	10929	312.257	107.945	265.000	201	547	205.457	388.286	14.200	0.530	0.148	0.496	205.457	388.291	14.193	204	387	12	4	4	5
0.337	3.774	14	14	3261	232.929	16.002	232.000	205	257	177.571	507.500	13.143	0.374	0.141	0.382	177.560	507.500	13.137	176	507	12	4	2	3
7.206	41.315	299	223	80942	270.709	71.250	245.000	200	536	205.619	508.619	20.114	1.370	0.520	1.358	205.861	508.890	20.186	199	503	13	12	9	14
1.735	10.439	72	53	26177	363.569	151.340	305.500	206	791	302.806	232.431	16.417	0.682	0.195	0.693	302.831	232.453	16.415	301	231	14	5	4	6
1.446	9.540	60	44	18298	304.967	90.717	272.000	206	552	81.050	468.533	17.067	0.633	0.147	0.612	81.045	468.536	17.096	79	467	15	5	4	5
5.037	23.823	209	126	114702	548.813	360.662	428.000	200	1836	118.823	266.947	19.675	1.036	0.265	1.044	119.006	266.932	19.589	114	264	16	9	7	8
0.868	6.912	36	31	8866	246.278	31.522	240.500	200	326	407.444	92.972	18.417	0.528	0.138	0.535	407.455	92.985	18.423	405	91	17	5	4	4
1.133	8.006	47	37	15935	339.043	126.701	292.000	202	668	342.723	190.596	19.043	0.584	0.158	0.549	342.758	190.562	19.064	341	189	17	4	4	5
0.265	3.333	11	10	2819	256.273	51.779	235.000	202	371	118.000	278.000	17.636	0.333	0.079	0.319	117.976	278.013	17.673	117	277	17	3	3	3
0.844	7.317	35	35	15508	443.086	239.258	366.000	201	1138	215.829	510.600	19.886	0.558	0.232	0.504	215.849	510.707	19.867	214	510	17	5	2	6
0.506	4.743	21	19	6315	300.714	75.486	282.000	201	473	120.667	272.952	19.429	0.439	0.145	0.371	120.662	272.948	19.420	120	272	18	3	3	4
1.109	7.635	46	40	17144	372.696	140.752	344.500	201	808	134.826	313.000	19.913	0.602	0.201	0.552	134.864	313.009	19.913	133	312	18	4	3	5
0.337	3.580	14	14	3148	224.857	17.944	226.500	201	253	510.357	41.214	19.643	0.340	0.101	0.337	510.356	41.205	19.629	509	40	19	3	3	3
0.410	4.355	17	16	4657	273.941	64.536	252.000	205	448	123.882	260.000	21.000	0.384	0.093	0.419	123.894	260.012	20.993	123	259	20	3	3	3
0.530	5.184	22	20	5808	264.000	58.289	239.000	200	372	489.727	124.591	23.364	0.443	0.137	0.422	489.705	124.579	23.321	489	123	22	3	4	4
0.289	3.720	12	12	2550	212.500	11.681	209.000	201	241	433.417	146.667	23.583	0.501	0.272	0.442	433.430	146.673	23.558	433	146	22	2	2	5
24.005	88.726	996	558	456048	457.880	323.590	346.500	200	1889	132.039	292.292	28.064	2.080	0.768	2.081	131.208	290.038	28.689	124	280	22	15	26	10
0.241	2.821	10	10	2108	210.800	9.175	205.500	203	227	44.600	493.600	23.000	0.326	0.129	0.415	44.600	493.595	23.001	44	493	22	2	2	3
1.976	15.059	82	73	29461	359.280	216.906	258.500	201	1156	509.341	104.268	28.329	0.900	0.464	0.774	509.845	103.925	28.873	506	101	23	6	7	9
0.241	3.403	10	10	2144	214.400	7.834	216.000	200	223	355.100	188.200	25.000	0.523	0.280	0.465	355.093	188.191	25.021	355	187	23	2	3	5
0.313	3.914	13	12	2969	228.385	28.398	217.000	200	286	112.077	309.846	24.308	0.391	0.155	0.369	112.084	309.835	24.309	111	309	23	3	3	4
1.880	13.454	78	70	21382	274.128	64.484	256.500	202	499	171.436	219.872	27.936	0.910	0.395	0.896	171.452	219.870	27.808	170	217	24	4	7	8
0.795	6.665	33	30	10196	308.970	89.869	287.000	202	550	195.000	226.909	26.000	0.536	0.208	0.475	195.056	227.005	26.083	194	225	24	3	4	5
0.241	3.068	10	9	2470	247.000	42.090	235.000	200	322	128.800	315.200	24.800	0.322	0.079	0.312	128.779	315.191	24.774	128	314	24	3	3	3
0.699	5.890	29	26	6336	218.483	14.441	214.000	201	249	394.483	86.828	27.276	0.497	0.166	0.455	394.481	86.846	27.277	393	86	25	4	3	5
1.205	9.610	50	44	13133	262.660	54.528	245.000	201	415	134.500	255.460	27.720	0.633	0.232	0.634	134.582	255.510	27.777	132	254	25	6	4	6
0.386	3.897	16	15	3484	217.750	13.204	219.500	200	240	165.625	478.188	25.750	0.368	0.097	0.358	165.608	478.173	25.737	165	477	25	3	4	3
1.470	10.703	61	47	17123	280.705	73.231	270.000	203	475	404.443	89.082	28.279	0.670	0.214	0.632	404.453	89.058	28.196	402	87	26	5	5	6
0.458	4.603	19	19	4050	213.158	11.466	213.000	200	242	440.158	134.053	27.421	0.397	0.137	0.366	440.181	134.024	27.419	439	133	26	4	4	3
0.868	6.983	36	32	8247	229.083	23.997	222.000	200	294	216.028	287.778	28.139	0.552	0.197	0.514	216.014	287.798	28.147	215	286	26	3	4	5
1.085	8.323	45	40	10367	230.378	21.134	231.000	201	279	510.044	114.778	28.956	0.598	0.198	0.566	510.056	114.804	28.991	509	113	27	3	5	5
0.241	2.751	10	10	2164	216.400	9.969	214.000	200	238	328.600	198.700	28.300	0.306	0.100	0.310	328.599	198.695	28.299	328	198	27	2	3	3
0.386	3.774	16	15	3761	235.062	32.436	219.000	202	312	202.625	321.938	28.188	0.369	0.096	0.353	202.633	321.929	28.185	202	321	27	3	3	3
0.844	6.719	35	30	8378	239.371	37.923	228.000	200	316	428.571	146.657	29.771	0.523	0.133	0.496	428.574	146.666	29.800	427	145	28	4	4	4
10.171	39.958	422	301	192908	457.128	204.510	413.500	200	996	390.988	284.543	30.007	1.410	0.534	1.354	390.904	284.445	30.223	382	280	28	21	13	4
0.241	3.333	10	10	2056	205.600	5.481	204.500	200	219	464.800	53.900	30.100	0.346	0.149	0.380	464.794	53.895	30.103	464	53	29	3	3	3
0.506	4.850	21	19	5756	274.095	57.148	255.000	201	413	374.238	266.000	30.429	0.402	0.104	0.380	374.201	266.031	30.458	372	265	29	5	3	3
0.362	4.268	15	15	3525	235.000	27.911	227.000	200	298	0.867	505.133	30.667	0.422	0.180	0.378	0.831	505.175	30.682	0	503	29	4	5	3
0.603	5.679	25	25	9023	360.920	142.523	317.000	207	709	240.680	510.640	30.360	0.482	0.198	0.450	240.901	510.685	30.447	237	510	29	7	2	3
0.386	3.633	16	16	3965	247.812	35.127	247.500	207	329	478.062	166.188	30.562	0.346	0.092	0.347	478.082	166.177	30.597	476	165	30	4	3	2
0.530	4.515	22	22	6396	290.727	74.079	284.500	209	458	369.409	175.273	30.591	0.380	0.100	0.398	369.406	175.248	30.647	368	174	30	4	4	2
0.434	3.757	18	18	4022	223.444	20.446	219.000	200	257	314.111	220.056	30.556	0.350	0.086	0.346	314.124	220.078	30.560	313	219	30	3	4	2
