Volume (micron^3)	Surface (micron^2)	Nb of obj. voxels	Nb of surf. voxels	IntDen	Mean	StdDev	Median	Min	Max	X	Y	Z	Mean dist. to surf. (micron)	SD dist. to surf. (micron)	Median dist. to surf. (micron)	XM	YM	ZM	BX	BY	BZ	B-width	B-height	B-depth
1.301	8.323	54	45	23549	436.093	202.345	390.500	200	929	177.352	3.519	2.481	0.594	0.137	0.612	177.316	3.592	2.350	176	2	1	4	4	5
40276.137	47448.223	1671121	331476	934282624	559.075	344.982	463.000	200	3952	269.922	270.944	18.546	40.625	18.144	39.421	277.540	270.353	17.568	0	0	1	469	483	32
1.277	7.935	53	45	23758	448.264	209.437	391.000	200	969	210.472	66.642	2.472	0.581	0.120	0.607	210.452	66.728	2.417	209	65	1	4	4	4
0.289	2.821	12	12	4084	340.333	29.224	331.000	303	381	24.500	158.500	2.000	0.344	0.124	0.428	24.499	158.492	2.015	24	158	1	2	2	3
0.434	3.968	18	17	5292	294.000	72.350	271.500	211	447	182.333	217.889	1.833	0.385	0.099	0.402	182.344	217.892	1.809	181	217	1	3	3	3
1.157	7.354	48	40	19981	416.271	199.929	345.000	207	913	76.250	220.500	2.250	0.554	0.114	0.538	76.179	220.537	2.138	75	219	1	4	4	4
1.036	7.036	43	38	17660	410.698	194.988	339.000	201	906	116.116	236.558	2.233	0.535	0.131	0.526	116.081	236.621	2.066	115	235	1	4	4	4
1.639	9.787	68	54	38826	570.971	325.630	452.500	202	1398	255.529	270.118	2.544	0.636	0.130	0.641	255.531	270.139	2.296	254	268	1	4	5	5
2.121	11.833	88	63	52859	600.670	387.458	465.500	202	1596	329.534	336.227	2.716	0.716	0.135	0.691	329.539	336.290	2.436	327	334	1	6	5	5
2.820	14.055	117	81	62401	533.342	332.054	432.000	202	1596	201.932	370.214	2.658	0.777	0.134	0.772	201.949	370.371	2.384	200	367	1	5	7	5
2.772	14.125	115	78	72050	626.522	449.491	448.000	200	1876	182.496	407.748	2.843	0.778	0.114	0.769	182.480	407.726	2.503	180	405	1	6	6	5
0.265	3.068	11	11	3262	296.545	67.439	307.000	201	396	174.273	415.727	1.545	0.321	0.102	0.287	174.314	415.677	1.499	173	415	1	3	3	3
2.338	14.196	97	72	40956	422.227	220.330	338.000	201	1088	104.536	427.330	3.175	0.776	0.203	0.776	104.825	427.486	2.923	101	425	1	7	6	6
0.410	3.968	17	16	4719	277.588	69.592	263.000	206	410	467.294	429.941	1.765	0.375	0.095	0.366	467.316	429.893	1.725	466	429	1	3	3	3
1.952	11.251	81	64	34071	420.630	205.680	344.000	208	1036	170.235	436.432	2.457	0.681	0.151	0.692	170.395	436.446	2.323	167	435	1	7	4	5
1.109	8.447	46	37	20658	449.087	222.025	408.000	200	1070	304.065	442.848	2.304	0.567	0.124	0.575	304.066	442.889	2.088	302	441	1	5	5	4
2.868	14.319	119	86	86387	725.941	471.520	557.000	204	2164	425.185	449.084	3.017	0.788	0.139	0.799	425.158	449.028	2.720	422	447	1	7	6	5
1.109	7.741	46	39	20013	435.065	212.460	392.500	200	1015	507.652	472.978	2.283	0.554	0.127	0.553	507.735	472.981	2.091	506	471	1	4	5	4
1.085	7.160	45	37	19401	431.133	214.609	354.000	202	1014	282.333	474.467	2.156	0.539	0.108	0.519	282.247	474.403	1.962	281	473	1	4	4	4
2.627	13.103	109	76	74742	685.706	480.864	493.000	203	2059	250.110	486.395	2.844	0.765	0.132	0.766	250.183	486.395	2.498	248	484	1	5	6	5
1.157	7.671	48	41	22254	463.625	244.564	403.500	209	1158	237.083	501.479	2.188	0.554	0.120	0.536	237.065	501.405	1.979	235	500	1	5	4	4
1.663	11.673	69	55	25341	367.261	166.900	302.000	200	882	123.188	433.899	4.841	0.747	0.304	0.621	123.257	433.903	4.682	121	432	2	5	5	8
1.060	7.564	44	38	16556	376.273	142.558	328.000	202	806	99.727	441.023	4.205	0.571	0.183	0.549	99.755	441.019	4.221	98	440	2	4	3	5
3.230	17.264	134	95	57878	431.925	247.317	334.500	203	1344	105.634	415.030	7.246	0.894	0.272	0.846	105.683	415.381	7.069	104	411	4	5	8	7
0.819	6.277	34	30	11774	346.294	125.901	337.500	209	660	274.765	377.000	6.500	0.505	0.135	0.480	274.727	377.038	6.491	273	376	5	4	3	4
1.398	11.074	58	53	17988	310.138	110.789	280.000	202	628	138.328	394.638	7.741	0.813	0.360	0.796	138.465	394.422	7.500	136	392	5	5	7	7
3.977	25.587	165	125	59034	357.782	183.239	276.000	200	1123	227.564	393.206	8.806	1.183	0.471	1.194	226.851	393.012	9.088	223	390	5	14	7	9
0.313	3.403	13	13	3208	246.769	34.167	244.000	205	312	52.615	337.462	7.385	0.394	0.174	0.307	52.621	337.447	7.379	52	337	6	2	2	4
2.314	16.329	96	75	31667	329.865	132.316	294.500	201	744	112.812	306.792	10.708	0.892	0.384	0.800	113.044	307.099	10.884	109	302	7	7	9	8
1.181	9.734	49	45	11911	243.082	39.765	227.000	200	361	335.510	324.510	8.857	0.653	0.262	0.634	335.567	324.517	8.809	332	323	7	7	4	6
0.362	3.580	15	14	3694	246.267	33.118	260.000	200	292	137.267	405.600	8.000	0.364	0.097	0.408	137.291	405.582	7.947	136	405	7	3	3	3
1.350	8.834	56	44	18392	328.429	119.492	299.500	204	651	137.643	410.411	9.232	0.608	0.155	0.601	137.676	410.435	9.238	136	409	7	4	4	5
0.362	3.968	15	13	3678	245.200	33.550	237.000	203	314	321.933	337.933	9.467	0.376	0.100	0.337	321.941	337.928	9.458	321	337	8	3	3	4
0.771	6.154	32	29	10562	330.062	108.797	298.000	203	656	14.969	354.969	10.281	0.494	0.165	0.450	14.948	354.949	10.212	14	354	8	3	3	5
10.364	47.454	430	255	179332	417.051	230.007	341.000	200	1413	195.219	472.393	12.972	1.363	0.434	1.372	195.406	472.219	12.697	189	468	8	13	11	10
0.289	3.333	12	12	3000	250.000	34.887	261.500	201	287	15.667	337.333	10.667	0.357	0.149	0.319	15.644	337.379	10.641	15	336	9	2	3	4
4.555	22.465	189	119	93664	495.577	290.035	399.000	202	1493	116.608	390.598	12.593	1.001	0.288	0.963	116.900	390.521	12.397	112	388	9	9	6	8
0.964	7.724	40	32	11904	297.600	95.734	255.000	201	498	128.150	400.025	10.525	0.553	0.152	0.570	128.229	399.926	10.470	126	398	9	5	6	4
2.651	14.055	110	73	31140	283.091	59.187	272.000	200	414	126.691	290.855	12.300	0.762	0.119	0.742	126.703	290.886	12.320	124	288	10	6	6	6
13.569	52.636	563	292	302490	537.282	321.324	444.000	200	1790	445.931	314.387	17.616	1.602	0.558	1.558	446.000	314.262	17.481	442	308	11	9	15	13
0.289	3.192	12	12	2851	237.583	33.563	231.000	204	292	216.833	331.833	11.583	0.317	0.073	0.323	216.815	331.829	11.576	216	331	11	3	3	2
0.940	7.177	39	34	12032	308.513	90.593	292.000	201	549	104.718	366.872	12.974	0.548	0.181	0.501	104.719	366.903	12.926	103	366	11	4	3	5
1.952	12.114	81	57	36564	451.407	240.855	367.000	202	1211	116.988	408.222	13.568	0.739	0.205	0.712	116.957	408.190	13.475	115	406	11	5	5	6
0.337	3.456	14	14	3546	253.286	28.277	255.000	209	293	214.500	378.500	12.929	0.362	0.126	0.403	214.501	378.490	12.915	213	378	12	4	2	3
0.603	5.255	25	23	7860	314.400	94.566	300.000	201	546	119.240	419.080	14.760	0.457	0.145	0.428	119.268	419.083	14.727	118	418	13	3	3	4
0.265	3.262	11	10	2670	242.727	35.015	233.000	204	321	282.273	441.000	15.091	0.342	0.091	0.340	282.275	441.003	15.085	281	440	14	3	3	3
2.410	13.262	100	74	23814	238.140	26.254	241.000	200	293	305.680	277.960	16.820	0.711	0.142	0.724	305.664	277.984	16.828	303	275	15	7	6	5
1.229	8.587	51	40	19735	386.961	164.963	347.000	201	844	387.627	377.667	18.255	0.613	0.171	0.600	387.638	377.695	18.231	386	376	16	4	4	5
1.060	8.534	44	37	9852	223.909	18.871	219.500	200	265	177.909	353.227	21.432	0.626	0.264	0.623	177.920	353.237	21.430	176	352	18	4	4	7
0.362	4.302	15	15	3385	225.667	21.165	218.000	202	269	379.667	25.000	21.267	0.437	0.205	0.388	379.675	25.005	21.245	379	24	19	2	3	5
0.410	4.162	17	16	4179	245.824	38.653	250.000	201	313	254.824	346.588	20.059	0.400	0.141	0.413	254.804	346.569	20.090	254	346	19	3	3	4
0.795	6.665	33	27	10841	328.515	105.257	296.000	205	581	35.152	475.545	22.152	0.519	0.170	0.508	35.132	475.520	22.116	34	474	20	3	4	5
2.531	18.585	105	86	30414	289.657	83.599	262.000	200	623	186.724	304.686	25.638	1.222	0.545	1.222	186.953	304.503	25.340	183	302	21	9	7	11
0.868	7.053	36	30	10061	279.472	67.863	268.000	201	466	6.083	344.278	24.306	0.541	0.179	0.535	6.078	344.295	24.282	5	343	22	3	4	5
0.337	3.774	14	14	3190	227.857	16.888	225.500	204	264	6.857	389.857	22.786	0.363	0.124	0.370	6.846	389.873	22.771	6	388	22	3	4	3
0.940	7.371	39	33	13719	351.769	123.682	331.000	203	707	8.846	469.103	24.179	0.552	0.171	0.513	8.847	469.120	24.129	7	468	22	4	4	5
0.940	9.293	39	38	9193	235.718	36.186	217.000	201	321	188.231	325.385	26.179	0.722	0.309	0.723	188.175	325.328	26.122	186	324	23	6	5	7
0.771	6.207	32	28	7788	243.375	32.232	235.500	201	324	113.844	303.219	25.812	0.487	0.127	0.469	113.857	303.218	25.813	112	302	24	4	4	4
0.265	2.821	11	11	2440	221.818	15.936	227.000	200	252	375.545	318.545	25.091	0.334	0.126	0.396	375.554	318.568	25.093	375	318	24	2	2	3
0.795	7.000	33	32	7341	222.455	18.349	215.000	203	268	270.212	331.000	27.485	0.643	0.330	0.617	270.194	330.984	27.532	269	330	24	3	3	7
0.723	5.890	30	27	7344	244.800	33.624	241.500	200	316	42.467	351.667	27.233	0.481	0.135	0.491	42.457	351.650	27.207	41	351	26	4	3	4
0.578	5.449	24	21	6324	263.500	60.435	246.000	202	404	34.583	280.000	28.958	0.467	0.155	0.461	34.559	280.027	28.979	33	279	27	4	3	5
3.471	19.135	144	106	42526	295.319	89.994	262.500	200	576	14.764	295.903	30.174	0.879	0.225	0.871	14.681	295.753	30.279	10	293	27	9	7	6
1.542	12.574	64	58	13932	217.688	12.964	216.000	200	249	355.656	286.500	30.312	0.761	0.265	0.780	355.654	286.510	30.321	352	283	28	7	8	5
4.531	22.329	188	146	56929	302.814	70.734	287.000	200	482	4.548	290.707	30.824	0.983	0.318	0.985	4.352	290.777	30.927	0	288	28	11	7	5
0.386	4.496	16	15	3725	232.812	23.875	226.000	206	285	185.938	311.938	30.812	0.438	0.157	0.413	185.940	311.934	30.805	185	311	29	3	3	4
1.157	7.989	48	39	14391	299.812	83.619	270.500	200	512	114.562	421.000	30.708	0.566	0.121	0.572	114.500	420.980	30.812	113	419	29	4	5	4
0.603	5.167	25	23	7085	283.400	67.870	254.000	209	425	387.440	101.360	31.320	0.423	0.096	0.443	387.439	101.327	31.368	386	100	30	4	4	3
0.651	5.802	27	26	6694	247.926	36.555	242.000	202	330	110.852	358.852	31.407	0.443	0.126	0.429	110.849	358.828	31.459	109	357	30	5	4	3
0.386	4.762	16	16	3449	215.562	15.323	208.500	200	246	406.000	2.375	31.938	0.536	0.219	0.514	405.970	2.396	31.942	403	0	31	7	5	2
0.313	3.369	13	13	2938	226.000	20.298	216.000	203	266	407.077	96.462	31.769	0.324	0.096	0.322	407.071	96.471	31.775	406	95	31	3	4	2
0.386	3.827	16	16	3525	220.312	14.646	218.500	201	253	363.375	339.062	31.562	0.362	0.100	0.356	363.367	339.068	31.581	362	338	31	4	3	2
