Volume (cm^3)	Surface (cm^2)	Nb of obj. voxels	Nb of surf. voxels	IntDen	Mean	StdDev	Median	Min	Max	X	Y	Z	Mean dist. to surf. (cm)	SD dist. to surf. (cm)	Median dist. to surf. (cm)	XM	YM	ZM	BX	BY	BZ	B-width	B-height	B-depth
54306.746	40283.430	2253273	342219	70633008	31.347	61.473	12.000	1	3804	208.539	170.882	14.862	40.072	11.447	41.270	226.283	196.269	14.932	0	0	1	450	351	29
0.627	6.719	26	26	30	1.154	0.368	1.000	1	2	219.231	0.231	2.923	0.523	0.227	0.502	219.133	0.200	2.933	216	0	1	7	2	5
0.603	5.133	25	25	28	1.120	0.332	1.000	1	2	38.920	5.480	1.280	0.411	0.126	0.406	38.929	5.500	1.250	37	4	1	5	4	2
0.241	3.316	10	9	10	1.000	0.000	1.000	1	1	215.300	6.300	2.000	0.328	0.098	0.332	215.300	6.300	2.000	214	5	1	4	4	3
0.241	2.664	10	10	10	1.000	0.000	1.000	1	1	391.000	26.000	1.100	0.281	0.099	0.301	391.000	26.000	1.100	390	25	1	3	3	2
0.241	2.664	10	10	10	1.000	0.000	1.000	1	1	102.000	36.000	1.100	0.281	0.099	0.301	102.000	36.000	1.100	101	35	1	3	3	2
0.265	3.245	11	11	11	1.000	0.000	1.000	1	1	53.818	65.182	1.182	0.312	0.109	0.306	53.818	65.182	1.182	52	64	1	4	3	2
0.386	4.375	16	16	16	1.000	0.000	1.000	1	1	43.938	72.312	1.062	0.453	0.200	0.485	43.938	72.312	1.062	41	70	1	6	5	2
20.679	78.652	858	466	7028	8.191	16.595	2.000	1	169	233.015	99.883	19.830	2.792	1.695	2.538	232.934	99.862	24.732	229	95	1	10	10	29
0.337	3.439	14	14	16	1.143	0.535	1.000	1	3	417.000	135.000	1.357	0.318	0.068	0.353	417.000	135.000	1.312	416	134	1	3	3	2
0.578	5.274	24	23	25	1.042	0.204	1.000	1	2	84.792	160.000	1.583	0.438	0.156	0.390	84.800	160.000	1.560	82	159	1	6	3	3
0.337	3.439	14	14	15	1.071	0.267	1.000	1	2	148.000	180.000	1.357	0.318	0.068	0.353	148.000	180.000	1.333	147	179	1	3	3	2
155.839	373.067	6466	2409	76742	11.869	26.577	3.000	1	338	389.431	298.869	18.899	3.832	1.342	3.808	390.573	299.498	23.571	376	285	1	26	29	29
0.241	2.664	10	10	10	1.000	0.000	1.000	1	1	385.000	308.000	1.100	0.281	0.099	0.301	385.000	308.000	1.100	384	307	1	3	3	2
0.241	2.664	10	10	10	1.000	0.000	1.000	1	1	407.000	352.000	1.100	0.281	0.099	0.301	407.000	352.000	1.100	406	351	1	3	3	2
17.449	67.755	724	409	4806	6.638	12.978	2.000	1	122	117.753	397.268	20.126	2.807	1.757	2.454	117.792	397.345	24.954	114	394	1	8	8	29
0.313	3.209	13	13	13	1.000	0.000	1.000	1	1	183.538	0.462	3.846	0.378	0.164	0.374	183.538	0.462	3.846	183	0	2	2	2	4
0.313	3.968	13	13	13	1.000	0.000	1.000	1	1	189.000	1.769	2.923	0.393	0.157	0.395	189.000	1.769	2.923	188	1	2	4	3	3
0.458	4.603	19	18	20	1.053	0.229	1.000	1	2	455.000	126.000	3.000	0.382	0.086	0.390	455.000	126.000	3.000	454	125	2	3	3	3
19.956	81.990	828	474	4235	5.115	8.858	2.000	1	85	480.185	266.298	21.649	2.572	1.556	2.299	480.259	266.760	24.598	474	260	2	11	13	28
20.486	74.862	850	445	6586	7.748	12.947	3.000	1	115	396.367	278.568	20.566	2.660	1.513	2.385	396.451	278.585	24.697	392	275	2	9	9	28
0.675	6.030	28	24	31	1.107	0.315	1.000	1	2	51.536	339.000	3.607	0.500	0.143	0.502	51.516	339.000	3.613	50	338	2	4	3	4
1.711	15.994	71	66	72	1.014	0.119	1.000	1	2	65.690	86.408	8.592	1.013	0.480	0.997	65.639	86.417	8.625	61	84	3	8	6	10
0.578	4.990	24	22	26	1.083	0.282	1.000	1	2	221.000	470.000	4.750	0.421	0.110	0.384	221.000	470.000	4.731	220	469	3	3	3	4
0.458	4.479	19	18	22	1.158	0.375	1.000	1	2	0.474	28.895	5.053	0.403	0.118	0.430	0.455	28.955	5.045	0	27	4	3	4	3
0.675	7.564	28	26	30	1.071	0.262	1.000	1	2	34.786	13.857	6.893	0.549	0.196	0.528	34.800	13.900	6.900	33	11	5	4	6	4
0.265	3.844	11	10	11	1.000	0.000	1.000	1	1	26.273	14.727	6.636	0.429	0.240	0.361	26.273	14.727	6.636	25	14	5	3	3	5
0.265	4.426	11	11	11	1.000	0.000	1.000	1	1	180.545	0.727	7.818	0.464	0.162	0.508	180.545	0.727	7.818	179	0	6	4	4	4
10.677	48.928	443	285	2192	4.948	8.128	2.000	1	70	233.858	91.036	21.993	2.186	1.308	2.040	233.850	90.995	25.359	231	88	6	7	8	24
0.458	4.603	19	18	20	1.053	0.229	1.000	1	2	368.000	255.000	7.000	0.382	0.086	0.390	368.000	255.000	7.000	367	254	6	3	3	3
0.578	4.990	24	22	26	1.083	0.282	1.000	1	2	315.000	404.000	7.750	0.421	0.110	0.384	315.000	404.000	7.731	314	403	6	3	3	4
0.434	5.007	18	18	18	1.000	0.000	1.000	1	1	52.056	73.833	8.222	0.438	0.167	0.442	52.056	73.833	8.222	51	72	7	3	4	4
12.846	52.117	533	312	2553	4.790	6.376	2.000	1	54	50.985	338.904	21.370	2.195	1.147	2.161	50.964	338.939	23.894	48	335	7	7	8	23
0.313	3.456	13	12	14	1.077	0.277	1.000	1	2	208.308	0.692	9.077	0.356	0.099	0.391	208.286	0.714	9.071	207	0	8	3	3	3
0.265	3.333	11	10	11	1.000	0.000	1.000	1	1	177.000	12.000	8.636	0.333	0.079	0.319	177.000	12.000	8.636	176	11	8	3	3	3
0.458	4.603	19	18	20	1.053	0.229	1.000	1	2	95.000	121.000	9.000	0.382	0.086	0.390	95.000	121.000	9.000	94	120	8	3	3	3
9.930	42.844	412	267	1719	4.172	5.691	2.000	1	43	221.056	469.883	22.701	2.064	1.190	1.861	221.040	469.841	25.302	218	467	8	7	7	22
14.605	53.334	606	322	6010	9.917	18.083	3.000	1	140	456.460	140.058	22.561	2.059	1.002	1.913	456.477	140.089	25.949	453	136	9	8	9	21
15.063	59.139	625	343	4983	7.973	15.658	2.000	1	116	457.178	75.944	22.877	2.011	0.986	1.884	456.936	75.744	26.434	453	72	10	10	9	20
0.337	3.456	14	14	14	1.000	0.000	1.000	1	1	240.000	117.500	11.500	0.346	0.118	0.340	240.000	117.500	11.500	239	117	10	3	2	4
11.062	47.430	459	278	2212	4.819	6.334	2.000	1	53	402.033	322.100	22.207	2.079	1.058	2.037	402.062	322.072	24.689	399	319	10	7	8	20
10.990	43.726	456	269	2641	5.792	8.046	2.000	1	63	397.846	354.636	23.572	1.832	0.969	1.627	397.880	354.719	25.686	395	351	10	7	8	20
0.265	4.038	11	10	11	1.000	0.000	1.000	1	1	49.455	96.182	12.455	0.419	0.172	0.414	49.455	96.182	12.455	48	95	11	4	3	4
0.362	3.844	15	14	15	1.000	0.000	1.000	1	1	461.667	141.333	12.733	0.398	0.154	0.408	461.667	141.333	12.733	461	140	11	3	3	4
10.026	43.763	416	247	2093	5.031	7.475	2.000	1	64	94.978	121.200	23.055	1.856	0.910	1.728	94.965	121.089	25.277	92	118	12	7	8	18
0.265	3.914	11	11	11	1.000	0.000	1.000	1	1	409.182	130.818	13.182	0.405	0.189	0.465	409.182	130.818	13.182	408	130	12	3	3	4
0.265	3.192	11	10	12	1.091	0.302	1.000	1	2	112.364	173.000	13.000	0.326	0.086	0.317	112.333	173.000	13.000	111	172	12	3	3	3
13.424	56.901	557	328	2587	4.645	7.119	2.000	1	58	457.627	172.443	23.899	1.786	0.791	1.732	458.184	172.813	25.709	451	167	12	12	10	18
0.458	5.432	19	17	19	1.000	0.000	1.000	1	1	225.105	204.684	13.105	0.426	0.144	0.439	225.105	204.684	13.105	223	203	12	5	5	3
18.124	61.749	752	385	4507	5.993	9.395	2.000	1	79	378.342	253.842	22.698	2.015	0.861	1.942	378.385	253.882	25.789	375	249	12	9	11	18
1.446	12.783	60	48	108	1.800	1.132	1.000	1	6	257.950	398.000	20.783	0.926	0.685	0.696	257.972	398.000	21.139	256	396	12	5	5	13
0.313	3.456	13	12	13	1.000	0.000	1.000	1	1	363.692	432.308	13.077	0.356	0.099	0.391	363.692	432.308	13.077	363	431	12	3	3	3
8.170	39.814	339	212	1197	3.531	4.591	2.000	1	37	323.720	438.027	23.080	1.869	1.028	1.664	323.767	438.050	25.199	321	435	12	7	7	18
0.458	4.603	19	18	20	1.053	0.229	1.000	1	2	346.000	443.000	13.000	0.382	0.086	0.390	346.000	443.000	13.000	345	442	12	3	3	3
0.265	3.192	11	10	12	1.091	0.302	1.000	1	2	186.636	133.000	14.000	0.326	0.086	0.317	186.667	133.000	14.000	186	132	13	3	3	3
0.844	6.525	35	31	46	1.314	0.530	1.000	1	3	201.371	174.114	14.371	0.509	0.137	0.483	201.348	174.087	14.304	200	173	13	4	3	4
6.266	40.614	260	205	691	2.658	3.648	1.000	1	22	171.215	184.508	25.212	1.694	0.943	1.588	171.349	185.001	27.039	167	174	13	9	16	17
0.578	5.502	24	21	28	1.167	0.482	1.000	1	3	451.917	246.750	14.125	0.436	0.111	0.439	451.929	246.786	14.107	451	245	13	3	4	4
0.771	5.766	32	30	40	1.250	0.508	1.000	1	3	481.000	262.000	14.312	0.486	0.145	0.442	481.000	262.000	14.450	480	261	13	3	3	4
6.917	33.113	287	199	1897	6.610	10.101	2.000	1	65	394.059	345.021	23.920	1.693	0.923	1.551	394.039	345.025	26.410	391	342	13	7	7	17
6.917	34.046	287	187	738	2.571	2.307	2.000	1	15	413.742	354.941	23.000	1.697	0.876	1.619	413.714	354.917	24.318	411	352	13	6	6	17
0.458	4.603	19	18	20	1.053	0.229	1.000	1	2	492.000	412.000	14.000	0.382	0.086	0.390	492.000	412.000	14.000	491	411	13	3	3	3
0.771	8.798	32	29	32	1.000	0.000	1.000	1	1	202.031	3.188	17.188	0.777	0.428	0.708	202.031	3.188	17.188	200	2	14	5	3	9
0.699	5.378	29	26	33	1.138	0.441	1.000	1	3	480.000	400.000	16.000	0.456	0.136	0.462	480.000	400.000	16.000	479	399	14	3	3	5
6.122	32.267	254	177	728	2.866	3.700	2.000	1	24	302.697	428.555	23.929	1.637	0.815	1.691	302.644	428.533	26.162	300	426	14	7	7	16
15.208	78.455	631	443	1953	3.095	4.768	1.000	1	35	397.959	444.575	25.105	1.821	0.747	1.719	397.742	443.212	26.175	390	440	14	15	14	16
5.953	27.788	247	167	1051	4.255	4.549	3.000	1	28	509.308	9.899	24.935	1.308	0.590	1.270	509.597	9.969	26.260	506	7	15	6	7	15
6.531	32.514	271	183	956	3.528	4.929	2.000	1	30	260.439	361.443	24.672	1.521	0.773	1.480	260.389	361.403	26.919	257	358	15	8	7	15
9.375	40.360	389	228	1126	2.895	2.894	2.000	1	17	211.823	364.144	23.833	1.564	0.647	1.494	211.841	364.379	25.343	208	360	15	8	9	15
11.858	49.567	492	308	2523	5.128	8.284	2.000	1	56	409.799	378.774	24.898	1.666	0.708	1.618	410.937	378.832	26.591	403	375	15	13	9	15
6.700	31.685	278	180	980	3.525	4.135	2.000	1	30	306.237	114.982	23.924	1.478	0.638	1.518	306.135	114.948	25.177	303	112	16	7	6	14
7.230	33.942	300	188	1466	4.887	7.596	2.000	1	61	314.990	403.877	24.290	1.513	0.679	1.548	314.940	403.892	26.295	312	401	16	7	7	14
8.556	35.793	355	209	1623	4.572	5.468	2.000	1	35	363.518	432.704	24.594	1.491	0.612	1.525	363.563	432.744	26.173	360	429	16	8	8	14
0.916	7.317	38	34	40	1.053	0.226	1.000	1	2	181.000	158.000	19.921	0.554	0.219	0.503	181.000	158.000	19.950	180	157	17	3	3	6
3.977	23.840	165	123	295	1.788	1.521	1.000	1	10	239.091	195.133	24.394	1.404	0.616	1.496	239.108	195.041	25.597	237	193	17	6	5	13
4.965	27.667	206	152	432	2.097	2.116	1.000	1	14	395.519	237.398	24.539	1.419	0.683	1.465	395.602	237.502	26.137	393	234	17	6	8	13
3.374	20.083	140	114	291	2.079	1.726	1.000	1	10	208.993	106.029	24.729	1.354	0.635	1.392	209.031	106.086	25.729	207	104	18	5	5	12
0.386	5.061	16	15	16	1.000	0.000	1.000	1	1	56.750	110.062	20.562	0.585	0.291	0.635	56.750	110.062	20.562	56	109	18	3	4	6
7.086	31.545	294	182	1139	3.874	5.164	2.000	1	31	455.133	125.585	24.980	1.368	0.527	1.355	455.170	125.593	26.753	452	123	18	8	7	12
6.266	29.710	260	165	1131	4.350	5.614	2.000	1	40	201.119	173.808	24.788	1.348	0.545	1.394	201.111	173.933	26.191	198	170	18	7	8	12
2.820	19.521	117	97	167	1.427	0.844	1.000	1	6	416.846	238.615	25.068	1.337	0.570	1.537	416.832	238.611	25.784	415	236	18	5	6	12
4.097	23.646	170	131	527	3.100	4.470	1.000	1	30	347.900	303.982	25.329	1.296	0.642	1.303	347.922	304.030	27.245	345	301	18	6	7	12
4.868	25.267	202	136	456	2.257	1.821	1.500	1	11	429.228	366.837	24.703	1.282	0.521	1.375	429.195	366.853	25.235	427	364	18	6	6	12
0.627	6.859	26	23	27	1.038	0.196	1.000	1	2	209.423	410.654	21.115	0.598	0.296	0.529	209.407	410.667	21.148	208	409	18	4	4	6
3.302	21.018	137	102	379	2.766	3.085	2.000	1	20	493.949	14.080	25.263	1.221	0.521	1.240	493.923	14.040	26.586	492	12	19	5	5	11
6.122	27.807	254	160	1379	5.429	7.605	3.000	1	51	239.902	117.268	25.287	1.257	0.462	1.309	239.951	117.233	26.810	237	114	19	7	7	11
3.880	23.595	161	126	318	1.975	1.933	1.000	1	13	245.273	139.255	25.913	1.234	0.589	1.218	245.267	139.195	26.987	242	137	19	7	7	11
0.603	5.378	25	23	26	1.040	0.200	1.000	1	2	146.000	158.000	20.360	0.449	0.168	0.379	146.000	158.000	20.346	145	157	19	3	3	5
4.386	23.823	182	128	385	2.115	1.881	1.000	1	12	225.049	157.451	25.423	1.192	0.478	1.186	225.078	157.377	26.314	223	154	19	6	7	11
5.109	23.803	212	136	533	2.514	1.973	2.000	1	11	451.844	246.948	24.910	1.206	0.455	1.252	451.848	246.989	25.122	449	245	19	7	5	11
5.929	27.895	246	155	748	3.041	3.793	1.000	1	26	368.016	255.297	25.435	1.218	0.444	1.205	368.029	255.183	26.799	365	252	19	7	7	11
5.712	26.484	237	151	745	3.143	3.793	2.000	1	26	10.759	398.207	25.232	1.197	0.433	1.231	10.572	398.225	26.523	8	396	19	7	6	11
5.977	28.125	248	161	785	3.165	3.253	2.000	1	21	334.052	468.452	25.343	1.235	0.480	1.210	334.015	468.439	26.433	331	465	19	7	8	11
3.205	18.956	133	104	410	3.083	4.068	1.000	1	26	247.805	71.233	26.368	1.027	0.482	0.946	247.885	71.212	27.659	245	69	20	6	6	10
0.362	3.968	15	14	16	1.067	0.258	1.000	1	2	107.267	81.000	21.000	0.368	0.095	0.396	107.250	81.000	21.000	106	80	20	3	3	3
3.953	27.916	164	141	261	1.591	1.061	1.000	1	7	104.055	82.872	26.530	1.301	0.496	1.229	104.299	82.705	27.077	100	79	20	12	8	10
1.422	11.850	59	50	96	1.627	0.981	1.000	1	5	247.390	167.932	26.610	0.881	0.515	0.767	247.406	167.948	27.198	245	166	20	5	4	10
3.350	19.521	139	109	293	2.108	2.232	1.000	1	14	309.856	171.029	26.079	1.087	0.452	1.159	309.805	171.031	27.133	307	169	20	7	5	10
1.422	12.291	59	53	69	1.169	0.422	1.000	1	3	232.288	177.983	26.102	0.888	0.523	0.802	232.246	178.029	26.290	231	176	20	4	6	10
3.977	21.266	165	124	474	2.873	3.447	1.000	1	22	178.897	187.194	25.776	1.123	0.455	1.120	178.935	187.110	27.249	177	184	20	6	7	10
0.289	3.914	12	11	12	1.000	0.000	1.000	1	1	441.083	186.167	21.583	0.413	0.169	0.325	441.083	186.167	21.583	440	185	20	3	3	4
2.362	17.492	98	78	136	1.388	0.727	1.000	1	5	465.857	223.235	24.622	1.263	0.463	1.376	465.882	223.191	24.257	464	221	20	5	5	10
3.567	22.996	148	112	391	2.642	3.066	1.000	1	17	423.331	243.912	26.345	1.132	0.490	1.113	423.448	243.777	27.565	419	241	20	8	8	10
3.832	21.690	159	117	417	2.623	2.643	2.000	1	17	356.522	264.862	26.031	1.130	0.515	1.053	356.619	264.887	27.170	354	262	20	6	7	10
3.760	21.035	156	114	288	1.846	1.266	1.000	1	8	440.731	284.045	25.244	1.143	0.467	1.189	440.753	284.056	25.705	439	282	20	5	5	10
2.193	15.994	91	80	157	1.725	1.136	1.000	1	7	460.978	290.901	25.736	1.139	0.477	1.129	461.000	290.911	25.796	459	289	20	5	5	10
0.386	4.496	16	14	16	1.000	0.000	1.000	1	1	499.000	301.000	21.125	0.421	0.135	0.422	499.000	301.000	21.125	498	300	20	3	3	4
0.603	5.378	25	23	27	1.080	0.277	1.000	1	2	493.000	342.000	21.360	0.449	0.168	0.379	493.000	342.000	21.370	492	341	20	3	3	5
4.411	20.471	183	118	764	4.175	4.292	2.000	1	18	24.459	345.044	25.852	1.043	0.347	1.011	24.440	345.017	26.493	22	343	20	6	5	10
1.398	12.819	58	54	70	1.207	0.554	1.000	1	4	43.793	363.741	26.155	1.044	0.500	1.119	43.829	363.671	26.614	42	361	20	5	5	10
9.496	43.222	394	271	1648	4.183	5.705	2.000	1	38	199.041	2.079	26.541	1.419	0.513	1.397	200.817	2.565	27.502	189	0	21	18	7	9
0.578	5.766	24	22	25	1.042	0.204	1.000	1	2	287.000	119.000	22.417	0.470	0.150	0.387	287.000	119.000	22.400	286	118	21	3	3	4
2.699	15.642	112	83	428	3.821	4.627	2.000	1	27	186.500	133.009	27.500	0.812	0.305	0.738	186.364	133.009	28.150	183	130	21	7	7	9
0.578	4.990	24	22	25	1.042	0.204	1.000	1	2	216.000	140.000	22.250	0.421	0.110	0.384	216.000	140.000	22.240	215	139	21	3	3	4
2.314	15.235	96	76	156	1.625	1.172	1.000	1	6	456.740	151.667	26.667	0.893	0.372	0.859	456.750	151.782	27.340	454	150	21	6	5	9
2.868	19.186	119	96	183	1.538	0.919	1.000	1	5	124.622	169.882	25.328	1.073	0.420	1.125	124.699	169.831	25.929	122	168	21	6	6	9
2.820	18.481	117	97	401	3.427	4.632	1.000	1	29	337.239	343.436	25.940	1.145	0.487	1.216	337.703	343.165	27.529	334	341	21	7	6	9
2.025	15.184	84	72	167	1.988	1.859	1.000	1	10	338.679	351.000	26.417	1.047	0.420	1.074	338.653	350.988	27.413	336	349	21	6	5	9
2.796	16.840	116	96	180	1.552	1.041	1.000	1	6	480.379	399.871	26.095	1.030	0.450	1.016	480.339	399.872	26.789	478	398	21	6	5	9
1.133	8.464	47	38	85	1.809	0.970	2.000	1	5	509.915	405.000	23.234	0.604	0.175	0.580	509.953	405.000	23.259	508	403	21	4	5	5
2.796	19.804	116	101	215	1.853	1.908	1.000	1	12	491.302	412.224	26.802	1.080	0.449	1.023	491.628	412.126	27.595	486	410	21	9	7	9
2.410	15.199	100	82	152	1.520	0.835	1.000	1	5	299.140	480.960	25.870	1.002	0.443	0.991	299.158	480.928	26.230	297	479	21	5	5	9
0.289	3.597	12	12	12	1.000	0.000	1.000	1	1	128.917	64.667	23.083	0.386	0.176	0.413	128.917	64.667	23.083	128	64	22	3	2	4
0.578	4.990	24	22	26	1.083	0.282	1.000	1	2	332.000	297.000	23.750	0.421	0.110	0.384	332.000	297.000	23.731	331	296	22	3	3	4
0.458	4.603	19	18	20	1.053	0.229	1.000	1	2	411.000	423.000	23.000	0.382	0.086	0.390	411.000	423.000	23.000	410	422	22	3	3	3
1.518	11.639	63	56	122	1.937	1.857	1.000	1	10	140.397	138.841	27.508	0.722	0.304	0.667	140.254	138.959	28.115	138	137	23	5	5	7
2.964	15.201	123	88	696	5.659	7.416	2.000	1	40	181.431	41.089	27.276	0.804	0.170	0.780	181.364	41.007	28.013	179	38	24	6	7	6
1.398	11.146	58	54	87	1.500	1.080	1.000	1	6	58.983	100.638	27.224	0.774	0.272	0.810	58.989	100.598	27.701	57	98	24	5	6	6
1.157	9.469	48	42	52	1.083	0.347	1.000	1	3	506.708	152.604	27.146	0.669	0.243	0.720	506.712	152.577	27.212	505	150	24	5	5	6
2.989	15.235	124	88	420	3.387	3.447	2.000	1	17	181.411	158.081	26.903	0.836	0.206	0.854	181.381	158.098	27.495	179	156	24	6	5	6
1.133	8.641	47	41	73	1.553	0.829	1.000	1	4	309.511	433.255	27.553	0.623	0.231	0.621	309.521	433.219	27.877	308	432	24	4	4	6
1.663	11.093	69	57	134	1.942	1.514	1.000	1	8	345.913	443.870	27.913	0.648	0.196	0.630	345.873	443.828	28.201	343	441	24	6	6	6
0.554	5.395	23	21	23	1.000	0.000	1.000	1	1	405.130	456.870	25.435	0.485	0.157	0.561	405.130	456.870	25.435	404	456	24	3	3	4
1.012	8.623	42	40	46	1.095	0.370	1.000	1	3	214.452	26.000	27.143	0.662	0.235	0.755	214.478	26.000	27.283	213	24	25	5	5	5
0.337	3.509	14	13	14	1.000	0.000	1.000	1	1	60.214	62.714	25.857	0.349	0.086	0.355	60.214	62.714	25.857	59	62	25	3	3	3
1.976	13.510	82	72	98	1.195	0.456	1.000	1	3	158.415	158.756	28.049	0.692	0.211	0.694	158.439	158.755	28.082	156	155	25	7	8	5
1.060	8.817	44	41	66	1.500	0.876	1.000	1	5	440.727	186.114	27.614	0.616	0.236	0.634	440.818	186.076	27.985	439	184	25	5	5	5
0.844	7.354	35	32	43	1.229	0.490	1.000	1	3	218.657	326.743	27.857	0.551	0.211	0.522	218.674	326.744	28.023	217	325	25	5	4	5
1.639	10.846	68	59	116	1.706	1.147	1.000	1	6	213.485	342.500	27.603	0.666	0.198	0.671	213.552	342.595	27.957	212	340	25	5	6	5
1.687	10.722	70	55	110	1.571	0.910	1.000	1	5	208.886	410.471	27.671	0.646	0.144	0.643	208.845	410.500	27.836	207	408	25	5	6	5
0.771	6.260	32	30	40	1.250	0.622	1.000	1	4	462.000	18.000	28.062	0.465	0.130	0.483	462.000	18.000	28.225	460	16	26	5	5	4
0.675	4.990	28	27	39	1.393	0.567	1.000	1	3	206.036	19.964	27.929	0.442	0.124	0.444	206.026	19.974	28.103	205	19	26	3	3	4
2.000	11.163	83	64	270	3.253	3.378	2.000	1	17	189.482	47.880	27.783	0.671	0.113	0.669	189.474	47.937	28.185	187	46	26	6	5	4
2.266	12.363	94	72	420	4.468	5.165	2.000	1	27	56.234	109.191	27.798	0.703	0.125	0.703	56.286	109.052	28.221	54	107	26	6	7	4
0.241	2.945	10	10	10	1.000	0.000	1.000	1	1	71.600	107.100	27.300	0.312	0.105	0.303	71.600	107.100	27.300	71	106	26	2	3	3
1.157	8.800	48	42	96	2.000	1.584	1.000	1	8	146.000	158.000	28.042	0.563	0.138	0.525	146.000	158.000	28.333	144	156	26	5	5	4
0.795	5.996	33	31	41	1.242	0.502	1.000	1	3	399.212	271.788	28.091	0.474	0.137	0.471	399.195	271.805	28.244	398	270	26	4	4	4
1.253	9.312	52	45	95	1.827	1.324	1.000	1	7	498.827	300.942	27.942	0.582	0.140	0.557	498.905	300.968	28.232	497	299	26	5	5	4
1.133	8.272	47	42	91	1.936	1.451	1.000	1	7	39.277	323.021	28.298	0.536	0.131	0.542	39.242	323.066	28.527	37	321	26	5	6	4
1.591	9.382	66	52	166	2.515	2.200	2.000	1	11	257.909	397.970	27.833	0.617	0.102	0.588	257.976	397.964	28.199	256	396	26	5	5	4
1.036	8.025	43	40	60	1.395	0.903	1.000	1	5	125.256	436.047	28.093	0.548	0.171	0.530	125.250	436.033	28.317	123	434	26	5	5	4
0.434	4.726	18	18	19	1.056	0.236	1.000	1	2	473.833	25.778	28.333	0.385	0.136	0.361	473.842	25.789	28.368	473	24	27	3	4	3
0.554	4.603	23	22	25	1.087	0.288	1.000	1	2	258.000	63.000	28.174	0.403	0.092	0.407	258.000	63.000	28.200	257	62	27	3	3	3
1.759	12.382	73	67	148	2.027	1.922	1.000	1	11	127.671	65.863	28.411	0.731	0.259	0.734	128.020	65.655	28.595	123	63	27	9	8	3
0.675	5.873	28	26	36	1.286	0.659	1.000	1	4	167.036	72.821	28.286	0.441	0.107	0.426	167.028	72.861	28.417	165	71	27	5	5	3
0.506	4.726	21	20	22	1.048	0.218	1.000	1	2	169.048	81.000	28.286	0.407	0.106	0.377	169.045	81.000	28.318	167	80	27	4	3	3
1.253	8.643	52	48	108	2.077	1.770	1.000	1	8	250.231	110.519	28.327	0.543	0.126	0.541	250.111	110.509	28.565	248	108	27	5	6	3
0.844	6.861	35	33	67	1.914	1.292	1.000	1	6	286.914	119.000	28.486	0.470	0.124	0.512	286.851	119.000	28.597	285	117	27	5	5	3
1.060	7.673	44	42	83	1.886	1.333	1.000	1	6	81.000	122.500	28.455	0.511	0.136	0.496	81.000	122.518	28.602	79	120	27	5	6	3
0.771	5.555	32	30	43	1.344	0.602	1.000	1	3	204.500	154.000	28.125	0.453	0.092	0.451	204.558	153.953	28.186	203	153	27	4	3	3
1.085	7.814	45	41	87	1.933	1.498	1.000	1	7	169.844	162.800	28.422	0.515	0.124	0.548	169.920	162.690	28.598	168	160	27	5	6	3
0.458	4.603	19	18	20	1.053	0.229	1.000	1	2	470.000	205.000	28.211	0.412	0.102	0.432	470.000	205.000	28.250	469	204	27	3	3	3
0.988	7.336	41	36	55	1.341	0.575	1.000	1	3	469.098	211.341	28.000	0.509	0.091	0.502	469.073	211.364	28.127	467	210	27	5	4	3
0.675	5.785	28	27	41	1.464	0.744	1.000	1	4	474.000	217.714	28.571	0.421	0.111	0.438	474.024	217.732	28.659	472	216	27	5	5	3
1.085	7.637	45	40	128	2.844	2.738	1.000	1	13	414.000	261.911	28.267	0.516	0.100	0.546	414.000	261.953	28.531	412	260	27	5	5	3
0.434	4.338	18	17	18	1.000	0.000	1.000	1	1	464.222	273.056	28.444	0.379	0.102	0.350	464.222	273.056	28.444	463	272	27	4	3	3
0.651	5.996	27	25	31	1.148	0.456	1.000	1	3	349.556	323.889	28.296	0.453	0.122	0.453	349.581	323.871	28.387	348	322	27	5	5	3
0.844	6.861	35	33	47	1.343	0.802	1.000	1	4	376.000	342.143	28.486	0.472	0.127	0.499	376.000	342.106	28.596	374	340	27	5	5	3
0.675	5.167	28	26	31	1.107	0.416	1.000	1	3	120.000	461.393	28.214	0.440	0.095	0.434	120.000	461.419	28.290	119	460	27	3	4	3
0.241	2.664	10	10	10	1.000	0.000	1.000	1	1	358.000	32.000	28.900	0.281	0.099	0.301	358.000	32.000	28.900	357	31	28	3	3	2
0.241	2.664	10	10	10	1.000	0.000	1.000	1	1	381.000	69.000	28.900	0.281	0.099	0.301	381.000	69.000	28.900	380	68	28	3	3	2
0.289	3.175	12	12	12	1.000	0.000	1.000	1	1	96.250	79.000	28.833	0.310	0.097	0.317	96.250	79.000	28.833	95	78	28	4	3	2
0.530	4.709	22	22	28	1.273	0.550	1.000	1	3	300.000	129.000	28.591	0.375	0.096	0.386	300.000	129.000	28.679	298	127	28	5	5	2
0.337	3.439	14	14	15	1.071	0.267	1.000	1	2	233.000	135.000	28.643	0.318	0.068	0.353	233.000	135.000	28.667	232	134	28	3	3	2
0.723	5.698	30	30	52	1.733	1.081	1.000	1	6	216.000	140.000	28.700	0.427	0.121	0.445	216.000	140.000	28.731	214	138	28	5	5	2
0.289	3.175	12	12	12	1.000	0.000	1.000	1	1	434.000	146.250	28.833	0.310	0.097	0.317	434.000	146.250	28.833	433	145	28	3	4	2
0.434	4.057	18	18	19	1.056	0.236	1.000	1	2	134.667	161.500	28.778	0.358	0.101	0.367	134.684	161.474	28.789	133	160	28	4	4	2
0.434	4.709	18	18	20	1.111	0.471	1.000	1	3	440.000	238.000	28.722	0.360	0.106	0.368	440.000	238.000	28.750	438	236	28	5	5	2
0.241	2.664	10	10	10	1.000	0.000	1.000	1	1	2.000	240.000	28.900	0.281	0.099	0.301	2.000	240.000	28.900	1	239	28	3	3	2
0.603	5.204	25	25	32	1.280	0.542	1.000	1	3	468.680	277.800	28.680	0.403	0.116	0.407	468.688	277.812	28.719	467	276	28	5	5	2
0.337	3.439	14	14	15	1.071	0.267	1.000	1	2	422.000	301.000	28.643	0.318	0.068	0.353	422.000	301.000	28.667	421	300	28	3	3	2
0.530	4.709	22	22	28	1.273	0.550	1.000	1	3	18.000	340.000	28.591	0.375	0.096	0.386	18.000	340.000	28.679	16	338	28	5	5	2
0.603	5.080	25	25	32	1.280	0.542	1.000	1	3	493.200	341.920	28.640	0.396	0.107	0.393	493.156	341.938	28.688	491	340	28	5	5	2
0.241	2.664	10	10	10	1.000	0.000	1.000	1	1	337.000	381.000	28.900	0.281	0.099	0.301	337.000	381.000	28.900	336	380	28	3	3	2
0.337	3.509	14	14	14	1.000	0.000	1.000	1	1	271.929	403.357	28.571	0.323	0.070	0.330	271.929	403.357	28.571	271	402	28	3	4	2
0.458	4.321	19	19	20	1.053	0.229	1.000	1	2	509.316	404.316	28.684	0.360	0.092	0.359	509.300	404.300	28.700	508	403	28	4	4	2
0.337	3.439	14	14	15	1.071	0.267	1.000	1	2	454.000	446.000	28.643	0.318	0.068	0.353	454.000	446.000	28.667	453	445	28	3	3	2
0.434	3.757	18	18	22	1.222	0.428	1.000	1	2	418.056	448.056	28.556	0.347	0.079	0.341	418.000	448.045	28.636	417	447	28	4	3	2
0.241	2.664	10	10	10	1.000	0.000	1.000	1	1	419.000	483.000	28.900	0.281	0.099	0.301	419.000	483.000	28.900	418	482	28	3	3	2
0.386	3.810	16	16	17	1.062	0.250	1.000	1	2	243.438	489.000	28.750	0.346	0.098	0.347	243.412	489.000	28.765	242	488	28	4	3	2
