Volume (micron^3)	Surface (micron^2)	Nb of obj. voxels	Nb of surf. voxels	IntDen	Mean	StdDev	Median	Min	Max	X	Y	Z	Mean dist. to surf. (micron)	SD dist. to surf. (micron)	Median dist. to surf. (micron)	XM	YM	ZM	BX	BY	BZ	B-width	B-height	B-depth
0.892	6.878	37	35	13076	353.405	119.819	339.000	200	690	16.514	1.568	1.676	0.484	0.131	0.475	16.402	1.443	1.566	15	0	1	5	5	3
0.169	2.416	7	7	1500	214.286	10.499	215.000	201	232	227.286	2.286	1.000	0.344	0.188	0.366	227.277	2.303	1.000	226	0	1	3	5	1
0.795	6.280	33	33	9560	289.697	62.318	262.000	203	397	245.515	1.061	1.364	0.468	0.165	0.459	245.553	1.023	1.310	243	0	1	7	4	2
1.109	8.148	46	42	15021	326.543	107.687	296.000	200	651	353.652	1.957	1.674	0.528	0.135	0.545	353.619	2.025	1.569	351	0	1	6	5	3
0.048	0.829	2	2	419	209.500	12.021	209.500	201	218	426.500	0.000	1.000	0.124	0.000	0.124	426.480	0.000	1.000	426	0	1	2	1	1
0.121	1.728	5	5	1296	259.200	62.910	232.000	201	344	431.800	0.000	1.400	0.260	0.067	0.253	431.772	0.000	1.334	431	0	1	3	1	2
0.024	0.511	1	1	202	202.000	0.000	202.000	202	202	152.000	2.000	1.000	0.000	0.000	0.000	152.000	2.000	1.000	152	2	1	1	1	1
0.386	3.633	16	16	4729	295.562	81.738	290.500	201	479	174.062	3.688	1.438	0.334	0.072	0.344	174.066	3.696	1.364	173	2	1	3	4	2
0.747	5.962	31	31	9298	299.935	90.002	290.000	203	505	186.935	5.000	1.355	0.445	0.144	0.423	187.043	5.084	1.316	184	3	1	6	5	2
0.193	2.610	8	8	2084	260.500	53.208	258.000	200	325	38.375	6.250	1.125	0.280	0.109	0.288	38.380	6.288	1.102	37	5	1	4	3	2
0.458	4.338	19	18	7221	380.053	126.262	352.000	249	693	92.000	6.737	1.579	0.379	0.097	0.352	92.009	6.713	1.491	91	5	1	3	4	3
0.217	2.470	9	9	2067	229.667	27.550	217.000	200	277	155.444	5.889	1.000	0.301	0.123	0.297	155.433	5.881	1.000	154	5	1	4	3	1
0.217	2.540	9	9	2279	253.222	41.808	245.000	206	316	225.889	8.111	1.111	0.272	0.095	0.281	225.838	8.110	1.090	225	7	1	3	3	2
0.096	1.270	4	4	847	211.750	10.436	210.000	202	225	5.500	8.500	1.000	0.176	0.000	0.176	5.508	8.519	1.000	5	8	1	2	2	1
0.072	1.146	3	3	698	232.667	38.136	222.000	201	275	331.667	8.333	1.000	0.163	0.039	0.185	331.712	8.318	1.000	331	8	1	2	2	1
0.482	4.198	20	20	7084	354.200	130.514	309.500	206	608	216.350	10.350	1.400	0.363	0.086	0.392	216.379	10.380	1.346	215	9	1	4	4	2
1.350	10.902	56	54	17187	306.911	94.749	276.000	201	557	418.232	13.929	1.357	0.679	0.317	0.624	418.121	14.206	1.324	415	9	1	8	9	3
0.024	0.511	1	1	220	220.000	0.000	220.000	220	220	219.000	14.000	1.000	0.000	0.000	0.000	219.000	14.000	1.000	219	14	1	1	1	1
3.422	18.524	142	127	47987	337.937	112.560	304.500	201	671	228.845	18.507	1.599	0.832	0.269	0.851	229.131	18.529	1.538	223	14	1	11	11	3
0.024	0.511	1	1	215	215.000	0.000	215.000	215	215	308.000	15.000	1.000	0.000	0.000	0.000	308.000	15.000	1.000	308	15	1	1	1	1
0.024	0.511	1	1	231	231.000	0.000	231.000	231	231	212.000	18.000	1.000	0.000	0.000	0.000	212.000	18.000	1.000	212	18	1	1	1	1
1.350	9.207	56	50	20515	366.339	140.869	337.500	202	748	4.857	22.196	1.607	0.576	0.158	0.583	4.952	22.291	1.506	1	20	1	8	5	3
0.048	0.829	2	2	524	262.000	15.556	262.000	251	273	171.500	20.000	1.000	0.124	0.000	0.124	171.479	20.000	1.000	171	20	1	2	1	1
0.289	3.369	12	12	2964	247.000	37.241	243.500	202	314	214.167	22.083	1.167	0.322	0.118	0.322	214.180	22.091	1.142	212	21	1	5	3	2
4.194	19.348	174	123	127843	734.730	497.094	563.500	200	2114	26.741	25.787	2.287	0.888	0.190	0.875	26.701	25.744	1.951	23	22	1	9	8	5
0.530	5.521	22	22	5493	249.682	39.005	245.500	201	327	202.636	24.500	1.182	0.428	0.147	0.421	202.621	24.511	1.155	201	22	1	4	6	2
0.362	3.563	15	15	4191	279.400	66.248	269.000	201	406	417.400	23.267	1.333	0.334	0.085	0.351	417.377	23.293	1.296	416	22	1	4	3	2
3.181	19.651	132	118	48321	366.068	140.559	319.000	201	837	411.053	33.068	1.591	1.033	0.474	1.044	410.966	33.598	1.503	408	25	1	7	15	3
0.096	1.411	4	4	1025	256.250	60.917	253.500	200	318	0.000	26.500	1.500	0.231	0.000	0.231	0.000	26.513	1.398	0	26	1	1	2	2
1.591	11.146	66	58	19939	302.106	84.339	275.500	200	569	123.576	29.455	1.727	0.685	0.231	0.711	123.517	29.335	1.670	122	26	1	5	8	3
0.024	0.511	1	1	203	203.000	0.000	203.000	203	203	328.000	26.000	1.000	0.000	0.000	0.000	328.000	26.000	1.000	328	26	1	1	1	1
0.024	0.511	1	1	216	216.000	0.000	216.000	216	216	371.000	27.000	1.000	0.000	0.000	0.000	371.000	27.000	1.000	371	27	1	1	1	1
0.024	0.511	1	1	225	225.000	0.000	225.000	225	225	353.000	30.000	1.000	0.000	0.000	0.000	353.000	30.000	1.000	353	30	1	1	1	1
0.096	1.270	4	4	994	248.500	22.576	249.500	220	275	18.500	31.500	1.000	0.176	0.000	0.176	18.530	31.525	1.000	18	31	1	2	2	1
0.386	3.757	16	16	4383	273.938	56.749	266.000	206	401	130.938	32.938	1.375	0.337	0.082	0.349	130.943	32.909	1.323	129	32	1	4	3	2
0.145	2.169	6	6	1503	250.500	45.218	242.500	205	331	170.000	33.000	1.167	0.236	0.088	0.257	169.985	32.983	1.136	169	32	1	3	3	2
0.458	4.321	19	19	5699	299.947	79.924	272.000	200	492	162.684	34.316	1.316	0.360	0.092	0.359	162.732	34.298	1.300	161	33	1	4	4	2
0.024	0.511	1	1	205	205.000	0.000	205.000	205	205	203.000	35.000	1.000	0.000	0.000	0.000	203.000	35.000	1.000	203	35	1	1	1	1
0.434	4.198	18	18	4879	271.056	64.228	244.500	200	412	372.778	36.333	1.333	0.355	0.092	0.362	372.755	36.338	1.290	371	35	1	4	4	2
0.048	0.829	2	2	429	214.500	4.950	214.500	211	218	343.500	36.000	1.000	0.124	0.000	0.124	343.492	36.000	1.000	343	36	1	2	1	1
0.578	5.027	24	23	9051	377.125	149.311	358.500	213	725	486.583	37.792	1.458	0.398	0.101	0.398	486.602	37.791	1.379	485	36	1	4	4	3
0.844	6.173	35	31	13722	392.057	171.509	321.000	214	832	86.543	41.229	1.629	0.469	0.096	0.478	86.574	41.198	1.494	85	39	1	4	5	3
260.125	393.297	10793	3133	7630081	706.947	473.339	548.000	200	2986	196.329	56.081	6.130	3.795	1.054	3.967	196.718	55.091	5.767	174	39	1	42	33	16
1.036	7.249	43	38	16368	380.651	151.844	331.000	205	812	366.047	40.372	1.628	0.519	0.128	0.534	365.922	40.429	1.516	364	39	1	6	4	3
0.169	2.169	7	7	1714	244.857	48.054	229.000	205	329	247.571	41.857	1.286	0.260	0.065	0.279	247.583	41.864	1.253	247	41	1	2	3	2
0.795	6.367	33	30	10452	316.727	88.166	305.000	202	509	169.879	43.485	1.576	0.470	0.117	0.487	169.874	43.473	1.481	168	42	1	5	4	3
0.988	8.219	41	39	11592	282.732	61.714	271.000	206	464	382.488	46.707	1.561	0.572	0.211	0.604	382.595	46.770	1.503	380	44	1	7	6	3
0.241	2.857	10	10	2477	247.700	42.596	229.500	207	341	41.400	45.900	1.100	0.294	0.102	0.304	41.455	45.933	1.087	40	45	1	4	3	2
0.072	1.146	3	3	719	239.667	15.567	238.000	225	256	163.667	45.667	1.000	0.163	0.039	0.185	163.669	45.687	1.000	163	45	1	2	2	1
0.554	4.903	23	22	6504	282.783	74.025	253.000	203	438	142.000	48.957	1.522	0.409	0.117	0.395	142.041	48.860	1.463	141	47	1	3	5	3
0.844	6.985	35	34	11698	334.229	105.223	305.000	209	616	297.200	49.771	1.400	0.474	0.152	0.474	297.326	49.823	1.348	294	48	1	7	5	3
0.747	5.979	31	29	10843	349.774	119.443	354.000	203	637	95.129	50.161	1.516	0.448	0.117	0.445	95.172	50.152	1.431	93	49	1	5	4	3
2.675	15.981	111	97	42499	382.874	161.556	344.000	201	925	414.730	54.766	1.649	0.794	0.276	0.787	414.610	54.947	1.535	411	49	1	8	11	3
0.024	0.511	1	1	224	224.000	0.000	224.000	224	224	114.000	50.000	1.000	0.000	0.000	0.000	114.000	50.000	1.000	114	50	1	1	1	1
1.398	9.154	58	51	23288	401.517	162.804	351.500	205	841	369.552	52.483	1.707	0.573	0.129	0.590	369.537	52.465	1.593	367	50	1	6	6	3
0.289	3.245	12	12	3399	283.250	67.359	276.000	207	431	105.333	51.833	1.250	0.310	0.084	0.328	105.321	51.865	1.224	104	51	1	4	3	2
1.277	9.719	53	51	15204	286.868	67.613	281.000	203	446	134.189	54.887	1.472	0.616	0.259	0.584	134.182	54.737	1.424	132	52	1	5	9	3
0.024	0.511	1	1	201	201.000	0.000	201.000	201	201	263.000	52.000	1.000	0.000	0.000	0.000	263.000	52.000	1.000	263	52	1	1	1	1
0.289	3.245	12	12	3558	296.500	68.014	277.500	216	436	42.333	56.833	1.250	0.310	0.084	0.328	42.310	56.832	1.217	41	56	1	4	3	2
0.024	0.511	1	1	205	205.000	0.000	205.000	205	205	224.000	64.000	1.000	0.000	0.000	0.000	224.000	64.000	1.000	224	64	1	1	1	1
0.241	2.804	10	10	2856	285.600	54.062	273.000	228	397	368.900	65.300	1.300	0.289	0.068	0.307	368.907	65.306	1.259	368	64	1	3	3	2
9.882	42.319	410	301	175912	429.054	196.823	391.000	200	1563	263.783	71.871	1.978	1.420	0.575	1.332	263.495	71.611	1.797	255	65	1	19	15	4
8.990	35.526	373	241	201756	540.901	381.544	396.000	200	1967	22.244	74.850	2.306	1.261	0.414	1.189	22.036	74.209	2.123	17	68	1	11	18	5
5.808	26.299	241	162	122414	507.942	236.195	444.000	201	1041	147.075	73.772	2.212	1.018	0.262	1.005	147.176	73.949	1.997	141	69	1	13	10	5
0.265	3.051	11	11	2720	247.273	47.750	229.000	200	342	371.727	72.545	1.182	0.312	0.100	0.345	371.715	72.561	1.159	371	71	1	3	4	2
2.410	14.852	100	87	36600	366.000	136.162	331.500	205	760	69.750	75.700	1.670	0.761	0.262	0.701	69.769	75.728	1.560	65	73	1	11	7	3
0.145	1.711	6	6	1532	255.333	34.823	251.000	206	300	227.500	74.000	1.000	0.227	0.079	0.278	227.552	73.960	1.000	227	73	1	2	3	1
4.459	19.668	185	132	84709	457.886	200.439	407.000	202	973	197.519	77.557	2.054	0.894	0.196	0.869	197.402	77.607	1.845	193	74	1	11	8	4
0.265	3.122	11	11	2984	271.273	56.447	269.000	206	380	137.091	76.545	1.273	0.300	0.078	0.312	137.073	76.546	1.251	136	75	1	3	4	2
0.024	0.511	1	1	240	240.000	0.000	240.000	240	240	133.000	78.000	1.000	0.000	0.000	0.000	133.000	78.000	1.000	133	78	1	1	1	1
0.024	0.511	1	1	211	211.000	0.000	211.000	211	211	63.000	80.000	1.000	0.000	0.000	0.000	63.000	80.000	1.000	63	80	1	1	1	1
0.289	3.245	12	12	2977	248.083	42.947	233.500	204	320	502.167	82.417	1.250	0.311	0.085	0.326	502.185	82.406	1.229	501	81	1	3	4	2
0.169	2.293	7	7	1758	251.143	43.391	244.000	200	332	80.143	83.143	1.143	0.250	0.088	0.292	80.126	83.129	1.133	79	82	1	3	3	2
0.193	2.416	8	8	2006	250.750	46.684	233.000	205	332	190.250	84.000	1.125	0.260	0.088	0.288	190.261	84.010	1.102	189	83	1	3	3	2
28.825	108.427	1196	766	719997	602.004	418.525	449.000	200	2207	501.103	98.061	2.609	2.393	0.913	2.515	503.565	99.058	2.434	485	86	1	27	26	7
0.217	2.487	9	9	2399	266.556	65.269	233.000	204	371	428.111	87.556	1.333	0.281	0.062	0.291	428.163	87.557	1.273	427	87	1	3	2	2
0.603	5.414	25	23	7281	291.240	75.777	285.000	202	473	111.840	90.520	1.520	0.427	0.120	0.422	111.876	90.568	1.461	110	88	1	4	5	3
2.651	15.378	110	80	38816	352.873	119.852	317.000	202	645	177.927	93.091	2.673	0.810	0.225	0.767	177.871	93.000	2.573	175	90	1	7	9	6
43.286	112.983	1796	871	962543	535.937	254.527	483.000	200	1358	209.685	102.371	3.050	2.266	0.766	2.236	210.120	102.581	2.782	196	92	1	30	20	7
1.229	9.101	51	48	15379	301.549	73.722	292.000	203	510	160.549	99.588	1.608	0.631	0.240	0.657	160.536	99.659	1.530	159	96	1	4	8	3
0.048	0.829	2	2	438	219.000	16.971	219.000	207	231	12.000	97.500	1.000	0.124	0.000	0.124	12.000	97.473	1.000	12	97	1	1	2	1
0.048	0.829	2	2	467	233.500	41.719	233.500	204	263	456.000	97.500	1.000	0.124	0.000	0.124	456.000	97.563	1.000	456	97	1	1	2	1
0.458	4.515	19	19	5031	264.789	51.161	256.000	204	374	63.842	101.421	1.316	0.381	0.126	0.368	63.842	101.353	1.266	63	99	1	3	6	2
0.048	0.829	2	2	441	220.500	9.192	220.500	214	227	481.000	102.500	1.000	0.124	0.000	0.124	481.000	102.515	1.000	481	102	1	1	2	1
0.048	0.829	2	2	517	258.500	17.678	258.500	246	271	316.000	104.500	1.000	0.124	0.000	0.124	316.000	104.476	1.000	316	104	1	1	2	1
0.723	5.608	30	26	12732	424.400	204.113	335.000	224	915	184.400	109.500	1.667	0.450	0.080	0.452	184.361	109.519	1.530	183	108	1	4	4	3
0.072	1.146	3	3	714	238.000	48.218	218.000	203	293	454.333	110.333	1.000	0.163	0.039	0.185	454.305	110.284	1.000	454	110	1	2	2	1
0.362	3.686	15	15	5056	337.067	113.912	294.000	204	551	297.533	113.400	1.267	0.333	0.086	0.349	297.549	113.358	1.253	296	112	1	4	4	2
0.506	4.709	21	21	5270	250.952	34.363	244.000	203	343	0.619	116.619	1.381	0.405	0.140	0.404	0.591	116.695	1.351	0	114	1	3	6	2
0.048	0.829	2	2	444	222.000	18.385	222.000	209	235	487.500	114.000	1.000	0.124	0.000	0.124	487.529	114.000	1.000	487	114	1	2	1	1
13119.821	10392.363	544362	105428	636879104	1169.955	715.682	1032.000	200	4055	260.205	250.410	7.318	34.986	18.590	34.255	253.805	250.297	7.188	0	114	1	512	293	17
0.241	2.664	10	10	2393	239.300	26.145	241.500	207	286	150.000	116.000	1.100	0.281	0.099	0.301	150.022	115.989	1.089	149	115	1	3	3	2
0.048	0.829	2	2	418	209.000	1.414	209.000	208	210	49.000	119.500	1.000	0.124	0.000	0.124	49.000	119.498	1.000	49	119	1	1	2	1
0.048	0.829	2	2	449	224.500	7.778	224.500	219	230	144.000	127.500	1.000	0.124	0.000	0.124	144.000	127.512	1.000	144	127	1	1	2	1
0.265	2.998	11	11	3099	281.727	74.900	236.000	209	392	141.545	130.273	1.364	0.303	0.072	0.291	141.548	130.311	1.306	140	129	1	4	3	2
0.554	4.886	23	23	6359	276.478	63.821	261.000	205	424	413.696	133.043	1.304	0.392	0.114	0.400	413.730	133.031	1.276	412	131	1	4	5	2
1.301	8.219	54	46	30635	567.315	339.632	453.000	204	1561	193.704	134.056	1.870	0.554	0.101	0.543	193.640	134.050	1.653	192	132	1	5	5	4
0.434	4.762	18	18	4507	250.389	41.795	240.500	202	337	439.778	140.500	1.167	0.468	0.191	0.475	439.812	140.529	1.153	437	139	1	6	4	2
0.337	3.740	14	14	3413	243.786	31.266	248.500	200	293	402.571	141.929	1.071	0.386	0.154	0.448	402.570	142.013	1.059	401	140	1	4	5	2
0.048	0.829	2	2	429	214.500	0.707	214.500	214	215	406.500	140.000	1.000	0.124	0.000	0.124	406.499	140.000	1.000	406	140	1	2	1	1
0.145	1.975	6	6	1552	258.667	57.580	242.500	206	351	353.667	143.167	1.167	0.241	0.083	0.253	353.668	143.180	1.137	353	142	1	2	3	2
0.048	0.829	2	2	428	214.000	15.556	214.000	203	225	406.000	147.500	1.000	0.124	0.000	0.124	406.000	147.526	1.000	406	147	1	1	2	1
259.932	414.407	10785	3415	7653006	709.597	459.113	572.000	200	2659	135.293	167.655	4.948	4.114	1.392	4.104	135.315	167.041	4.426	101	148	1	57	37	13
0.072	1.146	3	3	749	249.667	36.226	245.000	216	288	352.667	148.333	1.000	0.163	0.039	0.185	352.712	148.327	1.000	352	148	1	2	2	1
0.217	2.363	9	9	2495	277.222	65.563	244.000	202	361	184.667	150.556	1.444	0.280	0.049	0.270	184.637	150.527	1.367	184	150	1	3	2	2
0.988	7.196	41	37	19464	474.732	268.602	386.000	200	1233	201.341	158.171	1.732	0.499	0.103	0.504	201.357	158.203	1.555	199	156	1	5	5	3
0.072	1.146	3	3	766	255.333	41.789	238.000	225	303	224.333	160.667	1.000	0.163	0.039	0.185	224.294	160.689	1.000	224	160	1	2	2	1
1.470	9.842	61	53	20216	331.410	114.548	299.000	202	636	223.180	168.705	1.623	0.588	0.147	0.591	223.210	168.855	1.580	220	165	1	7	7	3
0.193	2.293	8	8	2065	258.125	52.084	239.500	210	351	162.000	171.500	1.250	0.266	0.068	0.295	162.021	171.484	1.224	161	171	1	3	2	2
0.410	3.880	17	17	5640	331.765	109.366	309.000	204	543	234.765	187.471	1.353	0.346	0.085	0.356	234.765	187.457	1.318	233	186	1	4	4	2
0.096	1.411	4	4	1161	290.250	78.436	287.000	211	376	0.000	189.500	1.500	0.231	0.000	0.231	0.000	189.529	1.387	0	189	1	1	2	2
0.024	0.511	1	1	215	215.000	0.000	215.000	215	215	289.000	194.000	1.000	0.000	0.000	0.000	289.000	194.000	1.000	289	194	1	1	1	1
1.301	9.050	54	53	15748	291.630	74.480	277.500	200	492	260.537	199.167	1.389	0.549	0.176	0.536	260.603	199.064	1.352	258	196	1	6	8	3
0.072	1.146	3	3	691	230.333	29.670	219.000	208	264	285.333	203.333	1.000	0.163	0.039	0.185	285.301	203.317	1.000	285	203	1	2	2	1
3.326	17.058	138	116	56369	408.471	175.852	367.000	200	1059	42.536	215.913	1.804	0.803	0.218	0.821	42.810	215.686	1.677	39	212	1	8	10	4
0.024	0.511	1	1	231	231.000	0.000	231.000	231	231	196.000	220.000	1.000	0.000	0.000	0.000	196.000	220.000	1.000	196	220	1	1	1	1
0.048	0.829	2	2	435	217.500	12.021	217.500	209	226	53.500	223.000	1.000	0.124	0.000	0.124	53.480	223.000	1.000	53	223	1	2	1	1
0.964	7.092	40	40	11400	285.000	69.684	275.000	200	469	173.875	238.225	1.350	0.494	0.168	0.499	173.908	238.195	1.322	172	235	1	5	7	2
0.265	3.122	11	11	3018	274.364	60.394	253.000	206	383	92.091	238.455	1.273	0.300	0.078	0.312	92.115	238.480	1.242	91	237	1	3	4	2
4.242	25.649	176	160	62389	354.483	134.209	313.500	201	764	112.108	244.170	1.562	1.234	0.398	1.227	112.111	244.321	1.475	106	237	1	11	16	3
0.289	3.175	12	12	3058	254.833	37.692	257.000	206	325	125.250	242.000	1.167	0.310	0.097	0.317	125.225	241.972	1.140	124	241	1	4	3	2
1.615	12.894	67	64	20528	306.388	104.468	261.000	202	669	94.821	249.373	1.493	0.925	0.357	0.974	94.485	249.213	1.449	90	246	1	12	8	3
12.075	85.260	501	501	207656	414.483	214.486	360.000	200	1551	510.713	366.711	7.952	2.488	1.025	2.559	510.801	365.609	8.274	510	352	1	2	35	14
1.904	19.870	79	79	20797	263.253	41.600	265.000	202	351	511.000	392.759	4.494	1.233	0.617	1.125	511.000	392.919	4.398	511	386	1	1	13	12
0.434	4.549	18	16	4864	270.222	63.158	252.000	202	412	410.167	124.222	12.389	0.416	0.136	0.375	410.165	124.207	12.406	409	123	11	3	3	4
