Volume (micron^3)	Surface (micron^2)	Nb of obj. voxels	Nb of surf. voxels	IntDen	Mean	StdDev	Median	Min	Max	X	Y	Z	Mean dist. to surf. (micron)	SD dist. to surf. (micron)	Median dist. to surf. (micron)	XM	YM	ZM	BX	BY	BZ	B-width	B-height	B-depth
1.663	11.178	69	69	30081	435.957	178.485	395.000	205	929	351.478	0.478	4.348	0.760	0.309	0.687	351.422	0.437	4.256	349	0	1	6	2	7
5.616	31.826	233	233	93486	401.227	165.917	344.000	200	917	370.966	0.524	4.318	1.389	0.586	1.344	370.104	0.544	4.118	361	0	1	21	2	7
5.206	30.098	216	216	85319	394.995	145.498	367.000	200	865	398.750	0.468	3.745	1.306	0.549	1.288	398.037	0.452	3.484	390	0	1	21	2	7
2495.447	6519.171	103540	60332	57475060	555.100	302.503	484.000	200	3017	282.025	199.090	6.715	33.286	13.916	31.636	285.249	184.442	6.569	201	0	1	275	419	14
0.964	8.023	40	40	15867	396.675	186.466	341.000	201	901	497.375	0.350	2.875	0.571	0.215	0.558	497.480	0.260	2.852	495	0	1	6	2	5
19.884	104.480	825	615	284383	344.707	135.504	307.000	200	1113	502.010	9.005	4.913	2.000	0.760	1.959	501.825	8.889	4.874	491	0	1	21	23	7
0.434	4.954	18	18	4399	244.389	34.885	242.500	202	322	397.056	9.222	2.778	0.503	0.233	0.497	397.046	9.206	2.718	396	9	1	3	2	5
2.000	22.902	83	83	21654	260.892	58.759	246.000	201	489	348.651	28.807	4.590	1.048	0.446	1.027	348.348	28.901	4.713	343	26	1	13	7	7
0.868	8.551	36	36	9145	254.028	39.912	246.500	206	344	333.389	35.139	4.944	0.630	0.309	0.562	333.327	35.145	4.986	332	34	1	4	3	7
3.446	30.028	143	131	45505	318.217	104.845	289.000	200	630	308.077	50.448	4.420	1.219	0.494	1.207	307.828	50.616	4.641	301	45	1	14	11	7
2.796	23.083	116	112	53303	459.509	288.473	349.500	200	1562	205.147	273.388	6.664	1.035	0.432	1.016	205.165	273.864	7.000	203	269	1	6	10	10
0.530	5.519	22	22	6713	305.136	85.213	298.000	200	496	220.636	321.000	2.318	0.493	0.218	0.521	220.553	321.009	2.219	220	320	1	3	4	5
0.530	9.327	22	22	5418	246.273	31.430	248.500	202	303	273.455	385.364	4.818	0.911	0.501	0.871	273.523	385.423	4.854	271	383	1	8	7	8
4.073	20.861	169	118	48206	285.243	76.338	264.000	201	591	285.834	393.491	3.373	0.969	0.289	0.956	285.971	393.429	3.269	282	391	1	8	6	8
452.984	809.472	18795	7267	12010608	639.032	343.055	572.000	200	2591	446.887	422.005	4.589	9.203	4.413	9.064	451.995	421.405	4.580	376	402	1	136	39	8
13.280	53.718	551	341	187283	339.897	125.345	303.000	200	832	358.793	422.653	5.347	1.551	0.505	1.495	358.871	422.797	5.174	349	418	1	24	10	8
0.241	2.804	10	10	2775	277.500	74.703	258.000	203	409	368.800	429.600	1.300	0.312	0.098	0.315	368.792	429.686	1.286	367	429	1	4	2	2
0.964	10.209	40	40	11157	278.925	89.052	253.500	200	520	507.825	431.000	3.375	0.711	0.300	0.651	507.983	430.975	3.082	504	430	1	8	3	6
1.109	8.922	46	46	19183	417.022	204.647	366.500	200	961	489.196	0.391	4.935	0.635	0.267	0.592	489.280	0.295	4.998	487	0	2	6	2	6
4.266	29.942	177	146	60263	340.469	148.489	287.000	200	876	214.215	164.492	5.452	1.086	0.426	1.018	213.914	164.504	5.673	208	159	2	13	13	6
1.350	11.249	56	53	22887	408.696	218.827	339.000	201	1099	218.911	315.518	5.786	0.724	0.291	0.707	218.763	315.367	6.002	218	313	2	3	6	7
0.506	5.201	21	21	6941	330.524	121.028	285.000	202	572	331.429	0.714	4.952	0.463	0.201	0.436	331.388	0.797	4.866	330	0	3	4	2	5
2.241	12.327	93	71	30950	332.796	100.623	313.000	200	565	504.849	20.753	5.376	0.728	0.160	0.698	504.792	20.781	5.453	502	19	3	6	6	5
0.482	5.201	20	20	4842	242.100	36.481	237.000	201	321	358.950	24.550	4.750	0.507	0.233	0.503	358.988	24.493	4.802	357	24	3	4	2	5
0.651	5.572	27	24	8672	321.185	98.285	297.000	202	555	486.333	4.111	5.704	0.479	0.141	0.431	486.356	4.105	5.720	485	3	4	4	3	4
2.338	14.729	97	83	42901	442.278	215.560	382.000	207	1198	489.299	23.557	6.309	0.745	0.256	0.737	489.371	23.630	6.453	485	20	4	9	8	4
1.350	10.635	56	54	17462	311.821	84.506	293.500	204	513	208.054	180.429	6.268	0.636	0.247	0.594	207.982	180.303	6.305	207	177	4	5	9	4
0.386	4.549	16	16	4693	293.312	66.257	286.000	211	405	296.375	0.000	6.250	0.490	0.201	0.498	296.263	0.000	6.366	293	0	5	7	1	3
0.362	4.726	15	15	5049	336.600	102.124	313.000	230	525	285.267	0.000	6.667	0.637	0.302	0.621	285.245	0.000	6.752	281	0	6	10	1	2
0.265	2.804	11	11	3503	318.455	78.990	290.000	244	469	478.182	4.636	6.636	0.298	0.063	0.298	478.199	4.620	6.695	477	4	6	3	3	2
0.892	8.803	37	37	9938	268.595	63.359	250.000	204	507	223.541	325.081	7.865	0.660	0.342	0.614	223.555	325.285	7.891	222	321	7	5	11	2
0.313	3.122	13	13	2996	230.462	24.247	221.000	204	286	381.231	425.000	7.615	0.316	0.069	0.341	381.224	425.027	7.636	380	424	7	3	3	2
0.506	6.861	21	21	11557	550.333	183.678	514.000	241	969	290.000	0.000	9.000	1.302	0.774	1.243	289.112	0.000	9.000	280	0	9	21	1	1
0.603	7.162	25	25	8106	324.240	97.578	305.000	201	534	311.720	0.320	9.000	1.064	0.646	1.067	311.600	0.300	9.000	302	0	9	18	2	1
0.265	2.911	11	11	4273	388.455	111.264	377.000	236	597	339.727	0.455	9.000	0.377	0.187	0.344	339.718	0.405	9.000	337	0	9	6	2	1
0.482	4.799	20	20	5703	285.150	42.806	280.500	207	373	369.500	0.500	9.000	0.641	0.346	0.634	369.537	0.514	9.000	365	0	9	10	2	1
0.241	2.593	10	10	3048	304.800	60.880	318.000	212	392	379.000	0.500	9.000	0.341	0.159	0.278	378.932	0.519	9.000	377	0	9	5	2	1
0.482	4.799	20	20	5847	292.350	55.564	284.000	209	427	399.500	0.500	9.000	0.641	0.346	0.634	399.356	0.440	9.000	395	0	9	10	2	1
27.138	170.582	1126	1126	670844	595.776	302.765	543.500	200	2404	419.334	13.683	9.000	5.809	3.504	5.392	419.173	13.751	9.000	367	0	9	108	33	1
8.942	64.857	371	371	155311	418.628	228.379	356.000	201	1759	498.485	15.081	9.000	2.272	0.839	2.255	497.768	14.918	9.000	485	2	9	27	26	1
0.627	5.734	26	26	10369	398.808	132.648	434.500	214	631	307.423	51.923	9.000	0.504	0.208	0.494	307.320	51.851	9.000	304	49	9	7	6	1
0.410	4.234	17	17	5056	297.412	69.299	307.000	201	433	235.529	126.118	9.000	0.428	0.192	0.439	235.432	126.002	9.000	234	123	9	4	7	1
1.301	11.328	54	54	23008	426.074	187.931	361.500	200	817	214.741	164.519	9.000	0.781	0.393	0.697	214.449	164.440	9.000	209	159	9	10	12	1
0.819	7.693	34	34	10893	320.382	98.836	299.500	203	595	208.735	180.824	9.000	0.639	0.321	0.568	208.480	181.169	9.000	207	176	9	5	11	1
1.735	14.328	72	72	26962	374.472	134.910	344.500	201	876	222.986	323.361	10.000	1.009	0.538	0.921	223.091	323.812	10.000	218	315	10	10	18	1
0.458	5.451	19	19	4441	233.737	28.641	225.000	201	298	238.684	348.053	10.000	0.539	0.331	0.494	238.748	348.158	10.000	235	344	10	8	8	1
1.639	13.640	68	68	27210	400.147	145.812	378.500	203	820	247.015	359.721	10.000	1.057	0.538	1.033	247.298	360.254	10.000	242	353	10	12	15	1
11.231	72.332	466	466	235987	506.410	237.090	444.000	200	1433	344.914	401.736	10.000	2.348	1.147	2.186	345.006	401.855	10.000	324	392	10	40	21	1
0.603	5.417	25	25	9782	391.280	151.051	364.000	205	699	368.560	399.320	10.000	0.486	0.191	0.486	368.403	399.308	10.000	366	397	10	7	5	1
3.037	22.748	126	126	52642	417.794	248.915	320.500	201	1416	316.024	404.643	10.000	1.346	0.622	1.313	316.417	405.210	10.000	307	399	10	20	13	1
56.783	341.221	2356	2356	1388155	589.200	290.750	538.500	200	2449	447.894	419.820	10.000	8.934	4.603	8.824	453.858	419.042	10.000	376	402	10	136	37	1
2.964	25.479	123	123	44300	360.163	185.251	286.000	200	1072	361.146	422.122	10.000	1.421	0.703	1.294	361.894	421.932	10.000	349	418	10	25	11	1
2.314	18.652	96	96	29426	306.521	91.898	279.500	200	494	475.375	435.146	10.000	1.443	0.754	1.421	476.165	435.221	10.000	465	432	10	23	8	1
0.940	8.504	39	39	9253	237.256	24.103	237.000	200	295	456.872	438.590	10.000	0.739	0.397	0.702	456.986	438.601	10.000	450	436	10	14	5	1
2.627	26.753	109	109	48459	444.578	128.113	444.000	202	714	295.881	0.128	11.486	3.220	1.760	3.456	295.354	0.103	11.510	269	0	11	50	2	2
0.578	4.586	24	24	9163	381.792	117.450	389.500	201	654	339.500	0.500	11.500	0.455	0.167	0.439	339.415	0.482	11.438	337	0	11	6	2	2
0.410	3.633	17	17	4832	284.235	49.231	279.000	205	360	372.647	0.471	11.529	0.368	0.113	0.401	372.648	0.449	11.499	371	0	11	5	2	2
0.747	6.861	31	31	7802	251.677	28.453	250.000	203	319	381.323	0.548	11.613	0.660	0.327	0.635	381.295	0.562	11.606	377	0	11	11	2	2
0.362	4.198	15	15	3587	239.133	22.459	235.000	208	277	400.333	0.267	11.200	0.474	0.262	0.427	400.276	0.244	11.188	396	0	11	8	2	2
39.068	176.146	1621	1621	635494	392.038	172.443	347.000	200	1512	490.738	19.055	11.550	3.277	1.380	3.209	490.469	18.853	11.560	463	0	11	49	36	2
0.313	3.386	13	13	4632	356.308	140.629	290.000	213	639	372.615	19.385	11.538	0.338	0.102	0.281	372.553	19.341	11.585	371	18	11	4	3	2
0.362	4.215	15	15	4182	278.800	54.864	280.000	206	391	340.733	32.333	11.600	0.379	0.137	0.340	340.677	32.317	11.620	339	31	11	5	4	2
0.554	5.996	23	23	5966	259.391	63.325	239.000	202	433	324.261	39.174	11.478	0.539	0.247	0.480	323.977	39.162	11.487	321	38	11	9	3	2
0.892	7.249	37	37	10365	280.135	58.054	259.000	200	411	307.946	50.946	11.432	0.506	0.189	0.532	307.846	50.927	11.409	305	48	11	7	6	2
4.097	21.236	170	139	52737	310.218	77.735	307.000	200	549	215.388	163.971	12.018	0.910	0.326	0.865	215.359	163.954	11.957	209	159	11	11	11	3
2.025	11.781	84	73	40814	485.881	308.912	359.500	200	1433	208.393	182.821	12.060	0.682	0.204	0.650	208.005	183.234	12.105	207	178	11	5	10	3
0.337	3.192	14	14	3647	260.500	43.179	248.500	205	355	205.286	264.000	12.500	0.317	0.059	0.324	205.305	263.986	12.469	204	263	12	3	3	2
0.819	6.420	34	34	8758	257.588	36.998	259.000	204	333	206.412	275.147	12.441	0.463	0.158	0.458	206.422	275.181	12.404	204	273	12	5	6	2
0.337	3.316	14	14	3844	274.571	50.727	259.500	213	347	214.357	301.714	12.571	0.341	0.101	0.313	214.320	301.774	12.564	213	300	12	3	4	2
4.073	20.712	169	169	66355	392.633	116.859	391.000	200	695	223.521	323.260	12.509	1.035	0.461	0.987	223.391	323.085	12.500	219	316	12	10	16	2
5.760	39.389	239	239	73925	309.310	86.698	288.000	200	595	243.347	356.155	12.506	1.817	1.084	1.586	243.740	356.695	12.489	228	345	12	28	25	2
0.241	2.557	10	10	2627	262.700	44.382	247.500	204	321	270.600	379.800	12.500	0.291	0.054	0.296	270.585	379.790	12.505	270	379	12	2	3	2
7.279	37.227	302	302	104578	346.285	142.804	300.000	200	847	315.877	403.573	12.507	1.394	0.589	1.392	316.485	403.687	12.487	305	396	12	22	15	2
0.265	2.928	11	11	2693	244.818	37.926	229.000	205	329	320.818	399.182	12.727	0.297	0.075	0.316	320.805	399.163	12.750	320	398	12	3	3	2
110.432	388.909	4582	4582	2617025	571.153	282.944	514.500	200	2043	450.917	418.277	12.506	8.635	4.498	8.320	455.209	417.556	12.498	376	400	12	136	39	2
8.387	46.662	348	348	116808	335.655	127.833	295.500	200	869	357.606	421.385	12.509	2.004	1.013	1.952	357.646	421.258	12.500	339	417	12	35	13	2
1.687	14.130	70	70	16119	230.271	24.580	225.500	200	306	392.257	429.171	12.371	0.810	0.215	0.826	392.240	429.224	12.364	388	425	12	9	9	2
5.567	31.420	231	231	66122	286.242	66.200	268.000	200	537	475.978	434.567	12.515	1.598	0.767	1.560	476.683	434.535	12.511	464	430	12	26	10	2
0.241	2.681	10	10	2281	228.100	12.023	230.500	211	248	492.500	432.500	12.500	0.298	0.074	0.263	492.497	432.493	12.502	491	432	12	4	2	2
0.265	3.386	11	11	2735	248.636	38.456	237.000	202	299	417.273	435.818	12.455	0.353	0.122	0.345	417.279	435.852	12.461	415	435	12	5	2	2
2.290	15.805	95	95	23152	243.705	27.842	244.000	200	318	453.295	438.600	12.537	1.131	0.595	1.098	453.197	438.660	12.548	442	436	12	20	5	2
1.301	16.563	54	54	28459	527.018	147.566	478.000	211	911	293.944	0.111	14.000	3.219	1.794	3.356	292.901	0.084	14.000	268	0	14	49	2	1
0.530	5.434	22	22	7434	337.909	56.079	352.000	240	416	383.500	0.455	14.000	0.708	0.393	0.636	383.564	0.424	14.000	378	0	14	12	2	1
24.318	151.855	1009	1009	468536	464.357	238.267	404.000	200	2049	487.976	19.723	14.000	3.360	1.288	3.361	486.747	20.212	14.000	463	0	14	49	36	1
0.313	3.740	13	13	3081	237.000	24.856	231.000	209	283	324.615	38.846	14.000	0.449	0.252	0.403	324.542	38.870	14.000	322	37	14	7	4	1
0.289	3.810	12	12	4079	339.917	114.087	315.000	201	541	275.083	75.583	14.000	0.447	0.270	0.398	274.946	75.595	14.000	272	73	14	7	5	1
0.289	3.228	12	12	2997	249.750	26.660	248.000	207	302	250.667	99.083	14.000	0.380	0.175	0.380	250.603	99.092	14.000	249	97	14	4	5	1
0.265	2.717	11	11	3146	286.000	48.119	273.000	215	384	242.091	121.636	14.000	0.311	0.116	0.314	242.081	121.682	14.000	241	120	14	3	4	1
4.170	32.435	173	173	52439	303.116	132.414	254.000	200	886	317.665	403.827	15.000	1.484	0.670	1.451	317.509	403.204	15.000	306	396	15	23	16	1
8.194	52.299	340	340	152744	449.247	209.286	385.000	200	1271	344.735	402.168	15.000	1.949	0.912	1.863	345.592	402.307	15.000	326	396	15	33	15	1
47.552	276.238	1973	1973	1126650	571.034	294.725	512.000	200	2457	462.194	417.094	15.000	7.237	3.747	7.310	467.437	416.923	15.000	400	399	15	112	33	1
6.001	38.919	249	249	148769	597.466	382.999	461.000	201	1804	385.506	408.064	15.000	1.546	0.626	1.553	386.109	407.740	15.000	376	400	15	23	17	1
1.856	15.528	77	77	23538	305.688	114.392	259.000	202	665	348.377	419.714	15.000	1.192	0.691	1.077	347.988	419.416	15.000	337	416	15	21	10	1
2.410	17.983	100	100	26868	268.680	53.366	257.500	200	417	366.150	423.410	15.000	0.977	0.386	0.994	366.092	423.395	15.000	359	418	15	14	13	1
0.964	8.240	40	40	9250	231.250	20.494	227.000	201	282	404.000	432.025	15.000	0.634	0.273	0.561	404.025	432.036	15.000	400	429	15	9	7	1
2.748	22.622	114	114	32378	284.018	79.243	257.500	201	596	477.623	433.737	15.000	1.492	0.742	1.457	478.312	433.661	15.000	466	430	15	24	10	1
3.422	29.573	142	142	43106	303.563	81.393	292.000	200	599	439.099	436.775	15.000	2.664	1.554	2.471	439.287	436.929	15.000	416	432	15	47	9	1
8.243	68.320	342	342	159924	467.614	180.212	450.500	200	1013	298.038	0.158	18.535	3.417	1.772	3.483	295.762	0.108	18.405	268	0	16	56	2	6
4.194	24.315	174	174	74603	428.753	132.142	424.000	200	840	382.523	0.506	18.603	1.171	0.477	1.142	382.979	0.453	18.691	373	0	16	18	2	6
0.940	8.410	39	39	9315	238.846	22.288	243.000	200	276	396.667	0.590	18.487	0.614	0.266	0.614	396.663	0.597	18.447	394	0	16	6	2	6
1290.334	2546.642	53538	24101	26041948	486.420	251.158	430.000	200	2877	292.870	190.533	19.219	33.403	13.160	31.695	298.048	182.763	19.131	208	0	16	251	411	7
142.680	310.337	5920	2830	2926421	494.328	267.471	413.000	200	1862	481.307	15.468	18.334	3.734	1.312	3.775	479.262	16.249	18.365	460	0	16	52	36	6
2.482	19.678	103	101	30977	300.748	96.374	272.000	200	585	508.971	2.301	18.932	0.951	0.306	0.923	508.988	1.966	19.115	504	0	16	8	9	6
0.337	4.620	14	14	3804	271.714	51.356	255.500	207	405	390.857	11.643	16.929	0.475	0.190	0.474	390.907	11.620	16.849	389	11	16	5	2	4
0.627	7.846	26	26	6197	238.346	29.815	231.500	200	291	347.231	29.192	17.462	0.581	0.226	0.606	347.146	29.213	17.414	345	28	16	6	3	5
2.748	21.564	114	107	27473	240.991	30.722	232.500	200	314	327.781	37.868	18.675	0.924	0.344	0.952	327.863	37.798	18.692	324	35	16	10	7	6
0.699	10.614	29	29	6629	228.586	21.167	231.000	200	269	307.759	49.828	19.000	0.720	0.311	0.783	307.798	49.789	18.976	304	47	17	8	7	5
2.097	17.174	87	73	19924	229.011	22.022	224.000	200	304	258.448	89.805	20.011	0.776	0.255	0.794	258.396	89.788	20.000	255	86	17	8	7	6
0.241	2.734	10	10	2230	223.000	17.588	223.500	202	253	230.100	141.200	17.200	0.304	0.101	0.309	230.095	141.218	17.184	229	140	17	3	3	2
12.075	47.388	501	319	163024	325.397	155.904	273.000	200	1252	215.693	164.549	19.741	1.374	0.355	1.347	215.662	165.185	19.640	209	155	17	14	16	6
0.603	5.907	25	25	5743	229.720	22.720	230.000	200	278	210.240	174.000	18.880	0.502	0.225	0.464	210.259	173.980	18.891	209	173	17	3	3	5
2.097	13.279	87	71	24097	276.977	62.222	260.000	200	463	208.908	183.080	18.379	0.730	0.209	0.709	208.825	183.141	18.280	207	179	17	6	8	6
0.265	2.681	11	11	2246	204.182	2.523	204.000	200	208	232.909	200.455	17.545	0.298	0.055	0.318	232.901	200.454	17.543	232	200	17	3	2	2
1.687	12.468	70	60	15623	223.186	16.372	220.000	200	260	238.471	203.843	18.857	0.775	0.289	0.777	238.467	203.827	18.876	236	202	17	6	6	6
0.313	3.509	13	13	2703	207.923	4.645	208.000	200	214	232.000	205.231	17.385	0.367	0.135	0.348	231.997	205.238	17.383	230	204	17	4	4	2
5.808	28.166	241	168	56380	233.942	25.130	230.000	200	313	228.490	225.162	19.000	1.097	0.336	1.051	228.497	225.243	18.989	225	218	17	9	13	6
0.723	6.154	30	27	7511	250.367	39.735	247.500	201	341	205.767	271.067	18.833	0.502	0.182	0.494	205.741	271.069	18.823	205	269	17	3	4	5
2.748	16.154	114	86	33980	298.070	91.831	264.500	201	593	217.088	303.807	19.614	0.883	0.275	0.889	217.275	303.781	19.807	214	300	17	7	7	6
6.700	31.765	278	198	80979	291.291	76.210	269.500	200	562	225.194	322.579	18.493	1.150	0.388	1.098	225.302	322.738	18.388	219	316	17	11	13	6
10.460	74.376	434	376	113080	260.553	53.693	246.000	200	487	239.735	354.325	19.470	2.580	1.478	2.345	239.720	354.442	19.346	224	333	17	33	38	6
1.687	14.760	70	66	15890	227.000	20.983	221.000	200	293	326.914	355.786	18.414	0.883	0.353	0.917	326.972	355.687	18.403	323	352	17	8	10	5
0.289	3.439	12	12	2726	227.167	26.108	222.500	201	279	247.667	353.750	17.250	0.337	0.117	0.339	247.711	353.771	17.227	246	353	17	4	3	2
1.446	9.293	60	47	23249	387.483	167.215	321.500	201	846	311.417	362.800	19.083	0.640	0.186	0.591	311.429	362.851	19.013	310	361	17	4	4	6
0.723	6.030	30	27	7372	245.733	40.057	236.500	200	336	270.833	378.300	19.000	0.526	0.205	0.492	270.810	378.314	19.017	270	377	17	3	3	5
5.929	40.384	246	214	76513	311.028	101.028	281.000	200	644	287.549	394.581	20.545	1.651	0.709	1.601	287.654	394.726	20.691	278	388	17	22	13	6
0.265	2.874	11	11	2473	224.818	22.004	220.000	204	266	358.273	391.818	17.455	0.300	0.057	0.302	358.286	391.818	17.442	357	391	17	3	3	2
0.868	6.595	36	32	8775	243.750	32.215	243.000	203	325	299.444	392.944	18.361	0.525	0.144	0.536	299.419	392.918	18.354	298	392	17	5	3	4
0.386	3.650	16	16	3728	233.000	21.201	232.000	200	279	305.125	394.500	18.000	0.366	0.123	0.411	305.145	394.473	17.998	304	394	17	3	2	3
21.836	87.582	906	600	279009	307.957	108.982	273.000	200	863	320.570	404.816	19.355	1.764	0.577	1.704	320.916	405.042	19.329	309	396	17	22	18	6
318.643	692.349	13221	6248	6678393	505.135	272.726	451.000	200	2757	463.171	416.667	19.460	7.447	3.496	7.069	466.373	415.722	19.387	396	394	17	116	47	6
39.864	91.376	1654	800	713082	431.126	193.281	390.000	200	1436	387.082	407.934	19.588	2.166	0.692	2.041	386.930	408.093	19.310	374	399	17	28	17	6
18.606	85.057	772	516	229305	297.027	95.679	268.000	200	719	365.754	425.499	19.492	2.454	1.518	2.118	366.523	425.596	19.635	337	417	17	43	16	6
1.109	8.078	46	41	11868	258.000	58.825	234.500	201	438	368.043	419.065	17.674	0.541	0.148	0.569	368.011	418.968	17.631	366	417	17	6	6	3
3.302	19.152	137	102	42896	313.109	124.164	267.000	203	786	397.073	423.891	19.803	0.944	0.325	0.914	396.948	423.594	20.102	394	420	17	8	11	6
0.964	7.690	40	37	8902	222.550	22.076	216.500	200	279	405.900	431.675	17.550	0.515	0.152	0.525	405.914	431.664	17.535	403	430	17	6	6	3
0.940	7.935	39	33	8857	227.103	20.646	225.000	200	281	465.000	430.051	19.179	0.547	0.185	0.523	464.991	430.032	19.181	464	428	17	3	6	5
0.386	4.355	16	14	3806	237.875	36.728	222.500	200	321	500.812	432.062	18.250	0.396	0.127	0.366	500.800	432.066	18.224	500	431	17	3	3	4
0.795	6.401	33	33	9136	276.848	53.141	271.000	205	400	327.394	0.455	19.939	0.502	0.175	0.517	327.346	0.432	19.963	325	0	18	6	2	4
0.747	7.547	31	30	6893	222.355	15.426	219.000	201	254	294.806	62.710	19.903	0.603	0.173	0.589	294.809	62.742	19.895	294	60	18	3	6	4
2.121	15.361	88	82	22290	253.295	44.549	241.000	200	373	246.284	115.114	20.807	0.895	0.363	0.869	246.370	115.232	20.858	243	112	18	9	9	5
0.458	4.251	19	19	5024	264.421	54.456	240.000	206	391	325.421	47.684	20.737	0.365	0.100	0.372	325.503	47.677	20.774	324	46	20	4	4	2
0.265	2.804	11	11	2672	242.909	27.216	245.000	207	294	308.182	57.364	20.636	0.298	0.063	0.298	308.180	57.378	20.650	307	56	20	3	3	2
0.386	3.456	16	16	3946	246.625	30.943	236.000	210	312	220.875	308.500	21.125	0.364	0.120	0.394	220.863	308.487	21.138	220	308	20	3	2	3
0.386	3.633	16	16	4721	295.062	70.596	294.000	201	442	240.188	269.188	21.562	0.336	0.076	0.344	240.186	269.236	21.609	239	268	21	4	3	2
0.699	6.086	29	29	7981	275.207	57.270	261.000	206	409	408.379	408.517	21.724	0.453	0.162	0.434	408.374	408.460	21.755	407	406	21	4	7	2
1.663	18.728	69	69	21128	306.203	61.225	285.000	202	449	294.333	0.043	23.464	2.309	1.274	2.330	293.396	0.035	23.439	277	0	23	36	2	2
0.627	5.097	26	26	7504	288.615	61.195	283.500	203	431	319.231	0.462	23.500	0.487	0.195	0.495	319.160	0.423	23.437	316	0	23	7	2	2
1.398	10.177	58	58	37338	643.759	332.186	585.500	202	1566	381.241	0.517	23.500	0.950	0.490	0.962	381.953	0.475	23.500	374	0	23	15	2	2
119.904	566.889	4975	4975	2274062	457.098	207.962	416.000	200	1632	350.052	55.852	23.719	15.780	8.783	15.967	348.526	56.680	23.732	238	0	23	220	151	2
28.295	121.535	1174	1174	485893	413.878	196.734	347.000	200	1205	475.238	12.540	23.442	2.703	1.175	2.694	474.096	13.816	23.429	459	0	23	40	30	2
0.337	3.509	14	14	5990	427.857	192.859	387.500	207	770	510.357	0.929	23.429	0.342	0.100	0.330	510.562	0.789	23.438	509	0	23	3	4	2
1.109	7.920	46	46	15589	338.891	126.421	300.000	202	665	326.152	47.848	23.587	0.526	0.193	0.530	326.161	47.817	23.548	324	45	23	5	8	2
0.241	3.068	10	10	2401	240.100	33.428	230.000	200	308	310.700	47.800	23.400	0.332	0.110	0.306	310.710	47.745	23.418	309	47	23	4	3	2
0.265	3.299	11	11	2373	215.727	15.007	210.000	201	246	296.000	62.818	24.000	0.391	0.200	0.385	295.973	62.793	24.000	294	61	24	5	5	1
1.374	11.311	57	57	17080	299.649	84.444	272.000	207	526	282.088	72.018	24.000	0.847	0.427	0.775	281.738	72.085	24.000	275	67	24	13	9	1
0.337	3.475	14	14	3233	230.929	23.414	230.000	200	273	289.357	73.214	24.000	0.352	0.129	0.366	289.397	73.219	24.000	288	71	24	4	5	1
0.241	2.593	10	10	2339	233.900	24.465	236.500	200	283	286.000	77.800	24.000	0.291	0.113	0.308	286.010	77.812	24.000	285	76	24	3	4	1
0.603	5.611	25	25	7684	307.360	66.943	301.000	209	475	269.960	81.600	24.000	0.529	0.225	0.517	270.117	81.606	24.000	267	79	24	7	6	1
0.362	3.405	15	15	3495	233.000	22.373	228.000	206	279	255.600	106.400	24.000	0.361	0.127	0.379	255.620	106.389	24.000	254	105	24	4	4	1
0.819	6.917	34	34	12099	355.853	111.247	336.500	202	610	248.029	117.265	24.000	0.570	0.224	0.579	247.994	117.373	24.000	245	114	24	7	7	1
1.567	13.851	65	65	17403	267.738	64.112	247.000	202	470	240.169	123.169	24.000	1.076	0.527	0.974	240.355	123.041	24.000	233	119	24	17	11	1
0.386	3.723	16	16	4752	297.000	80.957	302.500	201	466	235.062	138.312	24.000	0.380	0.144	0.410	235.078	138.231	24.000	233	137	24	5	4	1
2.097	18.121	87	87	25123	288.770	73.174	277.000	200	529	216.609	160.092	24.000	1.456	0.831	1.322	216.214	160.452	24.000	209	149	24	15	21	1
21.113	130.569	876	876	322644	368.315	146.690	341.500	200	1190	236.444	178.752	24.000	3.440	1.689	3.240	236.292	178.891	24.000	212	152	24	44	47	1
0.603	5.223	25	25	8940	357.600	151.724	305.000	203	717	220.560	166.200	24.000	0.473	0.174	0.469	220.668	166.282	24.000	218	164	24	6	5	1
69.725	357.301	2893	2893	927632	320.647	110.017	288.000	200	1113	233.222	286.601	25.081	7.596	4.284	7.101	232.750	285.593	25.016	213	236	24	57	116	4
0.313	3.122	13	13	3100	238.462	28.230	237.000	204	292	218.154	302.692	24.385	0.316	0.071	0.328	218.147	302.693	24.343	217	302	24	3	3	2
2.338	15.928	97	97	23809	245.454	29.708	241.000	200	340	227.649	339.165	24.536	1.059	0.493	1.063	227.643	339.326	24.539	224	332	24	8	16	2
77.606	278.311	3220	3220	1638173	508.749	249.302	451.000	200	1814	311.059	376.916	24.499	6.120	2.975	6.233	313.194	377.987	24.499	274	339	24	80	70	2
0.627	5.397	26	26	7582	291.615	75.815	263.500	206	494	235.269	350.115	24.654	0.405	0.113	0.407	235.217	350.123	24.681	233	348	24	5	5	2
0.313	3.245	13	13	3499	269.154	65.911	241.000	201	374	335.231	349.615	24.692	0.316	0.078	0.342	335.275	349.585	24.716	334	348	24	3	4	2
0.410	4.074	17	17	4309	253.471	45.976	248.000	200	359	251.706	353.941	24.647	0.358	0.104	0.350	251.713	353.928	24.693	250	353	24	5	3	2
1.735	11.413	72	72	21803	302.819	72.878	293.000	200	492	245.486	358.861	24.542	0.715	0.299	0.681	245.451	358.990	24.552	241	355	24	10	8	2
0.771	6.491	32	32	7693	240.406	29.275	233.500	201	301	265.500	374.312	24.469	0.464	0.172	0.441	265.585	374.324	24.462	262	372	24	7	5	2
1.036	7.673	43	43	10963	254.953	41.436	245.000	205	357	359.512	387.488	24.605	0.524	0.195	0.460	359.609	387.459	24.620	356	386	24	8	4	2
10.918	60.479	453	453	140381	309.892	133.817	265.000	200	999	301.192	399.110	24.532	2.889	1.448	2.863	300.015	398.938	24.526	278	389	24	45	21	2
49.769	171.858	2065	2065	889866	430.928	160.693	414.000	200	1195	487.275	408.484	24.485	3.569	1.615	3.467	486.458	407.547	24.475	459	395	24	53	31	2
1.759	12.966	73	73	18128	248.329	41.372	241.000	201	362	325.863	406.452	24.329	0.864	0.445	0.741	325.954	406.547	24.329	320	401	24	10	13	2
12.966	64.526	538	538	155298	288.658	78.123	261.500	200	581	391.381	407.336	24.455	2.451	1.240	2.250	390.859	407.112	24.441	373	401	24	38	15	2
0.313	3.316	13	13	3007	231.308	24.743	223.000	206	287	414.077	406.154	24.385	0.318	0.071	0.324	414.090	406.162	24.368	413	405	24	3	3	2
28.922	104.711	1200	1200	520352	433.627	156.489	404.000	200	1137	433.232	416.723	24.484	2.689	1.213	2.649	431.825	416.974	24.469	412	406	24	45	21	2
0.313	3.703	13	13	3261	250.846	43.990	253.000	201	337	343.385	419.154	24.615	0.382	0.136	0.377	343.328	419.181	24.618	341	418	24	5	3	2
6.098	38.526	253	253	66263	261.909	58.438	243.000	200	472	366.415	424.478	24.474	2.020	0.808	1.961	366.439	424.604	24.454	350	419	24	30	13	2
1.181	7.356	49	49	18010	367.551	124.303	334.000	214	723	396.776	421.755	24.490	0.512	0.150	0.517	396.826	421.763	24.436	394	420	24	6	5	2
1.085	8.044	45	45	11272	250.489	37.678	241.000	204	354	487.644	424.378	24.356	0.555	0.224	0.504	487.734	424.348	24.346	484	422	24	8	6	2
5.061	31.170	210	210	64127	305.367	90.899	281.000	200	682	420.576	434.581	24.495	2.095	0.976	2.119	420.900	434.863	24.499	405	429	24	33	10	2
0.603	5.414	25	25	6160	246.400	36.327	234.000	202	342	475.200	432.160	24.480	0.444	0.182	0.397	475.147	432.271	24.493	474	429	24	4	7	2
4.266	23.235	177	177	49814	281.435	80.279	261.000	200	624	459.424	436.136	24.531	0.995	0.351	0.993	459.308	436.385	24.525	454	431	24	13	10	2
0.506	6.861	21	21	5641	268.619	45.344	260.000	208	364	285.000	0.000	26.000	1.302	0.774	1.243	284.631	0.000	26.000	275	0	26	21	1	1
0.603	5.998	25	25	14203	568.120	332.522	451.000	216	1380	381.240	0.480	26.000	0.796	0.443	0.814	381.937	0.428	26.000	375	0	26	13	2	1
171.384	788.974	7111	7111	2988206	420.223	171.834	379.000	200	1193	319.967	75.283	27.128	11.601	7.829	10.326	316.540	77.872	27.078	257	0	26	197	136	4
1.639	12.670	68	68	22345	328.603	84.632	316.000	203	545	487.618	2.059	26.000	0.968	0.440	0.955	487.839	1.833	26.000	481	0	26	14	6	1
6.170	40.948	256	256	86118	336.398	101.539	319.500	200	633	470.797	14.918	26.000	1.665	0.712	1.654	470.968	15.368	26.000	463	3	26	20	23	1
1.181	8.415	49	49	13179	268.959	47.718	260.000	205	370	326.735	50.388	26.347	0.592	0.235	0.599	326.736	50.543	26.372	325	46	26	5	8	2
0.313	3.316	13	13	3410	262.308	51.343	238.000	204	356	319.077	51.462	26.615	0.315	0.068	0.328	319.126	51.456	26.649	318	50	26	3	4	2
2.603	14.871	108	108	38008	351.926	99.705	343.500	200	551	280.833	73.222	26.509	0.838	0.370	0.813	280.891	72.997	26.509	274	69	26	13	8	2
1.036	7.232	43	43	12083	281.000	72.448	253.000	204	490	271.605	80.791	26.512	0.488	0.143	0.497	271.696	80.832	26.489	269	79	26	6	5	2
1.374	10.848	57	57	13457	236.088	31.835	225.000	200	325	263.965	90.246	26.632	0.637	0.263	0.610	264.004	90.248	26.650	259	86	26	9	9	2
0.940	6.985	39	39	9873	253.154	55.534	234.000	200	447	256.077	107.872	26.538	0.503	0.176	0.512	256.182	108.018	26.574	253	106	26	7	5	2
4.194	25.826	174	174	47734	274.333	66.586	251.500	200	529	242.230	120.948	26.506	1.144	0.526	1.083	242.388	120.939	26.491	234	115	26	17	12	2
0.868	6.280	36	36	8345	231.806	21.381	229.000	200	273	255.417	131.556	26.472	0.466	0.142	0.451	255.410	131.555	26.471	254	129	26	4	6	2
0.313	2.998	13	13	3004	231.077	18.927	238.000	204	259	248.154	131.462	26.462	0.321	0.079	0.319	248.169	131.466	26.476	247	131	26	4	2	2
3.326	17.554	138	138	42845	310.471	84.033	286.500	200	547	251.435	142.464	26.471	0.879	0.345	0.904	251.652	142.629	26.461	245	138	26	12	10	2
1.928	12.455	80	80	24210	302.625	85.520	288.500	200	575	222.525	153.337	26.475	0.681	0.252	0.698	222.662	153.305	26.502	219	149	26	8	9	2
35.525	144.798	1474	1474	536522	363.991	161.172	325.000	200	1293	238.740	177.320	26.463	3.371	1.681	3.239	239.794	176.067	26.471	215	151	26	42	48	2
2.217	13.672	92	92	25530	277.500	45.856	271.500	200	408	213.663	165.304	26.511	0.777	0.349	0.707	213.715	165.091	26.484	210	159	26	7	13	2
1.253	9.508	52	52	14085	270.865	60.319	254.500	203	457	222.442	165.731	26.558	0.585	0.231	0.572	222.304	165.835	26.512	219	162	26	8	7	2
0.554	4.709	23	23	5941	258.304	39.492	248.000	204	329	214.739	202.348	26.478	0.383	0.096	0.397	214.739	202.346	26.475	213	201	26	4	4	2
0.434	3.757	18	18	4530	251.667	30.677	250.500	206	314	248.056	203.833	26.500	0.346	0.077	0.350	248.086	203.857	26.505	247	202	26	3	4	2
0.434	4.358	18	18	4195	233.056	27.187	230.500	200	287	231.278	302.500	27.000	0.423	0.170	0.414	231.232	302.452	27.000	229	300	27	5	6	1
4.700	35.154	195	195	55131	282.723	60.484	273.000	200	489	246.467	319.379	27.000	2.318	1.184	2.341	246.524	319.352	27.000	236	304	27	23	31	1
2.169	18.880	90	90	26667	296.300	109.099	269.000	204	792	229.867	341.367	27.000	1.511	0.816	1.548	230.475	342.401	27.000	224	332	27	14	21	1
2.025	16.199	84	84	22170	263.929	67.124	245.000	200	523	262.488	341.107	27.000	1.046	0.418	1.062	262.700	340.854	27.000	255	336	27	14	10	1
36.634	223.351	1520	1520	752748	495.229	265.582	433.000	200	1935	309.657	374.530	27.000	6.304	2.857	6.424	313.192	376.785	27.000	273	339	27	78	67	1
0.241	3.175	10	10	2712	271.200	44.927	262.000	209	324	334.200	348.800	27.000	0.451	0.207	0.494	334.300	348.849	27.000	332	347	27	5	5	1
1.012	9.457	42	42	10804	257.238	56.608	239.000	200	426	308.095	355.143	27.000	0.897	0.435	0.905	308.388	354.945	27.000	304	350	27	11	11	1
0.410	3.846	17	17	5634	331.412	107.631	336.000	205	536	252.118	353.588	27.000	0.385	0.139	0.414	252.203	353.660	27.000	250	352	27	5	4	1
0.940	8.504	39	39	13579	348.179	143.735	304.000	201	698	246.308	359.333	27.000	0.732	0.368	0.685	246.406	359.583	27.000	242	355	27	9	9	1
0.988	8.170	41	41	11936	291.122	58.707	279.000	204	408	360.073	387.220	27.000	0.668	0.304	0.613	360.084	387.201	27.000	355	385	27	11	5	1
5.929	43.202	246	246	75927	308.646	78.308	292.000	201	576	300.585	398.630	27.000	2.581	1.450	2.517	300.536	398.855	27.000	278	389	27	42	20	1
19.643	120.703	815	815	331994	407.355	142.974	398.000	200	1042	485.282	406.374	27.000	3.167	1.483	3.057	485.851	405.829	27.000	459	395	27	53	25	1
1.639	14.803	68	68	16828	247.471	39.142	238.500	203	398	408.294	406.691	27.000	1.192	0.660	1.128	408.482	406.643	27.000	401	399	27	17	15	1
1.326	11.064	55	55	15359	279.255	84.839	252.000	202	515	382.945	404.855	27.000	0.776	0.331	0.762	382.636	404.592	27.000	378	402	27	11	8	1
0.434	4.164	18	18	5113	284.056	50.147	272.000	201	376	351.278	405.389	27.000	0.404	0.153	0.423	351.254	405.383	27.000	349	404	27	6	4	1
0.627	5.928	26	26	6255	240.577	33.035	226.000	201	309	394.808	406.808	27.000	0.546	0.256	0.538	394.821	406.780	27.000	392	404	27	7	7	1
0.241	2.981	10	10	2254	225.400	14.562	223.000	205	255	327.200	407.100	27.000	0.338	0.166	0.299	327.202	407.121	27.000	326	405	27	4	5	1
11.569	71.348	480	480	182942	381.129	125.351	361.500	200	896	433.773	416.035	27.000	2.399	1.069	2.399	432.987	415.935	27.000	415	406	27	37	19	1
0.241	2.787	10	10	2555	255.500	51.812	230.000	200	332	343.300	418.800	27.000	0.335	0.157	0.336	343.304	418.885	27.000	341	418	27	5	3	1
0.265	2.911	11	11	2443	222.091	14.067	215.000	204	242	359.455	419.818	27.000	0.318	0.121	0.324	359.458	419.824	27.000	358	418	27	4	4	1
0.289	3.034	12	12	2852	237.667	29.995	231.500	207	294	382.833	420.083	27.000	0.331	0.138	0.324	382.898	420.065	27.000	381	419	27	5	3	1
0.964	9.210	40	40	9811	245.275	31.327	239.000	200	309	356.650	423.750	27.000	0.995	0.471	1.005	356.386	423.723	27.000	349	421	27	15	7	1
0.771	6.476	32	32	8105	253.281	35.142	246.500	200	319	377.281	423.312	27.000	0.539	0.205	0.576	377.254	423.352	27.000	374	421	27	7	6	1
0.458	4.287	19	19	5692	299.579	71.703	286.000	208	431	509.526	423.000	27.000	0.411	0.152	0.443	509.649	423.153	27.000	507	421	27	5	5	1
2.555	21.439	106	106	33020	311.509	120.747	279.000	201	785	421.377	434.547	27.000	1.819	0.907	1.856	420.599	434.815	27.000	408	430	27	28	9	1
3.061	24.422	127	127	37104	292.157	74.342	274.000	200	569	461.724	435.559	27.000	1.493	0.797	1.427	461.066	435.728	27.000	453	431	27	23	10	1
0.362	4.285	15	15	5101	340.067	91.728	366.000	201	471	282.733	0.000	28.467	0.524	0.244	0.478	282.680	0.000	28.498	279	0	28	8	1	2
0.819	6.684	34	34	12847	377.853	128.469	360.000	213	679	381.971	0.441	28.471	0.607	0.285	0.552	382.043	0.400	28.417	377	0	28	10	2	2
0.410	3.633	17	17	4966	292.118	61.434	301.000	202	398	397.647	0.471	28.529	0.368	0.113	0.401	397.671	0.450	28.534	396	0	28	5	2	2
24.005	100.602	996	996	331537	332.868	96.567	310.500	200	658	424.960	9.945	28.470	3.320	1.768	3.283	425.029	9.860	28.452	399	0	28	53	23	2
1.446	9.632	60	60	19125	318.750	89.911	293.500	201	587	488.917	1.467	28.433	0.613	0.244	0.568	488.675	1.310	28.429	484	0	28	10	5	2
5.061	30.171	210	210	51953	247.395	42.207	236.000	200	387	472.114	16.143	28.338	1.347	0.593	1.312	471.909	16.318	28.323	465	10	28	18	15	2
0.940	6.721	39	39	9826	251.949	38.939	245.000	202	327	390.128	22.718	28.410	0.480	0.151	0.486	390.070	22.686	28.416	388	21	28	6	5	2
0.458	4.445	19	19	4306	226.632	16.932	224.000	200	260	384.789	29.000	28.263	0.385	0.127	0.384	384.825	29.018	28.249	383	28	28	5	3	2
0.844	6.808	35	35	10188	291.086	80.287	265.000	200	507	327.171	38.371	28.543	0.481	0.179	0.459	327.094	38.263	28.581	324	36	28	7	5	2
0.434	4.164	18	18	4531	251.722	36.549	242.000	206	318	327.222	51.056	29.000	0.409	0.162	0.422	327.187	51.112	29.000	325	49	29	5	5	1
0.289	3.034	12	12	3372	281.000	69.530	243.000	217	384	319.500	51.500	29.000	0.321	0.107	0.393	319.483	51.496	29.000	318	50	29	4	4	1
1.133	9.299	47	47	15391	327.468	73.122	326.000	207	459	281.128	73.234	29.000	0.700	0.318	0.688	281.203	73.048	29.000	275	70	29	11	7	1
0.627	5.540	26	26	6926	266.385	47.445	261.500	200	385	272.154	80.462	29.000	0.518	0.228	0.478	272.076	80.516	29.000	268	79	29	8	4	1
1.398	11.241	58	58	17598	303.414	90.679	266.500	205	528	263.845	89.690	29.000	0.758	0.311	0.757	263.821	89.830	29.000	260	84	29	8	12	1
0.506	4.728	21	21	7100	338.095	135.957	287.000	202	664	257.095	108.905	29.000	0.430	0.164	0.474	257.029	108.953	29.000	255	107	29	6	5	1
1.567	12.881	65	65	17174	264.215	51.066	248.000	200	418	241.262	122.323	29.000	0.947	0.438	0.932	240.995	122.597	29.000	235	117	29	13	11	1
0.410	4.428	17	17	4161	244.765	46.264	219.000	204	328	248.118	132.412	29.000	0.449	0.201	0.448	248.166	132.327	29.000	246	130	29	5	6	1
1.205	10.058	50	50	14222	284.440	68.924	254.500	200	428	251.600	142.700	29.000	0.741	0.331	0.710	251.498	142.890	29.000	246	139	29	11	9	1
0.916	7.605	38	38	11029	290.237	62.628	278.000	201	426	223.500	153.789	29.000	0.634	0.267	0.658	223.469	153.842	29.000	221	150	29	6	9	1
0.651	5.858	27	27	6479	239.963	34.461	230.000	201	318	231.000	154.259	29.000	0.500	0.195	0.501	231.039	154.230	29.000	228	152	29	7	6	1
12.846	84.104	533	533	204476	383.632	223.449	308.000	200	1418	241.009	175.235	29.000	3.078	1.732	2.773	242.965	173.202	29.000	220	157	29	37	41	1
0.675	5.981	28	28	7608	271.714	53.428	260.500	203	390	224.321	164.179	29.000	0.532	0.214	0.553	224.347	164.028	29.000	222	161	29	5	7	1
1.036	8.611	43	43	11496	267.349	51.877	257.000	202	383	213.442	167.256	29.000	0.663	0.278	0.666	213.429	167.406	29.000	210	163	29	7	10	1
0.362	3.599	15	15	3924	261.600	47.982	254.000	203	369	239.000	188.600	29.000	0.394	0.163	0.428	238.902	188.647	29.000	237	187	29	5	4	1
0.844	8.010	35	35	9309	265.971	75.033	235.000	202	506	219.400	240.771	29.000	0.765	0.339	0.809	219.501	240.235	29.000	216	236	29	7	11	1
0.241	2.593	10	10	2186	218.600	14.706	217.500	200	242	234.500	248.000	29.000	0.300	0.115	0.278	234.496	248.017	29.000	233	247	29	4	3	1
3.591	27.335	149	149	44246	296.953	90.989	273.000	200	668	226.114	263.436	29.000	1.592	0.845	1.490	225.957	262.904	29.000	221	251	29	11	26	1
2.025	16.975	84	84	21951	261.321	70.796	230.000	201	518	229.345	291.012	29.000	1.302	0.629	1.250	229.843	291.581	29.000	224	282	29	13	17	1
1.229	10.569	51	51	12522	245.529	26.418	244.000	205	307	239.431	306.157	29.000	0.832	0.378	0.797	239.407	306.132	29.000	236	300	29	8	12	1
1.133	9.299	47	47	11489	244.447	37.347	234.000	200	336	244.787	317.915	29.000	0.721	0.316	0.751	244.827	317.989	29.000	242	313	29	8	10	1
0.337	3.475	14	14	3252	232.286	28.677	226.500	202	296	222.000	317.786	29.000	0.377	0.172	0.354	222.021	317.839	29.000	221	315	29	3	6	1
1.253	10.499	52	52	14490	278.654	68.444	262.500	200	462	253.538	329.250	29.000	0.822	0.349	0.853	253.642	329.400	29.000	249	325	29	10	10	1
1.687	12.918	70	70	21204	302.914	62.579	308.500	205	440	228.814	339.314	29.000	0.940	0.425	0.928	228.740	339.252	29.000	225	333	29	9	13	1
0.651	6.246	27	27	7969	295.148	97.323	256.000	209	556	264.593	340.148	29.000	0.599	0.305	0.554	264.415	339.701	29.000	262	337	29	5	9	1
33.525	209.734	1391	1391	642890	462.178	244.982	401.000	200	1915	308.853	373.174	29.000	6.724	2.669	6.785	313.566	376.206	29.000	273	337	29	78	68	1
0.603	5.417	25	25	9661	386.440	146.962	360.000	205	702	234.800	349.600	29.000	0.501	0.217	0.472	234.884	349.637	29.000	231	348	29	7	5	1
0.771	7.058	32	32	10386	324.562	103.377	305.000	204	561	250.312	351.562	29.000	0.701	0.311	0.705	250.334	351.564	29.000	247	348	29	8	8	1
1.880	15.651	78	78	23236	297.897	81.690	281.000	202	606	309.231	354.090	29.000	1.206	0.649	1.183	309.417	353.933	29.000	303	348	29	17	14	1
0.795	6.793	33	33	12143	367.970	135.821	323.000	203	674	247.152	359.909	29.000	0.591	0.264	0.554	247.023	359.944	29.000	243	358	29	8	6	1
1.085	8.858	45	45	13720	304.889	65.873	305.000	203	452	359.733	387.133	29.000	0.774	0.385	0.713	359.821	387.088	29.000	354	385	29	12	5	1
5.953	44.683	247	247	74343	300.984	73.358	289.000	200	599	300.296	398.474	29.000	2.603	1.464	2.662	300.305	398.643	29.000	278	389	29	43	20	1
16.654	101.887	691	691	274499	397.249	140.879	369.000	200	950	487.064	405.826	29.000	2.910	1.352	2.810	488.238	405.532	29.000	466	395	29	46	25	1
0.892	7.869	37	37	11704	316.324	119.704	266.000	200	633	382.297	404.216	29.000	0.622	0.276	0.603	381.922	404.141	29.000	378	402	29	10	6	1
0.386	4.110	16	16	3686	230.375	24.314	225.000	203	273	395.000	406.812	29.000	0.443	0.220	0.443	394.966	406.828	29.000	393	405	29	6	5	1
0.386	4.304	16	16	3428	214.250	11.024	211.000	202	234	406.438	408.062	29.000	0.477	0.239	0.482	406.457	408.068	29.000	404	405	29	6	6	1
9.086	57.454	377	377	136630	362.414	116.451	345.000	201	832	434.520	415.703	29.000	2.139	0.975	2.115	433.691	415.640	29.000	418	407	29	33	17	1
0.313	3.352	13	13	2834	218.000	12.942	218.000	201	247	359.154	419.615	29.000	0.356	0.146	0.346	359.191	419.639	29.000	357	418	29	5	4	1
1.301	10.358	54	54	14481	268.167	43.047	259.000	201	359	378.963	422.407	29.000	0.736	0.317	0.747	378.785	422.501	29.000	375	419	29	11	8	1
0.940	8.892	39	39	9796	251.179	39.401	237.000	200	338	355.410	423.231	29.000	0.893	0.482	0.850	355.155	423.216	29.000	349	421	29	14	6	1
0.337	3.282	14	14	4039	288.500	51.360	290.500	218	383	509.500	423.714	29.000	0.347	0.120	0.380	509.509	423.738	29.000	508	422	29	4	4	1
3.446	26.012	143	143	48215	337.168	86.285	334.000	200	546	461.671	435.566	29.000	1.570	0.769	1.461	461.306	435.692	29.000	452	431	29	25	10	1
2.434	19.464	101	101	35062	347.149	148.306	316.000	201	877	421.545	434.644	29.000	1.571	0.856	1.507	420.837	434.908	29.000	408	432	29	27	7	1
