Volume (micron^3)	Surface (micron^2)	Nb of obj. voxels	Nb of surf. voxels	IntDen	Mean	StdDev	Median	Min	Max	X	Y	Z	Mean dist. to surf. (micron)	SD dist. to surf. (micron)	Median dist. to surf. (micron)	XM	YM	ZM	BX	BY	BZ	B-width	B-height	B-depth
0.362	3.509	15	15	4612	307.467	77.809	316.000	207	453	118.000	270.400	1.533	0.326	0.067	0.339	117.956	270.405	1.577	117	269	1	3	4	2
0.482	5.150	20	20	6405	320.250	109.174	281.000	206	648	166.800	308.700	1.750	0.442	0.175	0.445	166.818	308.872	1.743	165	306	1	5	6	2
93.706	274.906	3888	2857	1812225	466.107	232.530	409.000	200	1765	307.247	345.604	2.005	5.572	3.071	5.108	304.290	345.450	1.996	263	330	1	102	28	3
0.410	3.897	17	17	4131	243.000	29.232	248.000	203	286	301.588	337.529	1.941	0.385	0.132	0.412	301.596	337.521	1.946	300	337	1	4	2	3
2.217	12.911	92	76	32114	349.065	123.887	334.500	200	638	350.957	360.880	2.043	0.696	0.182	0.673	350.931	361.028	2.061	348	357	1	8	8	3
0.362	3.968	15	15	4408	293.867	66.357	287.000	204	416	313.467	360.467	1.667	0.364	0.120	0.321	313.474	360.510	1.611	312	359	1	4	3	3
1.036	7.407	43	40	10636	247.349	34.140	240.000	203	335	341.674	360.209	2.000	0.537	0.158	0.517	341.660	360.211	2.011	339	359	1	7	3	3
0.458	6.226	19	19	9604	505.474	275.438	351.000	214	1046	509.000	379.000	1.000	1.178	0.702	1.243	509.000	379.236	1.000	509	370	1	1	19	1
1.133	8.148	47	43	14808	315.064	107.631	279.000	201	653	485.894	380.468	2.255	0.530	0.124	0.546	485.944	380.408	2.383	484	378	1	5	6	3
0.241	2.928	10	10	3017	301.700	71.709	275.000	229	431	297.500	328.000	2.800	0.288	0.083	0.289	297.511	327.965	2.835	296	327	2	4	3	2
0.289	3.245	12	12	3722	310.167	106.790	287.500	200	525	510.667	378.167	2.750	0.345	0.125	0.332	510.698	378.171	2.825	510	376	2	2	5	2
464.408	1247.731	19269	8327	7583412	393.555	172.027	347.000	200	1580	46.108	188.236	15.448	9.524	4.660	9.601	45.955	188.365	15.224	0	129	3	109	107	24
1.277	10.931	53	53	13977	263.717	50.303	253.000	200	393	0.340	161.208	8.868	0.788	0.427	0.735	0.319	161.179	8.852	0	159	4	2	5	9
24.704	105.454	1025	564	338376	330.123	123.627	296.000	200	962	10.294	177.267	12.056	2.174	0.721	2.278	10.341	177.479	12.199	1	167	4	19	22	15
36.562	141.926	1517	799	480086	316.471	131.843	272.000	200	1029	36.476	203.206	11.608	2.129	0.684	2.128	36.186	203.524	11.232	26	194	4	23	17	15
19.763	103.835	820	548	249978	304.851	83.747	285.000	200	564	110.450	266.288	9.457	2.163	0.857	2.134	110.620	266.621	9.267	98	256	4	23	20	16
42.250	159.712	1753	1013	518911	296.013	84.689	272.000	200	827	121.465	257.435	15.311	2.925	1.464	2.524	121.496	257.601	15.391	100	237	4	35	36	16
25.957	94.999	1077	551	327328	303.926	120.596	266.000	200	1024	175.788	275.912	11.202	1.948	0.568	1.945	175.519	275.587	10.608	166	268	4	21	18	16
1.711	13.139	71	63	19612	276.225	93.263	244.000	203	655	164.000	287.155	5.183	0.832	0.247	0.864	163.534	286.955	5.064	160	284	4	9	7	4
0.337	3.985	14	14	3449	246.357	28.346	251.000	208	298	138.857	290.429	5.500	0.426	0.172	0.373	138.836	290.428	5.512	138	290	4	3	2	4
707.710	1735.550	29364	11647	10877294	370.430	168.523	323.000	200	1927	301.483	336.590	11.964	16.328	8.939	14.872	300.630	336.647	11.641	174	280	4	259	101	16
21.016	104.472	872	557	270132	309.784	126.261	269.500	200	1099	163.756	304.922	9.275	1.966	0.678	1.982	164.090	305.292	8.697	151	299	4	23	13	14
0.506	4.549	21	19	6022	286.762	66.290	272.000	204	441	223.000	319.333	5.857	0.422	0.127	0.448	223.053	319.345	5.873	222	318	4	3	3	4
0.506	4.867	21	19	5251	250.048	44.946	238.000	201	365	70.048	218.048	6.905	0.420	0.125	0.427	70.029	218.055	6.879	69	217	5	3	3	4
6.869	42.408	285	223	74059	259.856	69.471	239.000	200	644	150.295	285.712	13.081	1.612	0.731	1.514	150.369	285.859	12.648	145	281	5	11	10	15
21.185	109.176	879	589	232618	264.639	56.902	249.000	200	503	209.611	320.948	15.134	2.106	0.763	2.071	209.288	320.839	15.199	199	313	5	24	19	15
2.338	16.352	97	93	27957	288.216	85.721	254.000	201	571	294.330	330.619	5.474	0.922	0.387	0.926	294.407	330.644	5.404	289	326	5	11	11	3
42.442	193.396	1761	1117	537386	305.160	99.379	273.000	200	789	358.740	367.014	12.594	3.054	1.216	2.898	359.495	367.407	12.679	338	360	5	43	14	15
0.627	5.836	26	26	8990	345.769	113.330	299.500	218	600	318.808	361.692	6.231	0.483	0.184	0.500	318.796	361.738	6.128	317	361	5	5	2	4
0.410	3.827	17	17	4402	258.941	53.938	248.000	201	378	402.765	373.000	5.529	0.354	0.109	0.358	402.775	373.077	5.477	401	371	5	4	4	2
237.301	654.116	9846	4380	3512286	356.722	150.828	313.000	200	1467	468.544	369.388	12.987	6.121	2.867	5.967	468.749	369.456	12.937	416	351	5	96	32	15
0.289	3.122	12	12	3163	263.583	55.045	258.500	205	376	426.500	376.833	5.333	0.307	0.071	0.316	426.486	376.861	5.301	425	376	5	4	3	2
10.026	60.317	416	341	121762	292.697	87.275	269.000	200	721	493.851	386.219	11.370	1.646	0.673	1.627	494.235	386.392	11.123	484	383	5	19	6	15
1.326	9.770	55	43	13150	239.091	28.377	233.000	200	302	137.291	269.582	7.655	0.606	0.146	0.632	137.330	269.602	7.659	134	268	6	7	5	4
0.410	4.355	17	16	3933	231.353	25.573	218.000	200	283	357.118	362.647	7.412	0.407	0.142	0.363	357.136	362.658	7.395	356	362	6	3	3	4
11.882	56.780	493	323	142866	289.789	83.673	264.000	200	618	390.550	372.318	13.961	1.521	0.497	1.510	390.667	372.432	13.928	382	366	6	16	11	14
2.193	18.990	91	84	21722	238.703	35.492	230.000	200	378	261.912	347.066	11.462	0.898	0.382	0.808	261.807	347.113	11.418	257	344	7	9	6	9
3.953	28.794	164	135	44957	274.128	65.784	253.000	201	471	447.165	381.604	11.951	1.243	0.579	1.165	446.930	381.618	11.827	442	379	7	13	5	13
6.146	32.674	255	168	83213	326.326	138.340	269.000	200	846	69.686	231.949	13.725	1.243	0.498	1.149	69.147	232.155	14.069	64	229	8	13	7	11
0.313	3.968	13	13	2806	215.846	14.826	213.000	200	237	133.462	257.000	10.000	0.479	0.244	0.456	133.433	257.026	9.967	131	256	8	5	3	4
34.007	106.274	1411	681	381586	270.437	56.092	258.000	200	518	148.150	267.924	15.507	1.950	0.486	1.935	148.181	268.075	15.468	141	255	8	19	23	12
1.494	11.920	62	54	20636	332.839	137.139	274.000	205	777	93.177	245.000	11.661	0.771	0.342	0.687	93.082	244.760	11.456	91	243	9	5	6	7
0.410	4.355	17	15	4122	242.471	41.416	229.000	203	337	199.294	308.059	10.471	0.403	0.128	0.358	199.291	308.059	10.490	198	307	9	3	3	4
1.012	7.952	42	34	11412	271.714	58.773	250.500	204	412	203.643	312.333	11.810	0.581	0.181	0.535	203.675	312.345	11.764	202	311	10	4	4	5
4.844	26.377	201	132	61939	308.154	107.804	278.000	200	821	310.259	319.527	14.254	1.090	0.355	1.081	310.145	319.470	13.983	307	317	10	8	7	10
0.386	3.844	16	16	3819	238.688	32.415	235.500	207	319	469.000	384.625	11.688	0.378	0.142	0.347	468.994	384.651	11.688	468	384	10	3	2	4
2.748	15.112	114	79	40774	357.667	147.932	312.000	201	815	107.728	236.649	14.746	0.819	0.223	0.810	107.880	236.684	14.706	104	235	11	7	5	7
4.989	22.943	207	125	68300	329.952	105.010	303.000	201	615	300.068	318.077	13.826	0.990	0.221	1.016	300.080	318.077	13.789	295	315	11	11	6	7
0.289	3.333	12	12	2767	230.583	22.797	228.000	203	265	416.250	375.417	12.417	0.361	0.148	0.299	416.255	375.419	12.430	415	375	11	3	2	4
0.868	6.736	36	32	10699	297.194	77.503	272.000	202	519	134.944	251.917	14.611	0.535	0.204	0.516	134.933	251.916	14.588	134	251	12	3	3	6
1.928	12.237	80	62	19444	243.050	33.386	233.000	200	323	22.250	189.038	15.850	0.733	0.211	0.724	22.236	189.063	15.850	20	186	13	5	6	6
1.832	12.943	76	60	26489	348.539	153.510	282.000	200	858	129.539	246.908	16.553	0.754	0.268	0.707	129.414	246.863	16.323	128	244	13	4	7	7
1.277	10.827	53	44	14621	275.868	75.838	244.000	204	439	239.755	308.377	16.830	0.763	0.337	0.730	239.876	308.409	16.967	236	307	13	7	4	7
1.374	12.732	57	54	13979	245.246	59.801	222.000	200	478	376.263	362.053	16.070	0.957	0.386	0.939	376.077	361.819	16.385	374	359	13	6	9	7
1.518	10.262	63	53	16436	260.889	51.478	246.000	201	413	441.397	375.175	16.698	0.698	0.271	0.648	441.371	375.140	16.700	440	374	13	4	4	7
0.482	4.549	20	18	5134	256.700	46.520	249.000	202	357	51.650	217.100	15.650	0.424	0.136	0.379	51.619	217.075	15.670	51	216	14	3	3	4
0.265	2.681	11	11	2579	234.455	15.604	239.000	211	264	142.091	251.545	14.545	0.298	0.055	0.318	142.124	251.534	14.530	141	251	14	3	2	2
0.554	5.255	23	22	5383	234.043	28.554	231.000	200	311	167.957	270.174	16.217	0.466	0.178	0.420	167.940	270.158	16.210	167	269	14	3	3	5
1.253	11.021	52	45	15135	291.058	72.871	269.500	207	482	132.288	277.250	16.769	0.755	0.289	0.761	132.127	277.170	16.879	130	275	14	7	6	6
0.699	6.137	29	25	6742	232.483	29.038	222.000	200	292	194.483	304.586	15.724	0.480	0.124	0.487	194.489	304.588	15.732	193	303	14	4	4	4
0.337	3.650	14	14	3447	246.214	47.499	225.000	202	342	229.929	331.429	15.643	0.359	0.134	0.326	229.931	331.405	15.623	229	331	14	3	2	4
1.301	9.928	54	46	14334	265.444	53.393	263.000	203	398	236.444	335.074	17.259	0.670	0.240	0.690	236.407	335.037	17.357	234	333	14	5	5	6
1.109	9.627	46	46	11447	248.848	51.063	225.000	201	380	430.326	380.609	17.000	0.637	0.254	0.635	430.428	380.662	17.035	427	380	14	7	2	6
0.337	3.527	14	14	3413	243.786	30.574	247.500	203	291	97.357	251.429	16.786	0.387	0.157	0.368	97.367	251.431	16.769	96	251	15	3	2	4
0.771	7.564	32	31	7942	248.188	36.692	243.500	205	321	224.031	334.781	17.844	0.538	0.211	0.515	224.042	334.841	17.789	222	333	15	5	4	5
2.844	16.508	118	96	29729	251.941	35.616	243.000	200	335	506.551	383.966	17.814	0.878	0.299	0.884	506.603	383.972	17.846	502	382	15	10	5	5
1.060	9.135	44	39	10179	231.341	30.151	219.000	200	309	259.000	345.364	18.068	0.636	0.251	0.602	259.089	345.364	18.095	255	344	16	8	4	4
0.819	6.525	34	32	8856	260.471	40.246	256.500	204	356	334.941	361.265	17.824	0.512	0.156	0.520	334.925	361.278	17.854	333	360	16	5	3	4
0.458	4.692	19	19	5366	282.421	64.402	273.000	209	463	109.053	199.158	17.842	0.430	0.174	0.437	109.051	199.130	17.860	108	197	17	3	6	2
0.530	5.187	22	22	5249	238.591	32.383	235.000	200	306	101.273	200.909	17.909	0.470	0.204	0.478	101.187	200.922	17.918	99	199	17	7	4	2
0.362	3.580	15	14	3996	266.400	55.659	253.000	203	384	247.267	334.000	18.400	0.345	0.076	0.347	247.291	334.045	18.463	246	333	17	3	3	3
0.265	3.192	11	11	2700	245.455	39.707	229.000	205	311	457.545	383.364	18.455	0.341	0.116	0.288	457.544	383.382	18.509	456	383	17	4	2	3
0.289	3.192	12	12	3071	255.917	43.835	245.500	201	346	292.333	355.667	18.583	0.329	0.092	0.293	292.393	355.696	18.628	291	355	18	4	2	2
0.313	3.703	13	13	2890	222.308	15.516	219.000	203	257	409.769	361.846	18.615	0.359	0.114	0.343	409.782	361.856	18.635	408	361	18	4	3	2
0.289	3.034	12	12	2781	231.750	16.987	234.000	204	252	11.667	180.333	20.000	0.338	0.134	0.356	11.649	180.376	20.000	10	179	20	4	4	1
0.386	4.304	16	16	3792	237.000	26.954	233.500	203	290	16.750	183.875	20.000	0.447	0.213	0.453	16.745	183.897	20.000	15	181	20	5	7	1
1.350	10.993	56	56	17147	306.196	74.560	293.500	210	528	105.500	200.196	20.000	0.853	0.382	0.871	105.826	200.257	20.000	99	197	20	13	7	1
0.313	3.352	13	13	3340	256.923	35.404	255.000	202	320	41.231	210.154	20.000	0.342	0.133	0.345	41.196	210.154	20.000	40	208	20	4	5	1
0.627	5.540	26	26	9900	380.769	144.190	325.000	203	671	62.346	221.769	20.000	0.514	0.219	0.491	62.365	221.759	20.000	59	220	20	7	5	1
0.313	3.352	13	13	2835	218.077	11.273	212.000	205	236	144.231	271.462	21.000	0.367	0.163	0.368	144.242	271.485	21.000	143	269	21	4	5	1
5.326	26.067	221	154	59030	267.104	54.889	251.000	200	447	154.910	265.801	23.887	1.026	0.262	1.005	154.952	265.769	23.828	149	261	21	11	11	6
0.506	4.922	21	21	4638	220.857	16.680	219.000	200	255	153.429	282.333	21.000	0.471	0.196	0.438	153.455	282.348	21.000	150	281	21	7	4	1
2.603	18.778	108	108	35649	330.083	99.287	317.000	200	618	190.157	288.731	21.000	1.085	0.481	1.044	190.239	288.763	21.000	184	283	21	16	11	1
0.313	3.352	13	13	2950	226.923	15.671	222.000	201	256	178.846	291.923	21.000	0.379	0.181	0.367	178.846	291.921	21.000	176	291	21	6	3	1
1.036	9.193	43	43	11053	257.047	42.903	253.000	202	384	211.488	296.930	21.000	0.857	0.438	0.873	211.250	296.883	21.000	206	295	21	13	5	1
0.506	5.310	21	21	4773	227.286	19.270	225.000	201	262	225.190	304.714	21.000	0.579	0.291	0.552	225.123	304.702	21.000	222	302	21	8	6	1
0.578	5.099	24	24	7047	293.625	61.660	289.500	204	400	211.125	313.458	21.000	0.460	0.167	0.477	211.187	313.394	21.000	209	311	21	5	6	1
11.545	79.368	479	479	158510	330.919	112.532	308.000	200	952	260.576	325.221	21.000	3.243	1.326	3.244	260.807	325.061	21.000	237	311	21	45	30	1
1.253	10.111	52	52	15608	300.154	68.893	284.500	202	448	205.288	320.865	21.000	0.794	0.356	0.791	205.263	320.908	21.000	203	315	21	6	12	1
0.940	8.504	39	39	10611	272.077	67.429	234.000	203	431	213.974	328.718	21.000	0.724	0.369	0.676	213.589	328.658	21.000	209	326	21	12	6	1
0.434	4.358	18	18	4586	254.778	48.294	244.500	201	352	235.444	334.278	21.000	0.438	0.191	0.414	235.365	334.245	21.000	233	332	21	6	5	1
15.304	102.915	635	635	209308	329.619	127.073	289.000	200	852	352.420	349.556	21.000	5.278	2.593	5.501	356.619	349.837	21.000	314	337	21	82	22	1
1.133	10.463	47	47	10949	232.957	34.419	220.000	200	357	253.553	343.362	21.000	0.817	0.363	0.862	253.326	343.178	21.000	249	339	21	11	9	1
0.578	5.293	24	24	6159	256.625	46.933	239.500	200	360	482.583	351.292	21.000	0.500	0.218	0.463	482.459	351.276	21.000	479	350	21	8	4	1
13.810	93.701	573	573	189708	331.079	141.814	285.000	200	991	456.998	359.490	21.000	3.558	1.829	3.536	457.637	359.195	21.000	428	351	21	58	21	1
0.386	3.723	16	16	5264	329.000	94.710	302.000	222	510	405.500	354.000	21.000	0.372	0.132	0.411	405.416	353.972	21.000	404	352	21	4	5	1
1.157	10.198	48	48	12173	253.604	32.534	248.000	201	308	419.646	356.312	21.000	0.814	0.422	0.757	419.693	356.315	21.000	413	354	21	14	6	1
0.265	3.299	11	11	3298	299.818	74.844	290.000	200	436	293.455	355.818	21.000	0.435	0.256	0.387	293.250	355.810	21.000	291	355	21	7	3	1
2.748	21.070	114	114	31596	277.158	59.985	260.000	201	415	497.851	364.754	21.000	1.178	0.539	1.175	497.522	364.677	21.000	490	358	21	18	13	1
0.241	2.593	10	10	3015	301.500	69.744	301.500	217	436	374.800	360.000	21.000	0.291	0.113	0.308	374.805	360.045	21.000	373	359	21	4	3	1
7.182	51.956	298	298	88006	295.322	81.736	273.500	201	610	414.993	371.044	21.000	2.408	1.219	2.251	416.116	371.316	21.000	397	359	21	36	23	1
0.313	3.352	13	13	3484	268.000	48.845	261.000	205	342	348.308	366.692	21.000	0.350	0.139	0.368	348.328	366.810	21.000	346	365	21	5	4	1
0.795	7.181	33	33	10671	323.364	103.559	298.000	200	598	363.182	368.909	21.000	0.634	0.295	0.606	363.438	369.180	21.000	359	366	21	10	6	1
0.241	2.787	10	10	2299	229.900	29.738	214.000	203	280	442.400	375.500	21.000	0.318	0.132	0.370	442.414	375.483	21.000	441	374	21	4	4	1
0.482	4.605	20	20	4781	239.050	27.805	235.000	201	292	498.000	376.950	21.000	0.424	0.168	0.491	497.976	376.923	21.000	496	374	21	5	6	1
0.337	3.282	14	14	3331	237.929	30.399	236.500	200	294	504.714	379.500	21.000	0.347	0.120	0.380	504.756	379.530	21.000	503	378	21	4	4	1
0.241	2.787	10	10	3869	386.900	156.497	397.000	211	662	458.200	383.400	21.000	0.324	0.145	0.324	458.112	383.479	21.000	456	382	21	5	3	1
0.386	4.304	16	16	3625	226.562	22.247	218.000	200	272	504.750	384.938	21.000	0.460	0.232	0.464	504.671	384.942	21.000	502	384	21	7	3	1
0.410	3.968	17	16	3995	235.000	23.356	232.000	200	286	10.882	179.941	22.765	0.385	0.100	0.387	10.890	179.965	22.723	10	179	22	3	3	3
2.290	14.021	95	77	24692	259.916	44.067	249.000	200	410	104.695	187.958	24.737	0.737	0.192	0.729	104.614	187.882	24.800	101	185	22	7	7	5
6.049	25.167	251	169	75068	299.076	71.331	288.000	200	519	81.514	197.805	24.143	1.027	0.198	1.032	81.520	197.706	24.182	78	193	22	9	10	5
1.109	9.014	46	45	11924	259.217	56.362	241.000	202	430	107.783	199.609	22.413	0.552	0.191	0.582	107.868	199.679	22.379	104	197	22	7	6	3
24.848	95.467	1031	681	358231	347.460	155.917	298.000	200	1162	63.372	213.187	23.535	2.009	0.738	1.960	63.379	213.482	23.365	53	198	22	26	27	5
89.946	276.251	3732	2171	1163043	311.641	93.257	289.500	200	881	111.096	241.296	24.051	5.132	2.484	4.962	111.638	241.829	24.055	81	203	22	59	67	5
0.386	3.703	16	15	4464	279.000	65.281	272.500	205	443	93.812	204.938	22.562	0.352	0.079	0.347	93.808	204.923	22.496	93	204	22	3	3	3
1.109	8.359	46	42	11324	246.174	38.193	235.500	200	335	41.304	211.152	22.891	0.556	0.156	0.533	41.298	211.112	22.823	39	209	22	5	5	4
0.675	5.432	28	26	10171	363.250	131.719	330.000	206	749	108.929	210.071	22.857	0.440	0.100	0.457	108.932	210.050	22.703	107	209	22	4	4	3
2.458	15.261	102	102	26781	262.559	54.891	243.000	200	436	88.706	223.745	22.343	0.786	0.301	0.811	88.723	223.683	22.299	84	219	22	10	10	2
0.265	2.928	11	11	2602	236.545	29.676	227.000	204	293	130.182	243.273	22.273	0.301	0.079	0.320	130.186	243.307	22.262	129	242	22	3	3	2
1.663	10.175	69	55	19822	287.275	91.077	259.000	200	608	160.232	261.333	23.594	0.651	0.162	0.656	160.251	261.290	23.391	158	259	22	5	5	5
0.313	3.650	13	13	2844	218.769	13.779	214.000	201	239	143.462	263.846	25.000	0.393	0.176	0.414	143.454	263.852	24.998	143	263	23	2	3	4
0.578	5.572	24	23	5377	224.042	18.740	219.000	200	259	138.708	266.833	24.583	0.476	0.184	0.445	138.699	266.875	24.626	138	265	23	3	5	4
16.533	72.443	686	493	198712	289.668	73.690	270.500	200	608	185.319	283.507	24.566	2.253	1.127	2.101	185.584	283.921	24.538	168	273	23	36	20	4
0.795	5.766	33	31	7100	215.152	11.459	213.000	200	240	157.970	278.030	24.455	0.497	0.150	0.420	157.969	278.020	24.465	157	277	23	3	3	4
0.603	5.238	25	23	7298	291.920	69.412	272.000	204	470	167.600	281.800	25.200	0.444	0.133	0.443	167.613	281.824	25.276	166	281	23	4	3	4
0.578	4.867	24	23	6147	256.125	39.149	249.000	201	331	207.250	289.083	24.917	0.442	0.142	0.452	207.274	289.069	24.978	206	288	23	3	3	4
2.844	14.215	118	93	43009	364.483	125.160	325.500	200	688	210.992	312.237	24.424	0.761	0.145	0.755	211.067	312.150	24.417	207	310	23	8	7	4
2.073	13.299	86	79	24876	289.256	66.597	271.000	202	478	255.535	313.209	23.965	0.768	0.272	0.760	255.501	313.186	23.909	251	311	23	11	6	4
2.507	18.165	104	94	25913	249.163	43.219	236.500	201	409	205.933	318.606	24.413	0.840	0.313	0.810	206.010	318.598	24.433	203	314	23	8	12	4
1.181	8.359	49	42	14577	297.490	88.670	270.000	200	523	231.673	316.429	25.020	0.550	0.129	0.547	231.595	316.399	25.116	229	315	23	6	4	4
29.693	110.198	1232	848	371262	301.349	88.589	275.000	200	705	263.222	326.929	24.338	2.994	1.463	2.887	262.736	326.763	24.326	236	319	23	47	21	4
1.374	10.264	57	53	14010	245.789	41.055	234.000	200	349	212.351	328.561	24.105	0.628	0.191	0.596	212.262	328.586	23.989	209	326	23	7	6	4
0.916	7.354	38	34	9723	255.868	58.708	233.000	201	415	234.447	333.263	24.000	0.543	0.156	0.516	234.446	333.315	23.917	233	330	23	4	6	4
6.965	28.063	289	210	74854	259.010	35.975	254.000	200	361	252.986	343.228	24.616	1.081	0.278	1.070	253.083	343.162	24.617	246	338	23	13	11	4
49.070	164.873	2036	1375	650395	319.447	140.516	266.000	200	929	354.471	349.251	24.422	4.835	2.456	5.152	358.622	349.436	24.403	319	339	23	75	17	4
71.822	237.035	2980	1951	1012443	339.746	135.254	296.000	200	1124	468.029	355.383	24.514	4.962	2.624	4.664	468.471	355.020	24.543	428	345	23	84	23	4
0.627	6.755	26	26	5527	212.577	10.424	209.000	201	235	315.923	351.385	23.923	0.571	0.230	0.596	315.886	351.388	23.900	314	350	23	6	4	4
2.723	23.687	113	112	25795	228.274	23.439	222.000	200	306	420.522	354.522	24.504	1.111	0.427	1.088	420.543	354.527	24.498	414	349	23	15	11	4
2.121	19.167	88	88	22881	260.011	54.882	240.500	200	417	295.045	356.023	24.614	1.042	0.545	0.937	294.998	356.067	24.594	289	353	23	16	7	4
0.289	3.914	12	12	2623	218.583	12.595	218.000	201	241	307.667	359.167	24.500	0.478	0.197	0.526	307.682	359.175	24.507	306	359	23	4	2	4
32.754	100.360	1359	853	447758	329.476	111.931	302.000	200	858	415.498	370.468	24.497	2.532	1.082	2.480	416.518	370.605	24.495	398	360	23	35	22	4
0.892	7.177	37	35	8828	238.595	28.531	234.000	200	299	348.865	367.216	24.297	0.537	0.167	0.565	348.869	367.262	24.254	347	366	23	5	3	4
1.615	12.521	67	65	17501	261.209	69.175	231.000	201	535	363.373	369.478	24.030	0.701	0.274	0.711	363.546	369.601	23.938	360	367	23	10	5	4
0.578	4.903	24	24	5497	229.042	22.962	225.500	201	282	440.333	367.583	23.458	0.448	0.162	0.441	440.261	367.579	23.431	438	367	23	6	3	2
0.699	6.137	29	28	6717	231.621	20.936	223.000	203	273	478.483	371.276	24.414	0.520	0.200	0.553	478.498	371.287	24.393	477	370	23	4	5	4
0.289	3.386	12	12	2746	228.833	27.219	218.500	202	279	442.250	375.000	23.500	0.327	0.100	0.322	442.269	375.016	23.462	441	374	23	3	3	3
8.267	37.446	343	250	104630	305.044	82.844	283.000	200	585	496.592	381.431	24.615	1.227	0.374	1.266	496.405	381.290	24.698	490	375	23	15	14	4
0.699	5.890	29	26	6768	233.379	30.910	220.000	204	321	475.828	376.759	24.897	0.488	0.148	0.476	475.811	376.723	24.965	475	375	23	3	4	4
0.603	4.920	25	23	7220	288.800	89.942	242.000	200	533	458.560	383.240	23.800	0.425	0.092	0.438	458.506	383.327	23.666	457	382	23	4	3	3
0.940	8.924	39	37	9793	251.103	53.141	229.000	201	403	116.359	207.718	25.462	0.651	0.228	0.684	116.281	207.880	25.492	114	204	24	6	8	3
1.036	8.536	43	40	10373	241.233	40.308	231.000	201	373	401.419	350.512	25.395	0.588	0.213	0.611	401.535	350.564	25.416	398	348	24	7	6	3
0.482	4.409	20	19	5774	288.700	80.126	271.000	204	476	375.850	363.650	25.250	0.397	0.104	0.395	375.841	363.626	25.354	375	362	24	3	4	3
0.265	2.804	11	11	2708	246.182	29.027	240.000	216	307	214.364	323.818	25.636	0.298	0.063	0.298	214.360	323.810	25.661	213	323	25	3	3	2
