Volume (micron^3)	Surface (micron^2)	Nb of obj. voxels	Nb of surf. voxels	IntDen	Mean	StdDev	Median	Min	Max	X	Y	Z	Mean dist. to surf. (micron)	SD dist. to surf. (micron)	Median dist. to surf. (micron)	XM	YM	ZM	BX	BY	BZ	B-width	B-height	B-depth
0.916	7.230	38	34	8735	229.868	26.443	222.000	200	301	211.184	109.658	2.342	0.536	0.165	0.541	211.156	109.708	2.303	210	108	1	4	5	4
0.747	5.679	31	27	9855	317.903	103.155	282.000	201	548	196.355	113.548	1.774	0.460	0.077	0.472	196.372	113.567	1.704	195	112	1	4	4	3
5.423	22.683	225	162	60266	267.849	53.883	253.000	200	420	215.044	116.453	2.653	0.993	0.263	0.946	215.036	116.340	2.636	211	112	1	9	12	4
3.543	23.226	147	132	34293	233.286	25.442	228.000	200	310	227.497	117.673	2.361	1.076	0.452	1.020	227.494	117.702	2.372	222	112	1	13	12	4
4.194	23.405	174	145	41585	238.994	30.216	232.500	200	332	235.259	127.920	2.879	1.000	0.350	0.948	235.172	127.914	2.930	229	125	1	14	8	4
2.097	12.433	87	69	21847	251.115	35.511	243.000	202	342	287.851	136.701	2.862	0.702	0.168	0.716	287.882	136.751	2.934	285	134	1	7	6	4
3.181	19.860	132	115	32066	242.924	35.525	232.500	200	351	250.303	137.841	2.924	0.960	0.384	0.940	250.463	137.880	2.929	244	135	1	12	7	4
1.663	9.840	69	57	20948	303.594	93.454	275.000	200	603	267.014	142.435	2.667	0.640	0.135	0.649	267.014	142.409	2.830	265	141	1	6	4	4
2.386	18.929	99	94	22562	227.899	20.006	225.000	200	284	261.424	147.838	3.495	1.163	0.506	1.190	261.418	147.837	3.508	253	143	1	17	10	4
0.675	6.226	28	28	6218	222.071	15.126	222.500	200	256	276.429	151.000	3.464	0.549	0.203	0.549	276.429	150.958	3.473	275	149	1	4	6	4
3.109	17.513	129	104	33786	261.907	54.630	244.000	201	436	287.845	157.132	2.566	0.829	0.235	0.799	287.940	157.101	2.509	282	154	1	10	8	4
0.265	2.804	11	11	2451	222.818	16.222	221.000	202	261	301.364	159.182	1.364	0.298	0.063	0.298	301.352	159.180	1.358	300	158	1	3	3	2
1.591	9.947	66	57	16856	255.394	40.793	243.500	200	346	196.091	160.364	2.742	0.647	0.172	0.638	196.040	160.373	2.743	194	159	1	7	4	4
4.025	25.822	167	149	39093	234.090	33.960	222.000	200	374	312.108	167.000	3.030	1.192	0.438	1.179	312.242	167.038	3.051	303	164	1	18	8	4
1.639	13.740	68	67	15772	231.941	23.099	229.000	200	280	191.574	168.000	3.353	0.816	0.266	0.800	191.582	167.972	3.349	189	164	1	6	10	4
21.571	112.795	895	701	237897	265.807	65.144	246.000	200	620	345.839	183.561	2.639	3.409	1.611	3.526	346.181	183.879	2.628	322	167	1	47	25	4
0.892	8.006	37	36	8500	229.730	20.588	230.000	200	265	338.324	175.297	2.405	0.561	0.202	0.579	338.365	175.328	2.434	336	173	1	6	5	4
5.182	28.432	215	176	49521	230.330	26.623	222.000	200	338	240.944	188.633	2.819	1.006	0.323	0.989	240.983	188.715	2.850	236	182	1	11	13	4
1.085	8.589	45	42	10414	231.422	26.215	227.000	200	289	227.756	191.244	3.356	0.562	0.191	0.551	227.775	191.248	3.385	224	190	1	8	4	4
1.301	8.182	54	47	17332	320.963	105.174	286.500	203	609	372.463	195.056	2.667	0.584	0.133	0.586	372.463	195.040	2.811	371	193	1	4	5	4
1.253	9.998	52	49	11582	222.731	15.417	219.500	200	254	364.173	195.635	2.519	0.647	0.204	0.666	364.219	195.644	2.531	361	194	1	7	4	4
2.362	17.460	98	85	24497	249.969	64.774	222.000	200	506	377.827	204.857	2.980	0.809	0.298	0.805	377.657	204.866	3.100	373	201	1	10	9	4
0.988	8.834	41	38	9821	239.537	29.159	233.000	201	317	235.585	206.122	2.463	0.611	0.222	0.640	235.642	206.101	2.502	232	205	1	7	4	4
0.410	4.232	17	17	3746	220.353	14.291	216.000	202	248	240.588	210.471	2.882	0.425	0.181	0.396	240.596	210.475	2.919	240	209	1	3	3	4
1.398	8.570	58	49	19482	335.897	110.937	315.000	200	611	276.741	218.534	2.586	0.601	0.126	0.633	276.822	218.501	2.600	275	217	1	5	4	4
0.651	5.819	27	26	6203	229.741	22.139	221.000	202	269	384.519	218.259	3.037	0.466	0.156	0.449	384.512	218.255	3.062	383	217	1	4	4	4
1.687	11.268	70	61	21122	301.743	81.629	276.500	200	539	240.471	230.086	2.529	0.674	0.194	0.665	240.228	230.013	2.508	237	228	1	7	5	4
5.013	31.413	208	176	51716	248.635	38.274	238.500	200	404	395.312	232.673	2.769	1.279	0.543	1.196	395.313	232.566	2.734	388	228	1	16	13	4
2.314	12.504	96	76	31125	324.219	102.067	304.000	200	593	289.854	237.219	2.542	0.736	0.175	0.723	289.949	237.428	2.434	287	233	1	6	8	4
0.844	6.277	35	32	9774	279.257	58.144	273.000	201	430	296.143	240.971	2.314	0.508	0.145	0.496	296.117	240.953	2.228	295	240	1	4	3	4
7.978	41.307	331	261	91104	275.239	77.802	247.000	200	519	308.613	246.855	2.625	1.454	0.651	1.377	307.933	246.513	2.627	299	242	1	22	12	4
1.856	11.588	77	65	19671	255.468	51.684	239.000	201	418	409.429	246.026	1.974	0.666	0.175	0.642	409.442	245.892	1.908	407	243	1	6	7	4
0.241	3.015	10	10	2153	215.300	8.870	216.500	202	229	287.600	249.500	2.900	0.365	0.189	0.385	287.586	249.494	2.915	287	249	1	2	2	4
0.627	5.642	26	24	6197	238.346	24.819	235.000	202	279	322.038	255.731	2.500	0.488	0.159	0.480	322.060	255.718	2.486	321	255	1	3	3	4
4.194	27.356	174	155	40924	235.195	35.224	228.000	200	418	338.132	258.580	2.931	1.260	0.539	1.226	338.225	258.479	2.969	329	254	1	16	8	4
1.615	12.203	67	61	17326	258.597	43.328	252.000	203	366	396.896	268.582	2.134	0.764	0.239	0.780	396.910	268.677	2.105	395	264	1	4	9	4
0.265	3.403	11	11	2970	270.000	43.493	275.000	204	336	454.182	265.545	2.091	0.396	0.180	0.424	454.211	265.535	2.031	453	265	1	3	2	4
0.578	5.485	24	23	5683	236.792	35.588	230.000	200	317	386.250	266.125	3.000	0.494	0.207	0.451	386.204	266.143	3.092	384	265	1	5	3	4
2.290	14.125	95	77	23516	247.537	36.769	234.000	202	326	428.147	271.105	2.463	0.753	0.206	0.772	428.148	271.108	2.468	425	268	1	7	8	4
7.664	32.101	318	227	111549	350.783	117.799	324.500	200	909	339.261	274.682	2.547	1.235	0.425	1.215	339.413	274.683	2.519	330	270	1	18	10	4
0.386	4.162	16	16	3364	210.250	7.733	211.000	200	225	437.562	279.875	2.562	0.477	0.191	0.575	437.562	279.866	2.554	437	279	1	3	3	4
0.265	3.209	11	11	2620	238.182	29.505	238.000	206	301	466.909	280.727	1.909	0.346	0.132	0.399	466.907	280.734	1.865	466	280	1	3	2	3
3.374	17.390	140	108	40748	291.057	70.075	276.500	201	506	427.600	285.214	2.614	0.840	0.210	0.819	427.544	285.231	2.661	422	282	1	10	7	4
71.918	282.865	2984	2103	897177	300.663	92.114	276.000	200	923	468.188	314.450	2.624	4.704	2.637	4.571	467.395	313.866	2.641	440	288	1	69	56	4
1.036	9.382	43	43	9802	227.953	19.535	225.000	201	281	431.419	293.605	3.070	0.648	0.221	0.644	431.425	293.612	3.105	429	291	1	5	6	4
2.073	12.433	86	71	21684	252.140	37.170	241.000	201	357	391.291	295.721	2.860	0.694	0.176	0.701	391.301	295.765	2.903	388	293	1	6	8	4
0.289	3.333	12	12	2479	206.583	6.288	206.000	200	220	435.833	293.500	1.833	0.358	0.123	0.378	435.839	293.505	1.831	435	293	1	3	2	3
1.398	10.175	58	50	13933	240.224	25.708	240.000	200	303	432.690	321.190	2.500	0.621	0.146	0.639	432.639	321.184	2.523	430	319	1	6	5	4
1.518	9.452	63	52	30100	477.778	239.756	400.000	200	1133	508.571	325.873	2.270	0.616	0.124	0.602	508.568	325.869	2.106	506	324	1	5	5	4
11.352	56.159	471	364	119610	253.949	43.934	245.000	200	442	496.270	352.813	2.764	2.092	1.140	1.852	496.237	352.650	2.820	485	341	1	25	26	4
0.578	5.766	24	22	5651	235.458	33.297	226.500	201	320	473.125	347.125	2.375	0.501	0.165	0.559	473.128	347.118	2.414	472	346	1	3	4	4
0.241	3.209	10	10	2395	239.500	33.401	232.000	206	300	345.300	282.300	3.200	0.349	0.125	0.353	345.361	282.345	3.225	344	282	2	3	2	3
0.410	4.479	17	17	5194	305.529	94.468	280.000	209	521	413.824	312.824	3.353	0.397	0.139	0.384	413.802	312.854	3.471	412	312	2	5	3	3
0.241	2.487	10	10	2388	238.800	25.059	237.000	202	285	221.200	106.500	3.600	0.289	0.056	0.282	221.179	106.490	3.636	220	106	3	3	2	2
0.337	3.616	14	14	3032	216.571	12.550	217.000	200	241	196.571	152.071	3.857	0.338	0.113	0.356	196.587	152.061	3.863	195	151	3	4	4	2
0.506	4.515	21	21	5266	250.762	43.392	248.000	206	344	223.429	213.143	3.619	0.372	0.095	0.387	223.415	213.175	3.648	222	212	3	4	4	2
0.530	5.715	22	22	5149	234.045	29.800	226.000	200	305	287.864	254.318	3.818	0.479	0.216	0.457	287.840	254.347	3.833	284	252	3	8	5	2
0.434	4.304	18	18	4715	261.944	50.916	259.500	200	368	348.500	260.889	3.889	0.403	0.163	0.376	348.524	260.889	3.911	346	260	3	6	3	2
0.241	3.122	10	10	2177	217.700	13.124	213.500	204	243	416.500	262.900	3.800	0.336	0.146	0.324	416.503	262.905	3.809	414	262	3	5	3	2
0.386	4.181	16	16	3916	244.750	36.152	234.000	201	321	418.688	277.062	3.938	0.416	0.181	0.439	418.750	276.942	3.949	417	275	3	4	6	2
0.434	4.164	18	18	4356	242.000	31.069	239.000	200	296	385.667	225.333	4.000	0.421	0.175	0.423	385.641	225.308	4.000	384	223	4	5	5	1
0.530	4.852	22	22	5294	240.636	22.815	243.500	202	274	352.864	284.045	4.000	0.438	0.165	0.498	352.849	284.095	4.000	350	282	4	6	5	1
0.313	3.546	13	13	2800	215.385	17.022	207.000	200	248	402.538	299.231	4.000	0.442	0.209	0.411	402.495	299.181	4.000	400	298	4	6	4	1
0.241	2.804	10	10	2298	229.800	27.804	223.500	200	287	221.000	106.800	6.300	0.294	0.074	0.300	220.994	106.808	6.280	220	106	6	3	3	2
0.916	7.829	38	34	8782	231.105	23.491	224.000	201	294	211.053	108.395	9.184	0.634	0.294	0.557	211.036	108.407	9.221	210	107	6	3	4	7
1.350	10.070	56	53	12786	228.321	17.705	227.500	201	265	226.250	114.661	6.857	0.664	0.261	0.667	226.244	114.624	6.842	224	112	6	5	8	4
75.726	212.296	3142	1483	899110	286.159	78.121	265.000	200	821	224.546	126.282	10.745	3.269	1.326	3.303	225.344	126.742	10.868	204	113	6	44	30	9
0.313	3.139	13	13	3062	235.538	25.181	232.000	207	282	200.462	120.615	6.923	0.359	0.129	0.408	200.457	120.628	6.884	200	120	6	2	3	3
15.425	75.968	640	428	163293	255.145	49.806	241.000	200	422	288.384	135.792	10.484	1.667	0.486	1.687	288.567	136.019	10.490	280	127	6	18	18	9
1.639	15.691	68	66	17929	263.662	50.595	250.000	203	405	295.824	133.338	10.309	0.941	0.456	0.902	295.784	133.260	10.212	293	131	6	7	5	9
40.225	113.877	1669	790	488425	292.645	87.013	270.000	200	773	258.300	146.114	9.421	2.171	0.597	2.073	258.244	146.139	9.455	244	136	6	27	19	9
11.617	51.702	482	300	144890	300.602	84.896	275.000	200	639	190.324	137.896	10.805	1.427	0.396	1.451	190.502	137.843	10.914	184	132	6	12	13	9
60.133	238.861	2495	1488	678243	271.841	87.806	247.000	200	1058	196.877	160.929	10.966	2.706	0.958	2.703	197.182	160.938	10.986	184	146	6	27	37	9
76.112	201.355	3158	1464	984496	311.747	101.559	286.000	200	1122	296.631	163.470	10.665	3.315	1.400	3.159	296.712	163.664	10.907	274	150	6	46	30	9
0.265	3.175	11	11	2565	233.182	28.028	225.000	203	281	317.273	165.909	6.091	0.311	0.115	0.319	317.305	165.946	6.080	316	164	6	4	4	2
0.530	4.814	22	22	5326	242.091	28.685	241.000	202	292	180.455	173.136	8.091	0.487	0.223	0.445	180.474	173.158	8.111	180	172	6	2	3	5
81.149	253.614	3367	1686	1020630	303.127	110.435	267.000	200	1094	337.979	188.474	9.888	3.250	1.259	3.208	337.529	188.471	9.989	317	172	6	48	33	9
50.420	151.470	2092	1029	597350	285.540	72.862	267.000	200	599	234.242	191.620	10.450	2.530	0.924	2.330	233.978	191.604	10.545	216	183	6	38	21	9
0.482	4.409	20	19	5189	259.450	43.889	244.000	202	356	253.750	191.700	6.800	0.397	0.100	0.403	253.767	191.674	6.749	252	191	6	4	3	3
0.410	3.880	17	17	4717	277.471	66.962	262.000	203	412	372.471	194.765	6.353	0.346	0.085	0.356	372.452	194.771	6.313	371	193	6	4	4	2
118.843	353.511	4931	2384	1568346	318.058	127.171	276.000	200	1233	382.201	227.004	10.748	4.854	2.335	4.832	383.295	228.326	10.904	357	196	6	54	63	9
7.640	37.846	317	228	78370	247.224	35.977	240.000	200	366	210.334	202.738	11.666	1.260	0.431	1.220	210.357	202.670	11.672	206	198	6	11	11	9
14.605	78.489	606	439	160955	265.602	51.141	255.000	200	443	227.776	213.360	10.376	2.098	0.839	2.065	227.729	213.385	10.397	216	208	6	32	13	9
0.289	3.122	12	12	2962	246.833	38.755	240.000	203	321	232.500	215.833	6.333	0.307	0.071	0.316	232.501	215.878	6.301	231	215	6	4	3	2
0.313	3.245	13	13	3292	253.231	48.229	242.000	202	359	277.385	217.923	6.308	0.320	0.083	0.311	277.422	217.914	6.276	276	217	6	4	3	2
10.653	49.664	442	282	117931	266.812	56.731	253.000	200	467	270.670	223.826	11.122	1.498	0.513	1.411	270.684	223.796	11.216	265	216	6	11	19	9
16.919	77.064	702	460	183129	260.868	62.985	242.000	200	622	287.087	233.001	10.336	1.953	0.822	1.780	287.311	233.194	10.475	276	222	6	21	22	9
10.388	41.087	431	240	144997	336.420	101.608	318.000	200	645	255.032	236.397	10.742	1.332	0.345	1.346	255.069	236.431	10.882	251	232	6	10	11	9
35.911	98.976	1490	681	492227	330.354	110.677	308.000	200	865	310.789	245.402	10.532	2.127	0.580	2.085	311.164	245.643	10.737	300	235	6	23	20	9
21.402	85.382	888	525	265769	299.289	88.878	278.000	200	714	280.671	249.627	9.867	1.881	0.638	1.819	280.181	249.454	9.897	271	243	6	22	15	9
52.396	207.231	2174	1324	625944	287.923	87.883	261.000	200	1106	349.626	254.320	10.703	3.063	1.394	2.732	350.434	254.293	10.850	326	245	6	50	18	9
3.471	21.653	144	121	33888	235.333	28.557	226.500	200	328	414.833	263.847	10.215	1.124	0.434	1.169	414.767	263.900	10.321	411	262	6	10	5	9
1.422	11.568	59	52	14180	240.339	29.992	238.000	200	313	388.797	270.017	8.339	0.786	0.349	0.752	388.769	269.996	8.321	385	266	6	7	7	6
7.038	33.294	292	196	125876	431.082	238.213	343.500	200	1244	349.517	273.644	10.284	1.370	0.535	1.312	350.129	273.775	10.778	341	270	6	15	7	9
7.544	41.709	313	229	87365	279.121	78.844	253.000	200	675	401.885	273.355	10.668	1.556	0.618	1.572	401.462	273.169	10.536	394	270	6	18	14	9
370.172	847.882	15359	6526	4896177	318.782	103.727	293.000	200	1022	466.520	316.582	10.312	8.131	4.198	7.877	467.312	317.094	10.394	414	268	6	98	96	9
3.350	18.854	139	114	43832	315.338	120.764	267.000	200	696	335.151	276.374	7.129	0.918	0.323	0.902	334.828	276.337	7.001	330	274	6	11	7	4
0.482	5.836	20	20	4258	212.900	10.062	210.000	201	236	413.800	274.400	8.450	0.525	0.243	0.534	413.813	274.392	8.443	411	274	6	5	2	6
10.677	41.598	443	252	180638	407.761	197.211	342.000	200	1000	355.122	284.429	10.052	1.355	0.344	1.350	354.786	284.727	9.754	350	279	6	12	10	9
1.663	11.038	69	53	22767	329.957	111.929	294.000	206	625	381.478	295.232	9.130	0.729	0.266	0.636	381.471	295.234	9.105	380	294	6	4	4	7
5.206	32.005	216	171	55272	255.889	47.661	242.000	200	396	392.227	296.866	8.944	1.203	0.457	1.207	392.180	296.858	8.807	388	294	6	11	8	9
15.256	77.044	633	417	164145	259.313	66.508	242.000	200	707	404.209	300.989	10.218	1.657	0.615	1.597	404.596	300.907	10.385	394	297	6	24	12	9
1.060	8.253	44	39	12490	283.864	65.279	274.500	200	442	424.114	300.864	7.432	0.578	0.178	0.601	424.190	300.888	7.316	422	299	6	5	5	5
0.289	3.262	12	12	2802	233.500	19.412	235.500	200	262	413.583	306.500	6.750	0.341	0.123	0.342	413.591	306.499	6.736	412	306	6	4	2	3
1.976	17.157	82	77	18099	220.720	17.231	216.500	200	271	501.976	312.341	9.366	0.863	0.315	0.841	501.974	312.292	9.339	499	308	6	7	8	8
0.964	7.494	40	31	11370	284.250	74.311	261.000	207	478	419.550	310.525	8.000	0.563	0.157	0.547	419.610	310.546	8.000	418	309	6	4	4	5
0.458	4.603	19	19	5573	293.316	79.823	280.000	206	479	413.947	312.684	6.632	0.391	0.127	0.368	413.888	312.705	6.529	412	312	6	5	3	3
1.253	11.602	52	52	13255	254.904	43.375	247.000	201	391	430.981	318.904	8.692	0.905	0.383	0.896	430.938	318.943	8.767	429	316	6	5	6	8
4.772	30.537	198	162	60119	303.631	94.304	278.000	200	619	452.419	334.576	10.000	1.144	0.403	1.205	452.542	334.717	9.962	447	332	6	11	7	9
1.036	12.342	43	43	10821	251.651	40.190	247.000	200	367	462.953	342.140	8.395	0.715	0.286	0.705	463.034	342.217	8.383	459	340	6	8	5	6
1.615	11.479	67	53	17877	266.821	58.120	253.000	202	436	465.806	284.955	9.896	0.729	0.280	0.695	465.850	284.950	9.973	464	283	7	5	5	7
1.229	8.393	51	41	12653	248.098	34.917	237.000	203	322	478.431	294.333	9.333	0.610	0.169	0.626	478.429	294.358	9.348	477	293	7	4	4	5
0.410	4.108	17	17	3830	225.294	16.309	220.000	204	257	193.471	118.353	9.588	0.423	0.169	0.391	193.484	118.380	9.581	193	117	8	2	3	4
1.301	10.245	54	45	14805	274.167	74.193	249.500	201	479	189.944	121.667	10.741	0.730	0.319	0.643	189.991	121.663	10.683	187	120	8	6	4	7
0.554	5.449	23	20	5818	252.957	46.155	241.000	205	348	190.913	187.565	9.870	0.480	0.177	0.451	190.882	187.552	9.893	190	186	8	3	4	5
1.494	11.585	62	56	14225	229.435	25.746	222.500	200	309	279.613	232.290	12.016	0.733	0.301	0.787	279.618	232.289	12.001	277	231	8	6	5	7
0.410	4.426	17	16	4153	244.294	30.304	238.000	201	305	367.235	277.235	9.294	0.423	0.153	0.362	367.236	277.231	9.294	366	276	8	3	3	4
0.892	7.812	37	34	8673	234.405	21.356	230.000	203	290	490.027	364.649	10.405	0.643	0.292	0.618	490.062	364.676	10.352	488	363	8	5	4	6
2.844	22.167	118	105	27816	235.729	27.874	229.000	200	319	505.636	384.941	12.763	1.030	0.515	0.866	505.651	384.976	12.849	499	377	8	12	15	7
0.723	6.348	30	26	8196	273.200	63.471	243.000	200	412	185.667	126.133	10.933	0.523	0.188	0.482	185.644	126.161	10.957	184	125	9	4	3	5
0.386	4.867	16	16	3615	225.938	22.632	219.000	200	273	247.625	155.875	11.688	0.726	0.277	0.732	247.671	155.882	11.588	246	155	9	4	3	6
0.386	4.954	16	16	3582	223.875	19.677	216.000	204	262	173.438	168.062	12.125	0.515	0.290	0.449	173.422	168.064	12.162	173	167	9	2	3	6
0.265	3.473	11	11	2472	224.727	20.977	216.000	200	268	267.182	245.545	10.545	0.479	0.243	0.580	267.166	245.561	10.520	267	245	9	2	2	5
1.928	13.207	80	63	22011	275.138	64.879	258.500	200	477	434.263	252.538	11.863	0.751	0.236	0.781	434.326	252.629	11.855	432	250	9	5	6	6
1.157	12.026	48	47	10584	220.500	18.903	216.000	200	288	449.312	268.562	11.542	0.757	0.273	0.746	449.377	268.594	11.544	446	266	9	7	6	6
1.036	10.175	43	39	9855	229.186	25.289	222.000	200	302	466.488	278.465	10.721	0.635	0.213	0.651	466.527	278.501	10.735	464	276	9	5	6	5
1.518	10.192	63	54	16622	263.841	59.146	248.000	205	502	510.032	367.540	12.159	0.685	0.242	0.703	510.097	367.655	12.283	509	365	9	3	6	6
0.506	5.131	21	21	4664	222.095	16.164	219.000	200	258	209.429	156.524	11.857	0.486	0.218	0.476	209.437	156.523	11.848	208	156	10	4	2	5
0.362	4.038	15	15	3530	235.333	24.541	227.000	202	279	321.733	161.733	11.600	0.401	0.167	0.348	321.695	161.730	11.619	321	161	10	3	3	4
1.494	9.734	62	48	16924	272.968	60.671	255.000	201	417	254.645	197.081	11.968	0.653	0.173	0.632	254.622	197.032	12.050	253	195	10	4	5	5
0.482	4.937	20	19	4798	239.900	30.225	239.000	201	305	220.350	202.250	12.150	0.463	0.191	0.413	220.363	202.256	12.154	219	201	10	3	3	5
0.289	3.333	12	12	2671	222.583	17.495	220.500	201	249	260.333	205.833	10.917	0.341	0.126	0.383	260.343	205.833	10.932	260	205	10	2	3	3
2.362	17.371	98	86	24635	251.378	39.332	243.000	200	344	420.929	236.602	12.786	0.843	0.285	0.840	420.940	236.609	12.821	418	232	10	7	10	5
0.241	2.945	10	10	2177	217.700	12.284	218.000	200	236	482.200	299.500	11.000	0.335	0.137	0.412	482.203	299.511	10.983	481	299	10	3	2	3
0.699	5.696	29	25	7369	254.103	45.438	247.000	200	376	435.034	322.103	11.966	0.463	0.130	0.470	435.038	322.096	11.948	434	321	10	3	4	5
0.362	3.844	15	14	3743	249.533	34.434	245.000	204	314	215.667	134.667	12.867	0.394	0.141	0.385	215.663	134.665	12.914	215	134	11	3	3	4
1.567	9.876	65	52	17790	273.692	73.375	250.000	200	520	216.000	162.954	13.015	0.608	0.117	0.593	215.980	162.975	13.114	213	161	11	6	5	4
0.723	6.454	30	27	7645	254.833	42.694	247.500	203	368	325.400	165.733	12.933	0.479	0.130	0.478	325.467	165.788	12.997	323	164	11	5	4	4
0.964	8.078	40	40	9038	225.950	13.987	224.000	201	257	263.475	212.375	13.275	0.605	0.272	0.594	263.472	212.356	13.270	262	210	11	4	8	4
5.326	29.617	221	177	61262	277.204	68.722	258.000	200	494	403.688	220.122	13.104	1.194	0.553	1.111	403.915	220.162	13.203	395	213	11	16	14	4
0.530	5.061	22	20	6296	286.182	65.653	267.000	203	408	303.045	252.545	13.045	0.435	0.121	0.443	303.094	252.553	13.097	302	251	11	3	4	4
0.265	3.139	11	11	2325	211.364	8.418	211.000	202	231	295.545	257.909	12.000	0.333	0.129	0.407	295.552	257.912	12.003	295	257	11	2	3	3
0.554	5.255	23	22	6219	270.391	54.982	258.000	200	371	369.739	282.565	12.870	0.446	0.150	0.458	369.730	282.569	12.931	368	282	11	4	3	4
0.265	3.914	11	11	2555	232.273	23.410	222.000	208	286	482.273	356.000	13.000	0.431	0.218	0.402	482.300	356.041	13.042	481	355	11	4	3	4
1.060	8.677	44	41	10218	232.227	23.797	227.500	201	291	260.273	117.750	13.273	0.575	0.201	0.560	260.248	117.741	13.310	258	115	12	5	8	3
0.337	3.633	14	14	3877	276.929	66.254	289.500	201	379	233.643	146.214	13.571	0.342	0.108	0.323	233.617	146.272	13.583	232	145	12	4	3	3
1.639	11.837	68	67	17546	258.029	46.431	243.000	203	361	375.426	193.132	13.632	0.688	0.274	0.656	375.347	193.079	13.673	372	189	12	9	9	3
0.844	6.384	35	32	8301	237.171	24.390	233.000	200	285	482.029	291.429	13.114	0.489	0.118	0.482	482.061	291.433	13.150	481	289	12	4	5	3
0.337	3.951	14	14	2971	212.214	12.342	208.000	201	246	246.000	143.786	13.643	0.384	0.152	0.362	245.997	143.822	13.652	245	141	13	3	6	2
0.289	3.245	12	12	2627	218.917	12.767	216.500	202	242	222.167	147.333	13.583	0.323	0.084	0.315	222.171	147.345	13.597	221	146	13	3	4	2
1.518	12.930	63	63	14655	232.619	30.285	219.000	200	325	224.143	161.143	13.714	0.781	0.362	0.764	224.087	161.255	13.730	221	155	13	9	12	2
0.554	5.344	23	23	5865	255.000	51.639	236.000	204	402	212.304	178.957	13.652	0.437	0.164	0.412	212.405	178.971	13.691	209	178	13	7	3	2
0.265	2.928	11	11	3082	280.182	58.210	262.000	217	407	199.182	192.818	13.727	0.297	0.075	0.316	199.201	192.815	13.755	198	192	13	3	3	2
0.410	4.181	17	17	4250	250.000	38.021	243.000	202	337	255.765	208.059	13.882	0.391	0.156	0.389	255.800	208.068	13.896	253	207	13	6	3	2
0.241	2.874	10	10	2404	240.400	34.945	226.000	208	316	249.900	212.800	13.600	0.293	0.059	0.313	249.886	212.813	13.614	249	212	13	3	3	2
1.181	8.468	49	49	11330	231.224	21.194	228.000	202	276	458.367	272.184	13.694	0.564	0.205	0.563	458.377	272.189	13.714	456	269	13	5	8	2
1.012	7.336	42	38	10445	248.690	35.997	250.000	201	315	237.929	106.786	17.048	0.513	0.111	0.508	237.965	106.737	17.081	236	105	16	5	5	3
33.766	131.537	1401	1097	426492	304.420	88.032	285.000	200	783	224.155	127.574	17.011	3.154	1.568	3.151	224.425	127.830	17.018	202	113	16	47	34	3
1.157	8.272	48	43	12316	256.583	43.493	247.000	201	348	259.188	121.000	17.000	0.548	0.125	0.537	259.202	121.055	16.998	257	118	16	5	6	3
7.038	37.482	292	245	82418	282.253	80.425	258.000	200	579	193.658	134.726	17.068	1.538	0.617	1.594	193.649	135.507	17.051	189	123	16	10	22	3
0.771	6.243	32	30	7500	234.375	27.178	231.500	200	292	286.688	132.188	16.812	0.492	0.150	0.484	286.715	132.207	16.831	285	129	16	4	6	3
0.530	4.532	22	22	5529	251.318	30.850	240.500	212	322	273.500	133.273	17.091	0.425	0.150	0.448	273.494	133.332	17.042	273	131	16	2	5	3
5.061	26.459	210	175	60334	287.305	69.816	277.500	200	533	291.957	141.843	17.043	1.033	0.381	1.000	291.792	141.906	17.073	285	136	16	16	11	3
0.289	3.774	12	12	2814	234.500	34.241	229.500	200	312	299.667	136.333	16.833	0.383	0.144	0.388	299.667	136.267	16.907	299	135	16	3	4	3
0.940	7.336	39	36	9177	235.308	29.426	233.000	201	317	280.718	139.949	17.103	0.521	0.140	0.518	280.772	139.926	17.088	278	139	16	6	3	3
0.844	6.437	35	32	9592	274.057	71.744	245.000	200	470	304.314	141.086	17.229	0.477	0.101	0.495	304.318	141.055	17.298	303	139	16	4	5	3
3.663	20.250	152	126	41623	273.836	60.355	261.000	200	502	256.632	145.961	16.855	0.903	0.318	0.870	256.694	145.914	16.797	252	141	16	11	10	3
563.006	1700.314	23360	12260	7481105	320.253	123.121	287.000	200	1871	230.892	181.636	22.383	11.167	5.644	10.920	231.873	182.738	22.430	183	113	16	147	141	14
0.892	7.055	37	35	8171	220.838	15.276	217.000	200	256	226.432	156.541	16.486	0.494	0.162	0.450	226.450	156.555	16.468	223	155	16	7	4	3
376.534	1361.182	15623	9828	5370988	343.787	165.779	294.000	200	2309	414.716	272.108	21.657	17.507	11.250	15.800	411.414	268.860	21.545	282	156	16	230	213	14
1.012	7.601	42	37	10019	238.548	23.883	240.000	200	287	328.667	158.024	17.119	0.522	0.112	0.526	328.697	157.978	17.133	327	156	16	5	5	3
2.940	18.592	122	109	31331	256.811	44.679	248.500	200	397	221.025	163.639	16.705	0.924	0.387	0.900	221.090	163.625	16.676	213	160	16	14	8	3
0.289	3.403	12	12	2930	244.167	16.727	249.000	203	264	173.000	166.500	17.000	0.399	0.145	0.409	173.000	166.541	17.022	173	165	16	1	4	3
0.362	4.162	15	15	4227	281.800	50.911	268.000	209	378	348.733	170.867	17.067	0.410	0.145	0.455	348.704	170.819	17.072	347	170	16	4	3	3
6.363	29.619	264	213	106913	404.973	163.489	357.500	202	808	374.977	193.981	17.167	1.088	0.380	1.070	375.215	193.807	17.189	368	188	16	17	12	3
0.241	2.804	10	10	2602	260.200	55.872	247.500	202	379	199.100	192.700	16.300	0.289	0.068	0.307	199.116	192.721	16.256	198	192	16	3	3	2
5.423	23.022	225	180	61532	273.476	40.975	276.000	200	362	211.600	203.378	16.947	0.979	0.295	0.984	211.598	203.310	16.959	207	199	16	12	10	3
13.352	58.269	554	438	216254	390.350	169.533	336.000	200	963	399.139	217.074	17.076	1.910	1.046	1.672	400.051	217.573	17.107	387	201	16	28	31	3
1.253	8.713	52	47	13867	266.673	56.162	252.500	200	427	222.365	215.173	16.712	0.564	0.154	0.555	222.351	215.145	16.679	221	212	16	4	8	3
3.061	23.124	127	118	33169	261.173	62.467	240.000	200	534	233.575	216.299	17.016	1.132	0.402	1.114	233.807	216.472	17.039	226	212	16	15	10	3
0.458	6.084	19	19	4733	249.105	40.993	249.000	201	343	244.053	232.737	18.421	0.550	0.274	0.558	244.025	232.846	18.374	243	231	16	3	4	6
3.326	18.306	138	108	44522	322.623	88.636	315.000	201	557	254.072	237.246	17.254	0.871	0.268	0.832	254.171	237.453	17.179	251	233	16	8	10	4
2.000	13.316	83	67	20906	251.880	40.319	243.000	200	353	424.735	240.241	17.084	0.694	0.194	0.646	424.668	240.217	17.027	421	237	16	9	7	4
28.271	94.854	1173	774	386612	329.592	123.634	295.000	200	849	351.253	250.263	17.410	2.224	0.998	2.033	351.491	250.363	17.405	331	243	16	37	17	4
2.266	14.639	94	78	24242	257.894	58.915	234.000	200	427	281.266	247.883	16.936	0.792	0.269	0.799	281.447	247.887	16.899	276	245	16	10	6	4
2.000	15.167	83	74	19139	230.590	25.973	223.000	200	288	434.446	250.687	17.651	0.750	0.244	0.727	434.429	250.663	17.714	432	245	16	7	10	4
0.386	3.810	16	16	5979	373.688	133.523	334.000	225	637	372.500	252.500	16.250	0.338	0.086	0.373	372.516	252.595	16.210	371	251	16	4	4	2
0.627	5.979	26	26	5989	230.346	27.072	219.500	200	289	431.769	257.538	18.500	0.455	0.197	0.425	431.751	257.573	18.548	429	256	16	6	4	4
0.313	3.527	13	13	2719	209.154	8.474	205.000	201	224	300.692	261.692	17.077	0.382	0.173	0.406	300.684	261.700	17.082	300	261	16	3	2	4
1.976	11.568	82	64	20542	250.512	33.872	245.000	200	324	445.744	268.415	17.537	0.692	0.141	0.696	445.735	268.401	17.544	443	266	16	6	6	4
0.458	4.355	19	17	4552	239.579	28.121	241.000	201	298	354.895	267.105	17.737	0.417	0.122	0.398	354.883	267.135	17.743	354	266	16	3	3	4
8.821	39.651	366	265	103874	283.809	62.387	276.000	200	677	458.249	275.874	17.765	1.300	0.456	1.294	458.327	275.715	17.815	453	268	16	12	18	4
189.725	524.376	7872	4876	2647830	336.361	141.459	299.000	200	1852	459.862	314.491	17.482	9.063	4.788	9.364	462.255	315.939	17.480	401	269	16	111	99	4
0.530	4.762	22	22	6644	302.000	84.335	259.500	210	505	353.045	274.182	16.318	0.388	0.114	0.385	353.049	274.208	16.261	351	273	16	5	4	2
6.893	34.198	286	215	88900	310.839	145.562	266.000	200	1126	357.955	281.336	17.678	1.243	0.448	1.222	358.347	280.503	17.769	350	274	16	14	15	4
5.230	26.067	217	167	77856	358.783	158.819	302.000	200	965	367.963	289.350	17.654	1.114	0.420	1.025	368.305	289.315	17.725	359	286	16	16	8	4
3.856	22.576	160	134	42172	263.575	54.250	253.000	200	454	472.487	288.812	17.856	0.979	0.325	1.028	472.471	288.793	17.907	467	286	16	12	8	4
0.482	4.479	20	19	5303	265.150	48.486	260.500	202	373	387.150	290.950	16.900	0.395	0.094	0.425	387.189	290.970	16.830	386	290	16	3	3	3
0.554	5.819	23	23	5384	234.087	30.424	228.000	202	298	483.565	292.478	16.870	0.460	0.186	0.472	483.570	292.450	16.847	482	291	16	4	4	4
4.627	25.097	192	155	62326	324.615	109.574	285.500	202	667	407.099	298.245	17.156	1.129	0.448	1.115	407.381	298.130	17.122	400	295	16	17	8	4
0.506	4.673	21	20	4715	224.524	15.952	223.000	202	256	485.810	297.095	17.905	0.419	0.129	0.426	485.833	297.111	17.929	485	296	16	3	3	4
2.434	13.209	101	77	30277	299.772	84.049	280.000	200	535	387.030	299.911	17.525	0.738	0.153	0.766	387.122	300.111	17.627	384	297	16	7	6	4
0.289	3.897	12	12	2488	207.333	6.315	206.500	200	218	490.500	299.417	18.083	0.530	0.199	0.527	490.498	299.424	18.092	489	298	16	4	4	4
2.844	18.131	118	100	30022	254.424	39.584	247.000	202	387	481.686	303.424	18.042	0.911	0.374	0.817	481.703	303.382	18.045	476	299	16	10	12	4
0.434	4.937	18	18	3917	217.611	14.193	215.000	200	242	495.167	305.944	17.556	0.457	0.192	0.387	495.183	305.983	17.564	494	304	16	3	4	4
0.723	5.642	30	28	8580	286.000	66.858	277.000	201	453	436.133	310.133	17.400	0.493	0.152	0.486	436.167	310.153	17.351	435	309	16	3	3	4
2.627	14.990	109	82	35585	326.468	107.050	298.000	202	658	503.908	312.523	17.789	0.769	0.184	0.764	503.917	312.510	17.975	500	309	16	9	8	4
0.434	4.620	18	18	4742	263.444	52.667	255.000	203	394	414.889	313.389	17.667	0.425	0.156	0.400	414.896	313.438	17.728	413	313	16	4	2	4
1.085	7.812	45	37	10816	240.356	29.750	232.000	201	302	430.289	317.756	17.600	0.557	0.128	0.582	430.316	317.746	17.629	428	316	16	5	4	4
0.506	6.224	21	21	4698	223.714	21.046	217.000	203	275	450.333	334.000	16.952	0.497	0.210	0.477	450.326	334.014	16.944	448	333	16	6	4	4
6.001	32.591	249	194	81805	328.534	126.677	279.000	200	801	505.349	383.699	17.514	1.267	0.567	1.204	505.550	384.288	17.569	496	374	16	16	18	4
0.651	5.521	27	27	6920	256.296	43.953	251.000	203	353	316.667	155.519	17.667	0.423	0.132	0.432	316.697	155.523	17.705	314	154	17	6	4	2
0.578	5.167	24	22	5756	239.833	28.255	239.000	201	295	415.625	240.667	18.417	0.412	0.096	0.425	415.621	240.697	18.444	414	239	17	4	4	3
0.964	7.196	40	38	10156	253.900	41.768	245.500	200	376	423.000	257.350	18.250	0.538	0.182	0.512	423.027	257.281	18.286	422	255	17	3	7	3
0.530	4.532	22	20	5792	263.273	49.001	248.500	202	402	311.773	266.000	18.364	0.396	0.085	0.397	311.784	266.003	18.435	310	265	17	4	3	3
0.603	5.414	25	24	6271	250.840	40.159	249.000	204	348	466.240	280.320	18.440	0.437	0.139	0.415	466.214	280.258	18.472	465	279	17	4	5	3
0.482	4.162	20	19	5004	250.200	39.720	241.500	200	343	376.000	283.650	18.050	0.400	0.101	0.440	375.998	283.669	18.074	375	283	17	3	3	3
0.627	5.538	26	24	6749	259.577	55.435	242.000	200	398	503.769	324.077	18.500	0.428	0.118	0.406	503.752	324.076	18.552	502	323	17	5	4	3
34.441	131.723	1429	833	479545	335.581	123.585	302.000	200	940	401.963	223.122	22.790	2.169	0.848	2.078	401.500	222.474	22.683	390	210	18	26	29	12
0.313	3.245	13	13	3067	235.923	29.099	226.000	207	303	428.000	246.077	18.692	0.313	0.074	0.354	427.998	246.071	18.710	427	245	18	3	3	2
0.458	4.445	19	19	4544	239.158	31.908	229.000	200	309	292.737	251.526	18.737	0.376	0.117	0.365	292.693	251.545	18.752	291	250	18	5	4	2
0.892	8.325	37	37	8663	234.135	27.898	234.000	201	307	331.189	254.973	18.676	0.715	0.311	0.651	331.189	254.951	18.699	328	253	18	9	6	2
0.337	3.616	14	14	3742	267.286	57.839	248.500	207	383	307.357	257.929	18.857	0.337	0.112	0.344	307.340	257.908	18.886	306	256	18	4	4	2
0.578	5.080	24	24	6560	273.333	73.979	240.000	204	468	313.083	261.042	18.667	0.397	0.114	0.378	313.106	261.049	18.716	311	259	18	5	5	2
0.313	3.563	13	13	3391	260.846	42.988	244.000	204	341	443.692	275.308	18.769	0.321	0.091	0.346	443.702	275.299	18.799	442	274	18	4	4	2
0.434	4.355	18	17	4071	226.167	19.503	224.000	201	272	253.167	115.722	20.944	0.416	0.140	0.428	253.174	115.721	20.941	252	115	20	3	3	4
1.880	15.076	78	66	18533	237.603	33.631	229.500	200	343	200.782	120.872	24.462	0.909	0.445	0.795	200.721	120.880	24.527	198	119	20	7	5	10
3.181	25.076	132	115	30478	230.894	25.291	224.000	200	322	253.788	123.000	23.621	1.200	0.390	1.215	253.870	123.149	23.570	249	117	20	11	11	8
0.844	9.399	35	34	8299	237.114	29.644	228.000	200	334	260.486	131.200	21.543	0.637	0.253	0.631	260.416	131.273	21.528	258	128	20	6	7	5
32.657	151.533	1355	863	377549	278.634	75.413	255.000	200	609	301.246	147.046	23.430	2.641	1.054	2.564	301.654	147.306	23.314	285	135	20	35	24	10
0.795	7.019	33	31	7574	229.515	20.638	228.000	200	279	277.333	139.333	20.848	0.538	0.200	0.497	277.373	139.345	20.841	274	138	20	6	4	4
1.350	12.361	56	54	13008	232.286	22.276	231.000	204	297	325.804	155.250	21.482	0.787	0.330	0.745	325.845	155.253	21.479	323	153	20	8	6	7
0.434	4.144	18	17	5578	309.889	88.106	299.500	207	528	272.000	157.778	20.500	0.364	0.088	0.361	271.962	157.759	20.444	271	156	20	3	4	3
0.313	3.456	13	12	3151	242.385	37.132	233.000	201	326	280.846	158.846	20.615	0.339	0.079	0.326	280.857	158.869	20.591	280	158	20	3	3	3
95.658	311.577	3969	2197	1366251	344.231	160.994	299.000	200	1737	325.104	187.176	21.939	6.526	3.200	6.822	323.205	186.212	21.813	284	159	20	84	58	8
2.434	17.439	101	83	32204	318.851	129.010	271.000	202	764	348.792	173.812	25.366	1.080	0.523	1.029	348.593	174.006	25.869	346	171	20	6	6	10
0.313	3.597	13	13	2968	228.308	17.129	229.000	208	257	354.385	182.538	22.077	0.406	0.208	0.408	354.371	182.540	22.062	354	182	20	2	2	5
36.224	128.083	1503	787	462155	307.488	96.930	283.000	200	954	377.384	198.072	23.359	2.360	0.791	2.344	377.668	198.015	23.187	364	188	20	28	25	10
4.194	21.494	174	121	71332	409.954	218.562	326.000	200	1271	209.540	194.489	24.052	1.145	0.470	1.024	209.597	194.594	24.061	206	192	20	7	6	10
7.327	36.401	304	214	93014	305.967	102.131	277.000	200	836	215.000	205.141	22.214	1.289	0.531	1.160	215.133	205.016	22.219	207	201	20	14	10	10
16.991	64.070	705	375	236700	335.745	114.556	307.000	200	782	233.305	221.718	22.715	1.572	0.427	1.557	233.077	221.696	22.752	225	213	20	18	16	9
5.784	35.374	240	190	65536	273.067	69.584	251.000	200	514	223.300	104.817	26.842	1.509	0.693	1.454	223.790	104.668	26.974	211	102	21	19	9	9
1.759	14.848	73	61	19519	267.384	71.091	243.000	200	483	302.397	160.384	23.493	0.836	0.343	0.839	302.202	160.290	23.393	299	158	21	9	7	6
0.747	6.277	31	25	8676	279.871	65.191	257.000	201	413	249.581	230.258	22.355	0.504	0.120	0.471	249.572	230.262	22.394	248	229	21	4	4	4
48.492	192.590	2012	1218	595426	295.937	87.568	272.000	200	745	311.045	242.936	23.768	3.534	1.946	3.002	310.374	242.728	23.794	281	234	21	57	25	9
2.049	17.545	85	74	18538	218.094	16.841	213.000	200	266	417.659	244.247	23.412	0.916	0.357	0.892	417.638	244.165	23.386	415	240	21	6	10	7
22.438	89.417	931	551	296205	318.158	118.227	290.000	200	1293	349.099	251.243	23.781	1.950	0.725	1.897	348.841	251.227	24.016	340	243	21	21	21	9
1.350	12.661	56	53	16308	291.214	77.413	263.000	205	527	435.286	248.554	22.250	0.731	0.299	0.694	435.110	248.214	22.155	433	245	21	6	8	5
2.651	16.503	110	83	29287	266.245	64.349	244.500	202	474	276.564	248.636	24.009	0.926	0.386	0.875	276.596	248.633	24.044	273	247	21	7	5	9
29.163	124.675	1210	726	342728	283.246	99.034	259.000	200	1101	298.899	256.329	24.547	2.245	0.922	2.122	299.046	256.401	24.668	284	248	21	33	18	9
8.267	37.684	343	205	107728	314.076	101.723	285.000	200	696	434.064	259.446	23.988	1.265	0.351	1.293	434.479	259.740	24.060	428	253	21	12	12	8
1.036	8.888	43	38	11704	272.186	64.841	253.000	200	438	423.605	260.814	22.326	0.622	0.265	0.589	423.564	260.788	22.186	421	259	21	6	4	6
28.608	145.211	1187	855	379993	320.129	191.093	257.000	200	1833	458.737	280.717	23.250	2.723	1.178	2.695	457.450	280.526	23.709	442	269	21	38	27	9
0.795	6.173	33	31	10876	329.576	125.894	299.000	201	699	360.455	275.758	21.576	0.454	0.110	0.459	360.536	275.790	21.466	359	274	21	4	5	3
13.882	62.391	576	361	226733	393.634	204.095	326.000	200	1305	358.082	285.852	23.724	1.845	0.734	1.812	357.148	285.703	23.606	348	281	21	24	13	9
3.904	28.442	162	146	44956	277.506	66.329	261.500	200	520	381.321	298.401	23.154	1.243	0.518	1.229	381.146	298.432	23.111	373	294	21	17	9	7
0.868	8.393	36	34	8429	234.139	29.709	229.000	200	323	461.556	292.972	23.833	0.645	0.324	0.547	461.516	292.964	23.814	460	291	21	5	6	6
0.241	3.122	10	10	2139	213.900	10.888	209.500	201	233	490.400	299.500	21.200	0.356	0.127	0.386	490.414	299.508	21.199	489	298	21	4	4	2
14.991	54.901	622	330	194687	313.002	101.516	283.500	200	770	482.669	305.965	23.949	1.462	0.389	1.478	482.600	306.112	23.872	476	299	21	14	15	9
0.337	3.262	14	14	3563	254.500	42.616	244.000	209	321	436.500	306.000	21.714	0.339	0.105	0.305	436.504	305.974	21.701	436	305	21	2	3	3
1.036	7.688	43	33	12314	286.372	85.583	253.000	201	494	492.395	310.419	22.837	0.583	0.162	0.533	492.381	310.414	22.869	491	309	21	4	4	5
1.663	11.447	69	59	21506	311.681	96.179	304.000	200	565	504.188	312.696	21.696	0.652	0.195	0.632	504.197	312.662	21.583	501	310	21	8	7	3
0.241	2.627	10	10	2157	215.700	11.615	212.000	204	236	421.600	311.500	21.800	0.320	0.121	0.350	421.601	311.493	21.799	421	311	21	2	2	3
2.531	18.234	105	82	34097	324.733	127.521	291.000	200	777	433.638	314.848	25.762	0.982	0.465	0.895	433.887	314.804	26.160	430	312	21	8	7	9
0.482	4.479	20	18	5311	265.550	50.512	255.000	201	375	491.500	318.100	21.800	0.404	0.086	0.404	491.487	318.087	21.739	490	317	21	4	3	3
1.301	8.958	54	44	15749	291.648	72.619	274.000	202	460	503.685	324.519	22.389	0.618	0.170	0.626	503.667	324.541	22.278	502	323	21	5	4	5
22.221	121.489	922	645	310359	336.615	149.412	290.000	200	1270	502.014	378.752	24.892	2.633	1.279	2.503	501.994	379.246	24.844	486	361	21	26	33	9
3.109	17.703	129	93	48770	378.062	176.638	317.000	200	1017	248.946	111.550	26.217	0.918	0.292	0.910	249.044	111.591	26.550	247	109	22	6	6	8
0.289	3.650	12	12	2574	214.500	14.400	207.500	202	246	275.000	136.167	23.833	0.390	0.183	0.371	274.981	136.160	23.824	274	135	22	3	3	4
0.964	7.441	40	35	11818	295.450	79.390	282.500	201	522	326.825	258.900	24.800	0.571	0.207	0.544	326.819	258.909	24.768	325	258	22	4	3	6
0.916	7.177	38	32	12856	338.316	110.993	323.000	203	638	370.342	271.026	23.684	0.537	0.171	0.496	370.336	271.059	23.697	369	270	22	4	3	5
0.265	2.945	11	11	2453	223.000	19.401	217.000	201	267	383.364	294.364	23.182	0.325	0.116	0.358	383.354	294.347	23.184	382	294	22	3	2	3
0.603	7.123	25	24	5553	222.120	21.204	216.000	201	278	427.640	318.280	24.520	0.593	0.247	0.615	427.570	318.276	24.507	425	317	22	6	3	5
0.506	4.937	21	19	5132	244.381	39.745	229.000	204	353	316.000	168.952	24.810	0.444	0.143	0.409	315.981	168.942	24.809	315	168	23	3	3	4
0.603	5.977	25	25	5938	237.520	32.886	224.000	203	321	202.880	191.360	26.720	0.576	0.327	0.525	202.890	191.353	26.757	202	191	23	3	2	7
0.819	7.441	34	32	7949	233.794	21.518	229.500	203	285	441.029	270.912	25.265	0.621	0.302	0.553	441.010	270.942	25.308	440	269	23	3	4	7
1.615	10.068	67	51	21554	321.702	108.186	284.000	201	609	408.522	273.716	25.672	0.679	0.213	0.666	408.583	273.670	25.632	407	272	23	4	4	6
1.687	12.043	70	56	20017	285.957	77.024	264.500	204	510	364.471	282.600	25.857	0.754	0.289	0.739	364.461	282.528	25.796	363	280	23	4	6	7
0.386	4.743	16	16	3665	229.062	26.272	218.500	201	287	459.125	337.125	25.000	0.530	0.298	0.464	459.158	337.121	24.950	458	336	23	3	3	6
2.145	14.600	89	68	24365	273.764	62.815	255.000	200	466	325.640	163.820	26.270	0.763	0.215	0.765	325.707	163.943	26.277	323	161	24	6	7	6
1.301	9.804	54	43	15750	291.667	79.910	273.500	203	501	179.019	168.148	26.074	0.628	0.215	0.592	179.026	168.176	26.079	177	166	24	5	5	6
2.000	14.513	83	70	22486	270.916	63.638	249.000	200	499	357.639	180.771	27.096	0.877	0.335	0.847	357.732	180.863	27.131	355	178	24	8	8	6
0.289	3.456	12	11	2829	235.750	33.818	224.000	200	313	357.250	185.750	25.000	0.349	0.096	0.400	357.235	185.748	25.007	356	185	24	3	3	3
2.579	14.019	107	80	57695	539.206	356.995	408.000	200	1588	400.439	240.991	26.935	0.773	0.186	0.748	400.458	241.038	27.342	398	238	24	6	6	6
0.819	7.053	34	33	7393	217.441	14.351	211.500	201	251	403.088	264.559	26.588	0.635	0.275	0.629	403.106	264.554	26.544	402	263	24	3	4	6
0.819	7.688	34	30	8483	249.500	46.774	232.000	200	373	333.706	271.559	26.235	0.577	0.252	0.513	333.671	271.606	26.209	332	270	24	4	4	6
1.133	8.958	47	40	11901	253.213	54.115	226.000	202	426	495.617	306.170	27.277	0.643	0.258	0.566	495.530	306.187	27.432	494	304	24	4	5	6
1.036	8.146	43	37	15517	360.860	130.305	347.000	201	741	494.047	327.721	27.186	0.602	0.231	0.550	494.035	327.791	27.479	493	326	24	4	4	6
0.241	3.015	10	10	2280	228.000	22.833	220.500	202	273	181.200	119.900	26.200	0.333	0.128	0.344	181.181	119.882	26.173	181	119	25	2	3	3
0.844	7.795	35	33	8934	255.257	52.653	244.000	200	435	338.829	266.657	27.457	0.613	0.233	0.639	338.871	266.717	27.542	337	264	25	5	6	5
0.723	5.836	30	28	8252	275.067	52.925	261.000	206	397	510.300	363.200	26.933	0.522	0.202	0.483	510.348	363.203	26.967	509	362	25	3	3	5
0.530	5.449	22	22	5315	241.591	31.630	232.500	201	298	181.318	177.273	28.000	0.444	0.166	0.446	181.315	177.320	28.036	180	176	26	4	4	4
0.410	4.549	17	15	4349	255.824	42.176	250.000	205	351	207.000	187.176	27.824	0.404	0.130	0.409	206.997	187.158	27.800	206	186	26	3	3	4
1.494	8.994	62	50	28741	463.565	261.964	379.500	203	1344	356.081	193.823	27.935	0.593	0.102	0.585	356.098	193.782	28.166	354	192	26	5	5	4
0.844	8.781	35	34	8864	253.257	49.815	232.000	200	386	317.800	269.629	27.486	0.583	0.218	0.631	317.910	269.751	27.598	315	267	26	7	5	4
0.651	5.819	27	25	6098	225.852	15.716	222.000	203	256	496.815	314.222	27.926	0.468	0.157	0.469	496.807	314.233	27.927	496	312	26	3	5	4
0.675	5.642	28	26	7551	269.679	57.700	254.000	206	401	505.143	359.857	27.500	0.480	0.149	0.405	505.175	359.822	27.551	504	359	26	3	3	4
0.241	3.262	10	10	2794	279.400	67.087	263.000	202	398	332.100	159.000	28.500	0.349	0.125	0.326	332.116	158.973	28.565	331	158	27	3	3	3
0.482	4.479	20	18	5475	273.750	62.686	259.000	202	425	208.500	199.900	28.200	0.404	0.086	0.404	208.528	199.914	28.275	207	199	27	4	3	3
0.819	5.996	34	30	12296	361.647	161.271	302.500	202	820	221.735	213.588	28.206	0.470	0.080	0.475	221.755	213.625	28.382	220	212	27	4	4	3
0.337	3.703	14	13	3416	244.000	36.066	232.500	202	333	309.071	251.929	28.500	0.346	0.089	0.331	309.062	251.916	28.533	308	251	27	3	3	3
0.362	3.844	15	14	3867	257.800	49.243	256.000	200	364	433.800	268.200	28.067	0.379	0.101	0.418	433.789	268.192	28.063	433	267	27	3	3	3
0.241	2.804	10	10	2679	267.900	59.229	243.000	203	402	409.700	254.100	28.700	0.289	0.068	0.307	409.718	254.118	28.728	409	253	28	3	3	2
0.699	5.645	29	29	6686	230.552	17.991	225.000	204	266	390.828	269.276	28.655	0.422	0.119	0.427	390.814	269.267	28.664	389	267	28	5	5	2
0.434	4.074	18	18	4816	267.556	53.249	251.500	202	394	455.833	291.667	28.611	0.362	0.103	0.362	455.846	291.665	28.641	454	290	28	4	4	2
