Volume (micron^3)	Surface (micron^2)	Nb of obj. voxels	Nb of surf. voxels	IntDen	Mean	StdDev	Median	Min	Max	X	Y	Z	Mean dist. to surf. (micron)	SD dist. to surf. (micron)	Median dist. to surf. (micron)	XM	YM	ZM	BX	BY	BZ	B-width	B-height	B-depth
10.050	34.172	417	220	18873	45.259	79.484	12.000	1	405	169.489	2.635	4.990	1.372	0.400	1.367	169.502	2.467	3.335	166	0	1	8	7	11
18.992	57.556	788	374	29117	36.951	71.567	8.000	1	461	345.793	4.668	4.877	1.654	0.400	1.671	344.837	4.212	3.383	340	0	1	14	11	11
0.868	7.036	36	30	60	1.667	1.095	1.000	1	5	412.000	2.000	1.944	0.498	0.097	0.498	412.000	2.000	1.783	410	0	1	5	5	4
0.771	6.471	32	28	36	1.125	0.336	1.000	1	2	377.812	2.000	2.594	0.512	0.186	0.450	377.778	2.000	2.583	376	1	1	4	3	5
0.723	5.996	30	28	35	1.167	0.379	1.000	1	2	509.500	2.233	1.700	0.453	0.108	0.466	509.486	2.257	1.629	508	1	1	4	4	3
4.941	21.285	205	133	2029	9.898	13.142	4.000	1	61	448.366	5.229	3.371	1.007	0.235	0.969	448.364	5.302	2.639	445	2	1	7	7	7
1.687	11.057	70	55	162	2.314	1.806	1.000	1	9	424.600	4.900	2.486	0.676	0.186	0.668	424.525	4.944	2.080	422	3	1	6	5	6
9.183	32.868	381	204	11938	31.333	54.582	7.000	1	291	97.454	8.856	4.572	1.304	0.354	1.284	97.497	8.928	3.226	94	5	1	8	8	11
0.651	6.912	27	27	36	1.333	0.620	1.000	1	3	510.704	8.815	2.963	0.710	0.290	0.799	510.778	8.778	2.750	510	7	1	2	5	6
0.434	4.462	18	17	19	1.056	0.236	1.000	1	2	289.611	8.611	1.667	0.401	0.124	0.443	289.632	8.632	1.632	288	7	1	4	4	3
1.398	10.138	58	50	88	1.517	0.995	1.000	1	5	322.000	11.000	3.052	0.696	0.266	0.799	322.000	11.000	2.534	320	9	1	5	5	6
3.784	17.880	157	104	715	4.554	4.955	2.000	1	24	375.318	14.930	3.669	0.943	0.272	0.930	375.270	14.955	2.976	373	13	1	6	5	8
68341.242	39039.070	2835587	364126	144405248	50.926	70.693	27.000	1	1985	240.744	339.035	13.972	43.984	20.077	42.951	246.004	325.035	17.321	0	9	1	512	503	27
4.507	21.760	187	121	949	5.075	5.617	2.000	1	25	469.401	16.551	3.524	0.986	0.240	0.996	469.176	16.577	3.062	466	14	1	10	6	7
2.169	12.097	90	66	232	2.578	2.050	2.000	1	10	201.867	17.222	2.867	0.733	0.162	0.708	201.858	17.241	2.612	200	15	1	5	5	6
1.350	8.306	56	46	84	1.500	0.714	1.000	1	3	283.018	18.661	2.250	0.593	0.120	0.576	283.060	18.667	2.131	281	17	1	5	4	4
1.591	11.464	66	57	118	1.788	1.409	1.000	1	8	323.879	20.470	1.894	0.645	0.193	0.604	323.653	20.653	1.661	321	18	1	7	6	5
1.133	8.817	47	41	61	1.298	0.689	1.000	1	4	389.532	20.468	2.149	0.583	0.166	0.590	389.508	20.459	1.951	387	19	1	5	5	5
10.701	42.836	444	273	4203	9.466	13.669	3.000	1	82	332.255	27.191	3.550	1.409	0.448	1.374	331.441	27.681	2.707	326	22	1	17	10	9
0.530	4.709	22	22	28	1.273	0.550	1.000	1	3	457.000	25.000	1.409	0.375	0.096	0.386	457.000	25.000	1.321	455	23	1	5	5	2
3.519	17.899	146	100	722	4.945	5.831	2.000	1	28	73.705	26.404	3.000	0.903	0.246	0.857	73.673	26.229	2.370	71	24	1	6	8	7
1.591	10.158	66	54	136	2.061	1.709	1.000	1	9	507.000	27.030	2.333	0.655	0.175	0.628	507.000	27.066	1.949	505	25	1	5	5	5
0.578	5.221	24	23	25	1.042	0.204	1.000	1	2	48.333	27.708	1.500	0.426	0.136	0.411	48.320	27.720	1.480	47	26	1	5	4	3
0.265	3.333	11	10	11	1.000	0.000	1.000	1	1	446.000	26.000	2.364	0.333	0.079	0.319	446.000	26.000	2.364	445	25	1	3	3	3
4.097	18.762	170	108	947	5.571	6.415	3.000	1	30	214.324	29.600	3.471	0.958	0.243	0.926	214.295	29.681	2.809	212	27	1	7	6	8
5.784	25.606	240	153	1437	5.988	8.076	2.000	1	40	289.000	30.867	3.146	1.045	0.238	1.013	289.107	30.229	2.774	286	27	1	7	10	7
0.265	3.051	11	11	11	1.000	0.000	1.000	1	1	78.909	29.909	1.182	0.302	0.099	0.321	78.909	29.909	1.182	78	29	1	3	3	2
0.362	4.302	15	14	15	1.000	0.000	1.000	1	1	412.867	30.000	2.067	0.416	0.144	0.433	412.867	30.000	2.067	412	29	1	3	3	4
0.578	5.502	24	22	26	1.083	0.282	1.000	1	2	52.000	31.625	1.958	0.461	0.167	0.467	52.000	31.615	1.923	51	30	1	3	4	4
3.977	26.152	165	131	266	1.612	1.004	1.000	1	6	382.739	34.321	2.879	0.968	0.300	0.978	383.199	34.485	2.658	377	31	1	11	7	6
6.435	26.009	267	153	3376	12.644	18.926	4.000	1	101	248.801	36.041	4.026	1.144	0.297	1.121	248.752	35.999	3.047	246	33	1	7	7	9
1.133	8.517	47	39	86	1.830	1.110	1.000	1	5	313.298	35.936	2.362	0.576	0.154	0.585	313.198	35.965	2.058	311	34	1	5	5	5
0.988	6.314	41	37	65	1.585	0.836	1.000	1	4	390.463	36.683	1.902	0.496	0.086	0.499	390.477	36.738	1.769	389	35	1	4	4	3
1.856	11.833	77	62	158	2.052	1.629	1.000	1	8	417.377	37.091	2.740	0.731	0.241	0.694	417.475	37.082	2.291	415	35	1	5	5	6
6.724	26.767	279	159	4230	15.161	22.993	4.000	1	122	96.036	38.921	4.090	1.157	0.305	1.122	96.044	38.982	3.080	93	36	1	7	7	9
2.699	14.036	112	77	444	3.964	3.409	2.000	1	16	263.000	38.071	3.232	0.820	0.213	0.840	262.923	38.110	2.773	261	36	1	5	5	7
1.952	12.678	81	63	174	2.148	1.509	2.000	1	8	275.025	38.111	2.827	0.749	0.225	0.753	275.012	38.069	2.580	273	36	1	5	5	6
8.942	42.766	371	248	1879	5.065	7.927	2.000	1	51	345.898	42.938	3.003	1.329	0.491	1.283	345.341	41.108	2.639	340	37	1	11	18	7
11.545	37.805	479	241	23756	49.595	94.136	8.000	1	536	404.760	40.541	4.954	1.422	0.387	1.447	404.744	40.556	3.366	401	37	1	9	8	11
0.241	2.664	10	10	10	1.000	0.000	1.000	1	1	222.000	39.000	1.100	0.281	0.099	0.301	222.000	39.000	1.100	221	38	1	3	3	2
0.578	5.449	24	23	24	1.000	0.000	1.000	1	1	74.708	41.167	3.333	0.456	0.174	0.404	74.708	41.167	3.333	74	40	1	3	3	5
7.423	28.566	308	173	5869	19.055	31.404	5.000	1	176	313.698	44.081	4.159	1.198	0.312	1.207	313.696	44.138	2.908	310	41	1	8	8	10
0.337	3.897	14	13	16	1.143	0.363	1.000	1	2	367.429	42.000	1.786	0.356	0.101	0.338	367.500	42.000	1.750	366	41	1	4	3	3
11.761	41.084	488	259	29661	60.781	115.484	10.500	1	656	508.137	46.807	5.232	1.463	0.446	1.469	508.527	46.787	3.432	502	43	1	10	9	12
0.313	4.091	13	13	13	1.000	0.000	1.000	1	1	372.923	46.769	2.231	0.426	0.167	0.429	372.923	46.769	2.231	372	46	1	3	3	4
47.142	167.086	1956	1047	74639	38.159	118.502	4.000	1	1232	248.780	56.093	4.424	2.529	0.846	2.561	243.759	52.781	3.503	237	47	1	28	21	13
5.375	22.906	223	140	2151	9.646	12.518	4.000	1	55	280.363	50.287	3.583	1.034	0.251	1.032	280.442	50.216	2.993	276	47	1	8	7	8
0.241	2.664	10	10	10	1.000	0.000	1.000	1	1	364.000	48.000	1.100	0.281	0.099	0.301	364.000	48.000	1.100	363	47	1	3	3	2
5.302	21.954	220	133	2650	12.045	15.971	4.000	1	73	438.314	49.309	3.618	1.025	0.228	1.034	438.379	49.329	2.892	435	46	1	7	7	8
9.375	33.767	389	210	11951	30.722	54.781	6.000	1	302	489.694	50.213	4.578	1.346	0.399	1.350	489.750	50.248	3.120	486	47	1	8	8	11
7.568	29.324	314	176	6723	21.411	36.119	6.000	1	191	333.471	52.191	4.025	1.201	0.306	1.193	333.482	52.267	2.846	330	49	1	8	8	9
2.796	14.424	116	84	333	2.871	2.659	2.000	1	14	29.879	53.017	3.414	0.869	0.263	0.798	29.928	53.066	3.072	28	51	1	5	5	7
1.036	7.424	43	38	52	1.209	0.514	1.000	1	3	106.558	52.000	2.326	0.550	0.166	0.532	106.538	52.000	2.192	104	51	1	5	3	5
0.241	2.664	10	10	10	1.000	0.000	1.000	1	1	131.000	52.000	1.100	0.281	0.099	0.301	131.000	52.000	1.100	130	51	1	3	3	2
0.241	2.664	10	10	10	1.000	0.000	1.000	1	1	388.000	52.000	1.100	0.281	0.099	0.301	388.000	52.000	1.100	387	51	1	3	3	2
1.518	9.857	63	52	98	1.556	0.838	1.000	1	4	300.476	53.381	2.571	0.637	0.164	0.632	300.388	53.439	2.357	299	51	1	4	5	5
0.603	5.378	25	22	33	1.320	0.557	1.000	1	3	151.160	55.000	3.000	0.442	0.144	0.464	151.121	55.000	3.000	150	54	1	3	3	5
3.639	16.981	151	104	885	5.861	6.479	3.000	1	33	90.861	59.033	3.530	0.912	0.252	0.869	90.876	59.015	2.798	88	57	1	6	5	7
1.253	9.506	52	47	82	1.577	1.036	1.000	1	6	147.000	60.173	2.327	0.616	0.216	0.644	147.012	60.134	2.037	145	58	1	5	5	5
0.362	4.355	15	14	15	1.000	0.000	1.000	1	1	368.000	58.400	2.467	0.424	0.206	0.350	368.000	58.400	2.467	367	57	1	3	3	5
0.241	2.664	10	10	10	1.000	0.000	1.000	1	1	163.000	60.000	1.100	0.281	0.099	0.301	163.000	60.000	1.100	162	59	1	3	3	2
2.964	14.954	123	88	710	5.772	6.613	3.000	1	34	338.268	61.065	2.854	0.822	0.194	0.791	338.176	61.021	2.220	336	59	1	6	6	6
0.337	3.439	14	14	15	1.071	0.267	1.000	1	2	349.000	61.000	1.357	0.318	0.068	0.353	349.000	61.000	1.333	348	60	1	3	3	2
11.448	39.868	475	241	19943	41.985	80.305	8.000	1	498	286.827	64.865	4.983	1.458	0.447	1.448	286.839	64.906	3.339	283	61	1	9	9	13
6.170	25.427	256	154	3046	11.898	18.149	4.000	1	96	310.262	64.277	4.078	1.146	0.346	1.145	310.225	64.356	2.769	307	61	1	7	8	10
1.012	8.146	42	35	53	1.262	0.445	1.000	1	2	440.405	63.929	2.786	0.589	0.199	0.553	440.415	63.887	2.792	439	62	1	4	4	5
1.518	9.700	63	50	141	2.238	1.672	2.000	1	8	181.968	66.508	2.206	0.621	0.123	0.604	181.979	66.496	1.936	180	64	1	5	6	4
0.337	3.439	14	14	15	1.071	0.267	1.000	1	2	38.000	69.000	1.357	0.318	0.068	0.353	38.000	69.000	1.333	37	68	1	3	3	2
2.145	12.291	89	66	231	2.596	2.004	2.000	1	9	198.921	69.876	2.775	0.735	0.178	0.716	198.926	69.874	2.649	197	68	1	5	5	6
7.664	32.640	318	187	4367	13.733	21.413	4.000	1	116	380.393	74.833	3.994	1.226	0.336	1.190	380.228	75.252	3.097	377	69	1	9	11	9
10.532	47.279	437	278	999	2.286	2.089	1.000	1	13	432.096	74.950	3.291	1.390	0.435	1.392	430.806	74.680	3.073	426	69	1	15	13	7
2.121	13.454	88	59	225	2.557	2.061	2.000	1	10	139.966	71.966	3.102	0.749	0.191	0.706	139.951	71.951	2.747	138	70	1	5	5	6
11.641	38.564	483	246	25566	52.932	108.553	8.000	1	735	349.609	73.830	4.890	1.430	0.390	1.455	349.661	73.882	3.077	346	70	1	9	9	11
7.592	28.900	315	176	5941	18.860	30.066	5.000	1	161	390.095	72.752	4.311	1.215	0.322	1.215	390.018	72.768	3.138	387	69	1	7	8	10
7.206	27.209	299	172	6418	21.465	34.930	5.000	1	194	103.060	74.860	4.003	1.165	0.285	1.148	103.027	74.895	2.939	100	72	1	8	7	9
0.241	2.664	10	10	10	1.000	0.000	1.000	1	1	330.000	74.000	1.100	0.281	0.099	0.301	330.000	74.000	1.100	329	73	1	3	3	2
0.362	3.827	15	15	16	1.067	0.258	1.000	1	2	405.267	75.000	1.533	0.368	0.116	0.358	405.250	75.000	1.500	404	74	1	3	3	3
0.795	5.572	33	31	39	1.182	0.392	1.000	1	2	422.091	75.000	2.364	0.495	0.150	0.444	422.077	75.000	2.179	421	74	1	3	3	4
3.663	17.899	152	99	937	6.164	7.388	3.000	1	34	91.224	77.263	2.914	0.869	0.164	0.838	91.199	77.241	2.410	88	73	1	7	8	6
5.567	22.994	231	141	2683	11.615	15.311	4.000	1	71	254.359	78.662	3.835	1.071	0.276	1.076	254.309	78.667	3.007	251	76	1	7	7	8
1.133	8.837	47	44	69	1.468	0.747	1.000	1	4	262.787	78.745	1.532	0.560	0.195	0.592	262.870	78.855	1.420	261	76	1	5	7	3
0.289	3.439	12	12	12	1.000	0.000	1.000	1	1	409.000	77.000	1.500	0.402	0.208	0.359	409.000	77.000	1.500	408	76	1	3	3	4
4.700	19.748	195	130	2166	11.108	13.592	5.000	1	60	509.210	78.410	4.087	1.029	0.311	1.004	509.598	78.371	3.028	507	76	1	5	6	8
0.410	4.004	17	17	17	1.000	0.000	1.000	1	1	319.941	81.353	1.294	0.356	0.101	0.356	319.941	81.353	1.294	319	80	1	3	4	2
1.856	11.850	77	64	87	1.130	0.338	1.000	1	2	400.636	83.000	2.675	0.694	0.203	0.705	400.678	82.989	2.644	398	82	1	7	3	5
3.278	20.066	136	114	1090	8.015	12.158	3.000	1	62	509.691	85.846	3.566	0.981	0.370	1.005	510.515	85.834	2.842	505	83	1	7	7	9
0.241	2.664	10	10	10	1.000	0.000	1.000	1	1	322.000	86.000	1.100	0.281	0.099	0.301	322.000	86.000	1.100	321	85	1	3	3	2
0.313	3.068	13	13	13	1.000	0.000	1.000	1	1	486.538	85.000	2.385	0.324	0.091	0.320	486.538	85.000	2.385	486	84	1	2	3	3
0.241	2.664	10	10	10	1.000	0.000	1.000	1	1	430.000	87.000	1.100	0.281	0.099	0.301	430.000	87.000	1.100	429	86	1	3	3	2
1.253	8.570	52	43	104	2.000	1.205	2.000	1	5	254.058	89.692	2.269	0.578	0.119	0.566	254.048	89.712	2.019	252	88	1	5	5	4
2.989	16.295	124	91	345	2.782	2.488	2.000	1	12	399.435	93.435	2.863	0.843	0.226	0.819	399.528	93.699	2.638	397	89	1	6	8	6
4.676	21.125	194	122	1531	7.892	10.091	3.000	1	50	436.789	93.062	3.474	0.992	0.240	0.975	436.806	93.069	2.792	434	90	1	7	7	8
20.751	74.168	861	460	29007	33.690	82.740	5.000	1	660	466.573	95.992	4.369	1.692	0.464	1.662	465.264	94.361	3.349	461	90	1	16	15	11
2.531	13.032	105	77	339	3.229	3.250	2.000	1	17	116.324	97.876	2.638	0.758	0.153	0.731	116.304	97.805	2.136	114	95	1	6	6	5
0.434	4.709	18	18	25	1.389	0.608	1.000	1	3	295.000	98.000	1.278	0.360	0.106	0.368	295.000	98.000	1.240	293	96	1	5	5	2
4.627	27.618	192	151	495	2.578	2.501	1.500	1	15	377.990	102.604	2.344	1.006	0.297	1.055	378.220	102.800	2.034	373	97	1	10	11	5
11.834	39.727	491	251	15718	32.012	57.066	6.000	1	315	415.507	100.128	5.033	1.462	0.433	1.443	415.515	100.078	3.672	412	96	1	8	10	12
5.953	24.070	247	147	3180	12.874	19.111	4.000	1	101	433.130	101.227	3.757	1.086	0.264	1.077	433.101	101.212	2.817	430	98	1	7	7	8
0.241	2.664	10	10	10	1.000	0.000	1.000	1	1	284.000	101.000	1.100	0.281	0.099	0.301	284.000	101.000	1.100	283	100	1	3	3	2
3.446	16.593	143	94	787	5.503	5.949	3.000	1	30	91.720	102.993	3.559	0.903	0.245	0.858	91.811	103.011	2.840	89	101	1	6	5	7
2.964	16.205	123	88	414	3.366	3.381	2.000	1	17	212.049	103.285	3.293	0.900	0.283	0.875	212.029	103.331	2.558	210	101	1	5	6	7
0.675	4.990	28	26	30	1.071	0.262	1.000	1	2	368.000	102.000	2.071	0.442	0.117	0.463	368.000	102.000	2.100	367	101	1	3	3	4
0.241	2.664	10	10	10	1.000	0.000	1.000	1	1	105.000	103.000	1.100	0.281	0.099	0.301	105.000	103.000	1.100	104	102	1	3	3	2
1.157	8.764	48	40	75	1.562	0.873	1.000	1	5	304.521	104.729	2.417	0.582	0.153	0.582	304.560	104.773	2.173	303	103	1	5	5	5
7.520	28.619	312	175	5560	17.821	28.441	5.500	1	138	272.535	106.670	4.074	1.192	0.303	1.207	272.502	106.656	3.030	269	103	1	8	8	9
1.446	9.663	60	46	117	1.950	1.111	2.000	1	5	181.650	107.950	2.433	0.619	0.121	0.618	181.701	107.957	2.256	180	106	1	5	5	5
0.241	2.664	10	10	10	1.000	0.000	1.000	1	1	434.000	107.000	1.100	0.281	0.099	0.301	434.000	107.000	1.100	433	106	1	3	3	2
0.651	5.397	27	27	42	1.556	0.847	1.000	1	4	446.704	109.000	1.370	0.406	0.109	0.405	446.714	109.024	1.310	445	107	1	5	5	2
2.555	13.454	106	75	358	3.377	3.232	2.000	1	16	292.934	109.868	3.104	0.804	0.214	0.791	293.008	109.936	2.721	291	108	1	5	5	7
2.000	13.738	83	66	118	1.422	0.646	1.000	1	4	372.012	111.687	2.482	0.727	0.215	0.777	372.034	111.644	2.475	369	109	1	7	7	5
6.266	27.756	260	163	2697	10.373	15.663	4.000	1	79	255.092	112.923	3.581	1.139	0.326	1.086	255.088	112.516	2.843	252	109	1	7	12	9
0.265	2.857	11	11	11	1.000	0.000	1.000	1	1	342.091	111.000	1.182	0.296	0.091	0.320	342.091	111.000	1.182	341	110	1	3	3	2
1.350	8.570	56	46	97	1.732	1.000	1.000	1	5	363.143	112.643	2.393	0.588	0.113	0.591	363.134	112.649	2.247	361	111	1	5	4	4
4.579	21.038	190	117	1019	5.363	6.804	2.000	1	36	405.826	116.179	3.263	0.960	0.209	0.931	405.748	115.974	2.673	403	113	1	6	8	8
22.462	69.228	932	446	91034	97.676	239.865	8.000	1	1544	466.247	119.193	5.826	1.886	0.571	1.905	465.551	118.737	3.811	459	114	1	16	13	14
3.278	16.346	136	93	522	3.838	4.067	2.000	1	23	355.184	116.978	3.574	0.913	0.268	0.907	355.123	116.975	2.728	353	115	1	6	5	7
6.893	28.355	286	163	2622	9.168	13.656	3.000	1	82	307.486	119.409	3.783	1.159	0.298	1.126	307.748	119.195	2.715	304	116	1	8	8	9
1.591	10.051	66	48	116	1.758	1.164	1.000	1	5	435.924	117.455	2.773	0.660	0.145	0.649	435.897	117.440	2.690	434	115	1	5	5	5
33.019	113.158	1370	725	34959	25.518	66.593	4.000	1	569	423.077	127.436	4.335	2.208	0.745	2.298	421.476	123.818	3.425	414	118	1	22	21	12
16.124	47.982	669	317	17671	26.414	41.754	7.000	1	225	152.644	126.009	4.767	1.555	0.358	1.548	152.538	125.561	3.315	149	121	1	9	12	11
0.241	2.664	10	10	10	1.000	0.000	1.000	1	1	142.000	124.000	1.100	0.281	0.099	0.301	142.000	124.000	1.100	141	123	1	3	3	2
5.109	23.876	212	128	560	2.642	2.176	2.000	1	11	451.024	125.231	3.675	1.036	0.250	1.036	451.212	125.211	3.484	447	122	1	8	7	8
1.060	8.025	44	42	66	1.500	0.928	1.000	1	5	188.000	127.000	1.955	0.539	0.166	0.525	188.045	127.000	1.758	186	125	1	5	5	4
12.123	46.326	503	296	12455	24.761	51.712	3.000	1	327	220.710	131.571	4.127	1.457	0.425	1.401	221.659	130.789	3.085	212	127	1	15	12	10
0.241	2.664	10	10	10	1.000	0.000	1.000	1	1	386.000	128.000	1.100	0.281	0.099	0.301	386.000	128.000	1.100	385	127	1	3	3	2
0.337	3.439	14	14	15	1.071	0.267	1.000	1	2	393.000	128.000	1.357	0.318	0.068	0.353	393.000	128.000	1.333	392	127	1	3	3	2
0.988	8.270	41	35	52	1.268	0.501	1.000	1	3	107.512	128.634	2.829	0.598	0.214	0.516	107.538	128.654	2.673	106	127	1	4	4	6
0.337	3.439	14	14	17	1.214	0.579	1.000	1	3	246.000	130.000	1.357	0.318	0.068	0.353	246.059	130.000	1.294	245	129	1	3	3	2
8.604	31.775	357	192	7753	21.717	36.580	6.000	1	202	329.588	133.227	4.409	1.271	0.332	1.270	329.613	133.233	3.143	326	130	1	8	8	10
1.904	11.181	79	64	173	2.190	1.578	2.000	1	8	374.253	132.203	2.519	0.683	0.169	0.664	374.277	132.220	2.306	372	130	1	5	6	5
9.882	36.167	410	225	11757	28.676	50.625	5.000	1	270	119.573	137.034	4.373	1.341	0.367	1.323	119.488	136.889	3.184	116	133	1	9	11	10
0.482	5.485	20	18	21	1.050	0.224	1.000	1	2	290.000	135.850	1.900	0.476	0.172	0.455	290.000	135.810	1.857	289	134	1	3	5	4
0.482	4.709	20	20	23	1.150	0.489	1.000	1	3	296.100	137.000	1.350	0.368	0.100	0.361	296.130	137.000	1.304	294	135	1	5	5	2
6.266	24.458	260	154	3802	14.623	21.527	5.000	1	112	396.246	138.212	3.900	1.117	0.273	1.105	396.226	138.260	2.930	393	135	1	7	7	8
3.254	16.329	135	94	688	5.096	5.711	3.000	1	28	245.037	138.015	3.259	0.858	0.216	0.868	245.065	138.010	2.635	242	136	1	7	5	7
1.109	7.671	46	39	61	1.326	0.598	1.000	1	3	304.457	137.326	2.304	0.556	0.121	0.547	304.410	137.361	2.164	303	136	1	4	4	4
15.618	50.665	648	329	7025	10.841	14.444	5.000	1	71	387.276	144.298	3.852	1.492	0.344	1.517	387.083	144.096	2.864	383	137	1	9	15	9
11.448	38.035	475	243	11777	24.794	40.448	7.000	1	213	340.101	141.943	4.598	1.395	0.347	1.423	340.184	142.178	3.289	336	138	1	9	9	11
7.978	31.583	331	198	2025	6.118	7.372	3.000	1	41	368.674	142.012	3.456	1.173	0.274	1.201	369.029	141.680	2.752	364	138	1	10	9	7
0.386	3.810	16	16	17	1.062	0.250	1.000	1	2	404.438	140.000	1.250	0.346	0.098	0.347	404.412	140.000	1.235	403	139	1	4	3	2
0.844	7.547	35	32	39	1.114	0.471	1.000	1	3	204.629	140.657	2.543	0.621	0.238	0.637	204.615	140.692	2.385	203	139	1	4	4	5
0.337	3.439	14	14	15	1.071	0.267	1.000	1	2	442.000	142.000	1.357	0.318	0.068	0.353	442.000	142.000	1.333	441	141	1	3	3	2
0.241	2.664	10	10	10	1.000	0.000	1.000	1	1	353.000	143.000	1.100	0.281	0.099	0.301	353.000	143.000	1.100	352	142	1	3	3	2
1.350	8.694	56	45	112	2.000	1.348	1.000	1	6	399.304	145.911	2.250	0.598	0.114	0.581	399.286	145.946	1.991	397	144	1	5	5	4
6.821	26.644	283	166	4078	14.410	22.300	5.000	1	127	138.216	147.802	4.173	1.175	0.328	1.183	138.235	147.816	2.994	135	145	1	8	7	9
4.170	19.627	173	113	1482	8.566	11.282	3.000	1	54	215.116	148.561	3.035	0.931	0.211	0.887	215.108	148.677	2.373	212	145	1	7	7	7
1.542	9.804	64	50	107	1.672	0.927	1.000	1	4	277.141	147.422	2.750	0.655	0.169	0.650	277.131	147.421	2.514	275	146	1	5	4	5
4.893	21.055	203	129	2291	11.286	15.149	4.000	1	75	118.542	150.010	3.448	0.992	0.234	0.971	118.584	150.006	2.761	116	147	1	7	7	8
0.337	3.439	14	14	15	1.071	0.267	1.000	1	2	254.000	148.000	1.357	0.318	0.068	0.353	254.000	148.000	1.333	253	147	1	3	3	2
0.265	3.051	11	11	11	1.000	0.000	1.000	1	1	355.000	148.000	1.273	0.329	0.138	0.284	355.000	148.000	1.273	354	147	1	3	3	3
11.569	38.069	480	243	25545	53.219	104.640	8.500	1	611	228.485	151.758	4.994	1.435	0.396	1.455	228.441	151.804	3.243	225	148	1	8	9	11
0.940	8.165	39	38	54	1.385	0.782	1.000	1	4	486.103	150.077	2.026	0.601	0.312	0.528	486.167	150.074	1.778	484	148	1	5	5	6
0.362	4.162	15	15	15	1.000	0.000	1.000	1	1	428.467	149.667	1.933	0.379	0.137	0.401	428.467	149.667	1.933	427	149	1	4	3	3
1.205	8.587	50	40	67	1.340	0.593	1.000	1	3	459.840	150.160	2.880	0.614	0.180	0.568	459.866	150.164	2.940	458	149	1	4	4	5
7.761	33.049	322	204	1926	5.981	8.820	2.000	1	54	292.745	154.696	3.000	1.150	0.289	1.143	293.759	154.791	2.514	286	150	1	12	10	7
3.085	15.536	128	90	779	6.086	7.475	3.000	1	39	160.578	153.102	2.875	0.824	0.176	0.791	160.602	153.015	2.149	158	151	1	6	6	6
0.651	5.715	27	27	33	1.222	0.506	1.000	1	3	302.630	154.630	1.333	0.433	0.151	0.435	302.697	154.697	1.273	300	152	1	6	6	2
6.989	40.842	290	224	596	2.055	1.837	1.000	1	11	346.697	160.679	3.038	1.370	0.491	1.386	346.624	160.352	2.790	341	152	1	10	17	8
0.675	5.890	28	25	35	1.250	0.441	1.000	1	2	332.750	153.893	2.143	0.487	0.152	0.457	332.743	153.857	2.057	331	153	1	4	3	4
9.568	39.962	397	232	1546	3.894	4.279	2.000	1	27	440.370	157.854	3.199	1.253	0.303	1.252	440.397	158.278	2.719	433	153	1	14	10	8
0.241	2.664	10	10	10	1.000	0.000	1.000	1	1	136.000	155.000	1.100	0.281	0.099	0.301	136.000	155.000	1.100	135	154	1	3	3	2
0.241	2.664	10	10	10	1.000	0.000	1.000	1	1	205.000	155.000	1.100	0.281	0.099	0.301	205.000	155.000	1.100	204	154	1	3	3	2
1.157	9.503	48	45	93	1.938	1.327	1.000	1	6	510.479	156.854	2.958	0.659	0.261	0.628	510.645	156.914	2.796	509	154	1	3	6	6
3.374	17.300	140	99	464	3.314	3.778	2.000	1	18	374.986	158.957	2.543	0.839	0.186	0.812	375.293	158.330	2.194	372	156	1	7	8	5
1.952	12.855	81	68	115	1.420	0.610	1.000	1	3	328.543	161.025	2.679	0.723	0.213	0.718	328.426	161.183	2.591	327	158	1	5	7	5
9.568	36.307	397	218	10961	27.610	49.712	6.000	1	278	144.554	165.214	4.433	1.349	0.373	1.342	144.676	165.357	3.115	141	159	1	9	11	10
0.458	3.827	19	18	19	1.000	0.000	1.000	1	1	426.000	160.000	1.579	0.363	0.073	0.362	426.000	160.000	1.579	425	159	1	3	3	3
0.892	6.084	37	34	59	1.595	0.798	1.000	1	4	306.000	162.054	2.514	0.520	0.148	0.585	306.000	162.068	2.373	305	161	1	3	4	4
2.025	11.833	84	66	197	2.345	1.690	2.000	1	8	352.655	163.048	2.690	0.738	0.225	0.695	352.609	163.015	2.411	351	161	1	5	5	7
1.759	10.335	73	57	171	2.342	1.766	2.000	1	7	271.685	163.534	2.247	0.644	0.113	0.641	271.626	163.520	2.000	270	161	1	5	6	4
2.772	15.235	115	81	356	3.096	2.962	2.000	1	13	368.591	165.000	2.948	0.842	0.258	0.806	368.601	164.972	2.469	366	163	1	6	5	7
2.458	12.715	102	72	375	3.676	3.792	2.000	1	17	246.559	166.971	2.529	0.735	0.124	0.711	246.632	166.955	2.176	244	165	1	6	5	5
4.242	18.304	176	111	1340	7.614	9.188	3.000	1	39	168.580	168.534	3.341	0.937	0.198	0.918	168.679	168.537	2.614	166	166	1	6	6	7
1.711	10.475	71	51	164	2.310	1.687	2.000	1	8	321.972	171.197	2.380	0.647	0.099	0.623	321.970	171.293	2.171	320	169	1	5	6	5
0.241	2.664	10	10	10	1.000	0.000	1.000	1	1	451.000	171.000	1.100	0.281	0.099	0.301	451.000	171.000	1.100	450	170	1	3	3	2
6.411	26.079	266	157	3170	11.917	17.590	4.000	1	91	184.658	174.865	4.173	1.169	0.344	1.181	184.661	174.856	3.109	182	172	1	7	7	9
1.783	11.709	74	64	115	1.554	0.909	1.000	1	6	360.041	174.027	3.014	0.762	0.278	0.819	360.000	174.070	2.652	358	172	1	5	5	7
0.482	5.133	20	20	20	1.000	0.000	1.000	1	1	422.500	174.000	1.100	0.503	0.193	0.542	422.500	174.000	1.100	420	172	1	6	5	2
0.530	5.061	22	22	39	1.773	1.066	1.000	1	5	510.591	173.000	3.000	0.428	0.164	0.474	510.744	173.000	3.000	510	171	1	2	5	5
0.458	4.603	19	18	20	1.053	0.229	1.000	1	2	371.000	176.000	2.000	0.382	0.086	0.390	371.000	176.000	2.000	370	175	1	3	3	3
17.353	51.683	720	330	48732	67.683	147.481	9.000	1	1018	394.851	182.360	5.253	1.647	0.437	1.669	395.005	182.932	3.516	391	176	1	9	12	12
5.567	22.465	231	139	2395	10.368	13.700	4.000	1	63	482.394	179.632	3.762	1.046	0.244	1.088	482.393	179.624	2.958	479	177	1	7	7	8
4.531	20.085	188	119	1317	7.005	9.300	3.000	1	51	316.952	181.277	3.351	0.972	0.222	0.926	316.947	181.260	2.528	314	178	1	7	7	7
1.229	8.570	51	41	93	1.824	1.161	1.000	1	5	324.549	180.863	2.235	0.599	0.190	0.556	324.656	180.828	1.989	323	179	1	4	5	6
2.458	13.437	102	73	275	2.696	2.124	2.000	1	10	355.814	181.618	3.029	0.773	0.189	0.766	355.847	181.560	2.760	354	179	1	5	6	6
1.012	7.618	42	35	68	1.619	0.825	1.000	1	4	370.952	180.643	3.190	0.540	0.151	0.529	370.956	180.765	3.118	369	179	1	4	4	5
3.278	16.258	136	94	543	3.993	4.194	2.000	1	20	385.390	181.956	3.250	0.889	0.243	0.850	385.453	181.934	2.667	382	180	1	7	5	7
0.530	4.709	22	22	28	1.273	0.550	1.000	1	3	453.000	182.000	1.409	0.375	0.096	0.386	453.000	182.000	1.321	451	180	1	5	5	2
0.434	4.057	18	18	19	1.056	0.236	1.000	1	2	465.500	182.500	1.222	0.360	0.104	0.403	465.526	182.474	1.211	464	181	1	4	4	2
0.554	4.603	23	22	23	1.000	0.000	1.000	1	1	191.000	187.000	1.826	0.403	0.092	0.407	191.000	187.000	1.826	190	186	1	3	3	3
6.146	25.922	255	154	2788	10.933	15.420	4.000	1	73	427.141	190.494	3.910	1.127	0.294	1.106	427.225	190.604	3.029	424	186	1	7	9	8
0.434	4.709	18	18	20	1.111	0.471	1.000	1	3	458.000	188.000	1.278	0.360	0.106	0.368	458.000	188.000	1.250	456	186	1	5	5	2
0.819	5.960	34	31	42	1.235	0.431	1.000	1	2	375.088	188.000	2.706	0.508	0.169	0.459	375.143	187.929	2.714	374	187	1	3	3	5
3.061	17.671	127	100	324	2.551	2.452	1.000	1	12	410.969	191.780	2.315	0.857	0.276	0.847	411.373	192.204	2.145	406	187	1	9	9	7
0.241	2.664	10	10	10	1.000	0.000	1.000	1	1	248.000	189.000	1.100	0.281	0.099	0.301	248.000	189.000	1.100	247	188	1	3	3	2
0.241	2.664	10	10	10	1.000	0.000	1.000	1	1	477.000	189.000	1.100	0.281	0.099	0.301	477.000	189.000	1.100	476	188	1	3	3	2
20.848	60.008	865	378	43531	50.325	90.006	9.000	1	511	280.340	194.497	4.969	1.715	0.391	1.684	280.967	194.233	3.540	273	189	1	14	12	12
7.544	33.450	313	217	2559	8.176	12.067	3.000	1	72	509.300	196.949	3.847	1.269	0.399	1.254	509.249	198.254	3.036	506	189	1	6	14	9
0.506	4.338	21	20	22	1.048	0.218	1.000	1	2	266.000	191.857	1.619	0.384	0.090	0.366	266.000	191.864	1.591	265	190	1	3	4	3
2.675	14.390	111	80	372	3.351	3.167	2.000	1	16	165.315	195.793	2.838	0.793	0.196	0.766	165.185	195.847	2.414	163	193	1	6	6	6
1.060	9.700	44	41	57	1.295	0.701	1.000	1	4	198.250	195.273	2.091	0.613	0.253	0.565	198.053	195.211	1.877	195	193	1	8	5	5
1.326	8.888	55	46	90	1.636	0.950	1.000	1	5	207.291	197.000	2.273	0.588	0.125	0.578	207.244	197.000	2.078	205	195	1	5	5	4
9.351	36.678	388	225	6457	16.642	27.673	4.000	1	147	264.585	198.760	4.144	1.310	0.353	1.294	265.170	198.439	3.300	258	195	1	12	8	10
5.326	22.041	221	137	1932	8.742	11.842	3.000	1	59	345.552	198.638	3.959	1.071	0.290	1.040	345.581	198.684	2.844	343	196	1	6	7	8
3.953	18.180	164	106	1172	7.146	8.567	3.000	1	39	408.341	198.713	3.323	0.920	0.210	0.905	408.317	198.828	2.660	406	196	1	6	6	7
13.714	42.972	569	270	28540	50.158	98.916	8.000	1	634	299.025	201.134	4.895	1.488	0.368	1.511	298.767	201.042	3.083	295	197	1	10	9	12
15.087	46.339	626	293	53667	85.730	181.694	10.000	1	1157	388.914	200.578	5.567	1.603	0.455	1.602	388.949	200.571	3.491	385	196	1	9	10	12
3.061	15.553	127	85	356	2.803	2.340	2.000	1	10	484.559	200.205	3.268	0.845	0.193	0.820	484.539	200.256	2.980	482	198	1	6	6	7
5.736	24.545	238	145	2071	8.702	11.540	4.000	1	57	250.361	202.160	4.071	1.114	0.330	1.085	250.347	202.157	3.102	247	199	1	7	7	9
0.482	4.445	20	20	22	1.100	0.447	1.000	1	3	236.400	202.400	1.300	0.372	0.103	0.388	236.364	202.364	1.273	235	201	1	4	4	2
0.289	3.051	12	12	12	1.000	0.000	1.000	1	1	312.917	202.917	1.250	0.306	0.082	0.315	312.917	202.917	1.250	312	202	1	3	3	2
3.446	16.787	143	96	759	5.308	5.814	3.000	1	28	149.028	205.336	3.392	0.902	0.250	0.859	148.976	205.273	2.665	147	203	1	5	6	7
15.738	48.581	653	316	29369	44.975	80.235	8.000	1	470	213.090	207.436	4.945	1.567	0.390	1.567	213.129	207.291	3.165	207	203	1	11	11	12
0.337	3.439	14	14	16	1.143	0.535	1.000	1	3	405.000	205.000	1.357	0.318	0.068	0.353	405.000	205.000	1.312	404	204	1	3	3	2
6.917	27.332	287	165	5146	17.930	27.935	6.000	1	145	183.690	209.711	3.895	1.145	0.279	1.142	183.665	209.716	2.915	180	206	1	8	8	9
3.037	18.762	126	93	311	2.468	2.283	1.000	1	11	457.524	208.460	3.278	0.915	0.351	0.880	457.424	208.350	2.650	455	206	1	7	7	9
0.241	2.664	10	10	10	1.000	0.000	1.000	1	1	234.000	208.000	1.100	0.281	0.099	0.301	234.000	208.000	1.100	233	207	1	3	3	2
2.241	12.678	93	66	230	2.473	1.920	2.000	1	9	506.086	211.054	2.946	0.742	0.154	0.706	506.078	211.113	2.800	504	209	1	5	5	6
2.482	14.336	103	69	288	2.796	2.349	2.000	1	11	138.214	212.311	2.990	0.786	0.183	0.782	138.163	212.326	2.705	136	210	1	6	6	6
0.241	2.664	10	10	10	1.000	0.000	1.000	1	1	468.000	211.000	1.100	0.281	0.099	0.301	468.000	211.000	1.100	467	210	1	3	3	2
0.868	7.741	36	33	44	1.222	0.422	1.000	1	2	157.722	212.000	2.833	0.606	0.221	0.608	157.750	212.000	2.886	156	211	1	4	3	5
12.581	43.060	522	266	30568	58.559	121.858	8.000	1	801	339.012	214.992	5.084	1.502	0.446	1.501	339.094	214.991	3.208	334	211	1	10	9	12
7.929	35.815	329	209	4351	13.225	21.850	3.000	1	113	385.295	214.666	3.587	1.239	0.343	1.215	384.455	214.361	2.947	381	211	1	12	9	9
27.644	68.598	1147	468	53933	47.021	80.735	11.000	1	497	149.935	217.639	5.230	1.849	0.362	1.834	149.551	217.003	3.818	144	212	1	14	12	13
3.085	15.393	128	87	448	3.500	3.576	2.000	1	17	261.039	215.961	3.625	0.896	0.272	0.840	260.935	215.973	2.862	259	214	1	5	5	8
0.675	6.384	28	27	29	1.036	0.189	1.000	1	2	357.179	215.357	1.929	0.506	0.180	0.492	357.172	215.345	1.897	356	214	1	4	4	4
0.241	2.664	10	10	11	1.100	0.316	1.000	1	2	204.000	216.000	1.100	0.281	0.099	0.301	204.000	216.000	1.091	203	215	1	3	3	2
0.506	4.409	21	19	21	1.000	0.000	1.000	1	1	418.048	215.000	2.571	0.396	0.098	0.382	418.048	215.000	2.571	417	214	1	3	3	4
5.230	22.800	217	135	1851	8.530	11.287	4.000	1	58	493.364	218.115	3.756	1.051	0.281	1.049	493.439	218.057	2.912	490	215	1	7	7	8
2.555	13.103	106	77	379	3.575	3.708	2.000	1	17	306.717	217.953	2.708	0.759	0.145	0.737	306.704	217.982	2.237	304	216	1	6	5	5
1.808	11.321	75	62	117	1.560	0.990	1.000	1	6	345.027	221.000	2.720	0.736	0.248	0.715	345.034	221.000	2.393	343	219	1	5	5	6
5.158	22.007	214	132	2397	11.201	15.688	5.000	1	75	447.575	222.883	3.505	1.015	0.226	0.999	447.549	222.919	2.717	444	220	1	8	7	8
0.386	3.934	16	16	16	1.000	0.000	1.000	1	1	248.625	222.625	1.188	0.346	0.100	0.365	248.625	222.625	1.188	247	221	1	4	4	2
2.989	16.011	124	83	410	3.306	3.259	2.000	1	16	286.161	223.177	3.129	0.851	0.219	0.838	286.195	223.298	2.502	284	221	1	6	6	7
2.193	13.330	91	66	183	2.011	1.252	2.000	1	6	504.011	223.462	3.132	0.781	0.220	0.827	504.038	223.377	2.956	502	221	1	5	6	6
5.760	26.535	239	171	9926	41.531	78.237	7.000	1	430	509.845	225.623	5.075	1.237	0.478	1.209	510.554	225.753	3.530	508	222	1	4	8	11
6.025	26.486	250	156	1305	5.220	5.958	2.000	1	26	384.428	226.124	3.580	1.116	0.338	1.062	384.308	226.195	2.724	381	223	1	8	7	10
0.241	2.664	10	10	10	1.000	0.000	1.000	1	1	306.000	227.000	1.100	0.281	0.099	0.301	306.000	227.000	1.100	305	226	1	3	3	2
6.556	26.169	272	160	4327	15.908	25.316	4.000	1	145	337.037	230.794	3.798	1.118	0.265	1.109	336.951	230.849	2.782	334	227	1	8	8	9
3.326	15.924	138	93	816	5.913	6.686	3.000	1	32	461.630	230.761	2.971	0.855	0.181	0.833	461.705	230.881	2.464	459	228	1	6	6	6
4.652	20.808	193	126	1662	8.611	11.927	4.000	1	60	446.565	231.948	3.585	1.012	0.285	1.019	446.565	231.963	2.568	444	229	1	6	7	8
5.881	24.264	244	148	2928	12.000	16.947	4.500	1	83	252.254	234.361	3.836	1.096	0.294	1.087	252.259	234.398	2.813	249	231	1	7	8	9
0.241	2.664	10	10	10	1.000	0.000	1.000	1	1	475.000	236.000	1.100	0.281	0.099	0.301	475.000	236.000	1.100	474	235	1	3	3	2
13.931	44.029	578	283	42467	73.472	154.609	9.000	1	946	343.337	239.628	5.400	1.553	0.442	1.604	343.353	239.639	3.367	339	236	1	10	9	12
2.748	14.971	114	78	321	2.816	2.224	2.000	1	9	405.518	238.474	2.956	0.814	0.189	0.784	405.489	238.523	2.810	402	236	1	7	6	6
0.289	3.175	12	12	12	1.000	0.000	1.000	1	1	222.750	239.000	1.167	0.310	0.097	0.317	222.750	239.000	1.167	221	238	1	4	3	2
0.337	3.439	14	14	15	1.071	0.267	1.000	1	2	152.000	240.000	1.357	0.318	0.068	0.353	152.000	240.000	1.333	151	239	1	3	3	2
0.578	5.642	24	21	28	1.167	0.381	1.000	1	2	353.625	241.000	2.542	0.470	0.147	0.402	353.607	241.000	2.536	352	240	1	4	3	4
20.366	65.210	845	419	34929	41.336	82.033	7.000	1	601	484.910	245.209	4.615	1.674	0.454	1.737	485.814	245.656	3.199	477	240	1	16	12	12
0.554	4.639	23	23	28	1.217	0.422	1.000	1	2	316.565	245.348	1.391	0.384	0.099	0.420	316.536	245.321	1.321	315	244	1	4	4	2
9.568	34.543	397	211	11466	28.882	52.499	6.000	1	287	229.458	248.232	4.720	1.368	0.412	1.392	229.417	248.272	3.144	226	245	1	8	8	11
1.157	9.222	48	41	58	1.208	0.459	1.000	1	3	147.771	247.062	2.917	0.630	0.237	0.584	147.776	247.052	2.759	145	245	1	6	5	6
0.241	2.664	10	10	10	1.000	0.000	1.000	1	1	379.000	247.000	1.100	0.281	0.099	0.301	379.000	247.000	1.100	378	246	1	3	3	2
10.653	43.891	442	271	3897	8.817	11.822	4.000	1	62	443.244	251.690	3.713	1.365	0.407	1.429	443.298	251.517	2.911	438	246	1	11	13	9
0.241	3.209	10	10	10	1.000	0.000	1.000	1	1	326.800	248.000	3.100	0.366	0.201	0.379	326.800	248.000	3.100	326	247	1	2	3	4
13.111	48.035	544	304	8883	16.329	25.776	5.000	1	155	347.169	255.362	3.816	1.411	0.400	1.473	347.448	255.631	2.821	342	249	1	12	13	8
0.530	4.956	22	22	27	1.227	0.528	1.000	1	3	357.273	253.000	1.318	0.383	0.108	0.388	357.259	253.000	1.259	355	251	1	5	5	2
1.157	8.800	48	42	79	1.646	1.246	1.000	1	7	386.000	254.000	1.958	0.563	0.138	0.525	386.000	254.000	1.722	384	252	1	5	5	4
2.675	13.738	111	77	490	4.414	4.343	2.000	1	20	479.288	255.045	2.784	0.774	0.145	0.751	479.224	255.029	2.422	477	253	1	6	6	6
1.735	12.821	72	68	84	1.167	0.581	1.000	1	4	328.694	258.389	2.097	0.725	0.237	0.734	328.881	258.190	1.952	326	255	1	7	7	5
1.398	9.540	58	45	77	1.328	0.543	1.000	1	3	398.672	257.293	3.138	0.632	0.184	0.612	398.727	257.273	3.182	397	255	1	4	5	6
9.568	39.642	397	242	4048	10.196	18.124	3.000	1	102	386.929	261.380	3.642	1.295	0.375	1.244	388.343	261.509	2.897	380	258	1	13	8	10
2.868	16.098	119	85	321	2.697	2.469	2.000	1	13	413.924	261.857	3.580	0.903	0.323	0.846	413.872	261.769	2.891	412	260	1	5	5	8
1.880	11.602	78	58	131	1.679	1.013	1.000	1	5	428.115	261.641	2.910	0.729	0.207	0.670	428.084	261.718	2.557	426	260	1	5	5	6
3.495	17.545	145	97	607	4.186	4.637	2.000	1	23	359.566	262.897	3.317	0.895	0.235	0.864	359.371	262.913	2.605	357	260	1	7	6	7
0.819	7.618	34	30	58	1.706	1.001	1.000	1	5	368.059	263.000	2.147	0.532	0.190	0.512	368.034	263.000	1.828	366	261	1	5	5	5
2.820	15.730	117	87	262	2.239	2.016	1.000	1	11	373.897	265.701	2.872	0.818	0.210	0.799	373.786	265.553	2.351	371	263	1	6	6	6
0.241	2.664	10	10	10	1.000	0.000	1.000	1	1	384.000	270.000	1.100	0.281	0.099	0.301	384.000	270.000	1.100	383	269	1	3	3	2
1.976	13.296	82	66	167	2.037	1.629	1.000	1	9	435.378	277.402	2.695	0.730	0.187	0.728	435.210	277.204	2.359	433	275	1	6	7	5
0.313	3.563	13	13	13	1.000	0.000	1.000	1	1	492.615	279.000	1.385	0.363	0.140	0.328	492.615	279.000	1.385	491	278	1	4	3	3
5.471	23.452	227	138	2314	10.194	13.388	4.000	1	59	366.344	283.498	3.978	1.082	0.320	1.036	366.392	283.516	2.934	363	281	1	7	6	10
0.265	3.051	11	11	11	1.000	0.000	1.000	1	1	414.091	281.909	1.182	0.302	0.099	0.321	414.091	281.909	1.182	413	281	1	3	3	2
1.012	8.376	42	39	50	1.190	0.455	1.000	1	3	420.738	289.643	2.524	0.607	0.224	0.628	420.740	289.620	2.360	419	288	1	4	4	5
8.460	31.404	351	194	7075	20.157	32.309	6.000	1	181	361.003	293.100	4.519	1.281	0.369	1.253	361.039	293.153	3.247	358	290	1	8	8	11
0.241	2.664	10	10	10	1.000	0.000	1.000	1	1	392.000	293.000	1.100	0.281	0.099	0.301	392.000	293.000	1.100	391	292	1	3	3	2
0.337	3.439	14	14	15	1.071	0.267	1.000	1	2	352.000	294.000	1.357	0.318	0.068	0.353	352.000	294.000	1.333	351	293	1	3	3	2
0.554	4.603	23	22	24	1.043	0.209	1.000	1	2	370.000	295.000	1.826	0.403	0.092	0.407	370.000	295.000	1.792	369	294	1	3	3	3
0.337	3.439	14	14	15	1.071	0.267	1.000	1	2	409.000	300.000	1.357	0.318	0.068	0.353	409.000	300.000	1.333	408	299	1	3	3	2
0.337	3.439	14	14	15	1.071	0.267	1.000	1	2	373.000	302.000	1.357	0.318	0.068	0.353	373.000	302.000	1.333	372	301	1	3	3	2
3.639	17.599	151	96	964	6.384	7.290	3.000	1	32	305.391	314.947	3.285	0.903	0.206	0.858	305.457	314.966	2.605	303	312	1	6	7	7
2.916	14.724	121	82	423	3.496	3.155	2.000	1	17	321.934	320.281	3.207	0.838	0.196	0.852	321.998	320.232	2.738	320	318	1	5	6	6
0.506	5.308	21	20	22	1.048	0.218	1.000	1	2	327.143	327.667	2.048	0.436	0.144	0.440	327.136	327.682	2.045	326	326	1	3	4	4
0.241	2.664	10	10	10	1.000	0.000	1.000	1	1	64.000	395.000	1.100	0.281	0.099	0.301	64.000	395.000	1.100	63	394	1	3	3	2
0.337	3.439	14	14	15	1.071	0.267	1.000	1	2	80.000	411.000	1.357	0.318	0.068	0.353	80.000	411.000	1.333	79	410	1	3	3	2
0.289	4.338	12	11	12	1.000	0.000	1.000	1	1	108.250	414.583	1.583	0.492	0.156	0.502	108.250	414.583	1.583	106	413	1	6	4	3
0.337	3.439	14	14	16	1.143	0.363	1.000	1	2	119.000	414.000	1.357	0.318	0.068	0.353	119.062	414.000	1.312	118	413	1	3	3	2
0.506	4.639	21	21	24	1.143	0.478	1.000	1	3	34.381	422.000	1.333	0.373	0.099	0.372	34.375	422.000	1.292	33	420	1	4	5	2
4.652	20.842	193	127	1178	6.104	7.243	3.000	1	36	147.373	431.026	4.114	1.061	0.353	1.025	147.329	431.070	3.257	145	429	1	6	6	9
0.241	2.664	10	10	10	1.000	0.000	1.000	1	1	189.000	441.000	1.100	0.281	0.099	0.301	189.000	441.000	1.100	188	440	1	3	3	2
1.157	7.882	48	42	81	1.688	1.014	1.000	1	5	21.292	458.000	2.792	0.584	0.186	0.561	21.235	458.000	2.728	20	457	1	4	3	5
2.868	14.671	119	81	350	2.941	2.545	2.000	1	12	162.042	467.017	3.252	0.839	0.221	0.874	162.077	467.049	2.820	160	465	1	6	5	7
0.337	3.439	14	14	15	1.071	0.267	1.000	1	2	219.000	473.000	1.357	0.318	0.068	0.353	219.000	473.000	1.333	218	472	1	3	3	2
2.820	14.460	117	83	390	3.333	3.270	2.000	1	17	30.162	478.479	3.154	0.828	0.206	0.816	30.113	478.559	2.536	28	476	1	5	6	6
0.530	4.709	22	22	28	1.273	0.550	1.000	1	3	114.000	482.000	1.409	0.375	0.096	0.386	114.000	482.000	1.321	112	480	1	5	5	2
0.482	4.692	20	20	20	1.000	0.000	1.000	1	1	425.150	481.700	1.200	0.390	0.133	0.389	425.150	481.700	1.200	423	480	1	5	5	2
2.314	13.578	96	67	264	2.750	2.312	2.000	1	11	76.219	484.000	3.031	0.769	0.191	0.726	76.227	484.000	2.663	74	482	1	6	5	6
1.783	11.937	74	63	131	1.770	0.944	2.000	1	5	223.932	485.757	3.622	0.779	0.307	0.730	223.924	485.786	3.252	222	484	1	5	5	7
0.289	3.034	12	12	12	1.000	0.000	1.000	1	1	417.083	489.167	1.000	0.331	0.138	0.324	417.083	489.167	1.000	416	487	1	3	5	1
0.289	3.563	12	12	12	1.000	0.000	1.000	1	1	433.667	489.833	1.167	0.358	0.142	0.367	433.667	489.833	1.167	432	488	1	4	5	2
0.337	3.439	14	14	16	1.143	0.535	1.000	1	3	195.000	491.000	1.357	0.318	0.068	0.353	195.000	491.000	1.312	194	490	1	3	3	2
0.241	2.664	10	10	10	1.000	0.000	1.000	1	1	228.000	491.000	1.100	0.281	0.099	0.301	228.000	491.000	1.100	227	490	1	3	3	2
0.241	2.593	10	10	10	1.000	0.000	1.000	1	1	317.000	498.800	1.000	0.291	0.113	0.308	317.000	498.800	1.000	316	497	1	3	4	1
0.241	2.664	10	10	10	1.000	0.000	1.000	1	1	299.000	499.000	1.100	0.281	0.099	0.301	299.000	499.000	1.100	298	498	1	3	3	2
0.241	2.664	10	10	10	1.000	0.000	1.000	1	1	489.000	506.000	1.100	0.281	0.099	0.301	489.000	506.000	1.100	488	505	1	3	3	2
1.663	12.007	69	61	248	3.594	4.045	2.000	1	22	284.116	510.275	3.362	0.773	0.309	0.719	284.073	510.601	2.544	282	508	1	5	4	7
0.337	3.757	14	14	14	1.000	0.000	1.000	1	1	342.786	509.929	1.357	0.345	0.104	0.333	342.786	509.929	1.357	341	509	1	4	3	2
0.313	3.509	13	13	14	1.077	0.277	1.000	1	2	328.769	510.769	1.385	0.380	0.140	0.346	328.714	510.786	1.357	327	510	1	5	2	2
0.241	2.945	10	10	10	1.000	0.000	1.000	1	1	273.000	22.000	2.500	0.292	0.051	0.316	273.000	22.000	2.500	272	21	2	3	3	2
0.289	3.580	12	11	13	1.083	0.289	1.000	1	2	369.000	53.417	3.833	0.367	0.150	0.341	369.000	53.385	3.846	368	52	2	3	3	4
0.386	4.496	16	14	16	1.000	0.000	1.000	1	1	368.000	72.000	3.125	0.421	0.135	0.422	368.000	72.000	3.125	367	71	2	3	3	4
0.241	2.945	10	10	10	1.000	0.000	1.000	1	1	456.000	95.000	2.500	0.292	0.051	0.316	456.000	95.000	2.500	455	94	2	3	3	2
1.253	8.975	52	41	61	1.173	0.382	1.000	1	2	298.365	105.481	3.865	0.627	0.192	0.583	298.377	105.475	3.836	297	104	2	4	4	6
0.362	4.108	15	14	15	1.000	0.000	1.000	1	1	492.000	152.000	3.000	0.391	0.097	0.462	492.000	152.000	3.000	491	151	2	3	3	3
0.482	4.215	20	18	20	1.000	0.000	1.000	1	1	214.000	177.000	3.500	0.384	0.084	0.402	214.000	177.000	3.500	213	176	2	3	3	4
0.289	3.527	12	11	12	1.000	0.000	1.000	1	1	282.000	183.083	2.750	0.357	0.095	0.371	282.000	183.083	2.750	281	182	2	3	3	3
0.241	3.068	10	9	10	1.000	0.000	1.000	1	1	368.100	245.700	3.000	0.328	0.090	0.324	368.100	245.700	3.000	367	245	2	3	3	3
0.241	2.945	10	10	10	1.000	0.000	1.000	1	1	29.000	382.000	2.500	0.292	0.051	0.316	29.000	382.000	2.500	28	381	2	3	3	2
0.434	5.642	18	16	18	1.000	0.000	1.000	1	1	505.500	503.500	4.500	0.551	0.258	0.611	505.500	503.500	4.500	504	502	2	4	4	6
0.458	4.549	19	19	27	1.421	0.769	1.000	1	4	379.421	510.632	3.158	0.409	0.158	0.391	379.296	510.704	3.111	378	510	2	4	2	4
0.482	4.215	20	18	20	1.000	0.000	1.000	1	1	49.000	57.000	4.500	0.384	0.084	0.402	49.000	57.000	4.500	48	56	3	3	3	4
0.458	4.285	19	18	19	1.000	0.000	1.000	1	1	66.211	86.316	4.105	0.400	0.111	0.421	66.211	86.316	4.105	65	85	3	4	3	3
0.265	3.720	11	10	12	1.091	0.302	1.000	1	2	77.818	122.182	4.455	0.388	0.158	0.332	77.833	122.167	4.500	77	121	3	3	3	4
0.458	4.603	19	18	24	1.263	0.452	1.000	1	2	382.000	131.000	4.000	0.382	0.086	0.390	382.000	131.000	4.000	381	130	3	3	3	3
0.482	4.990	20	18	20	1.000	0.000	1.000	1	1	417.000	474.600	5.300	0.424	0.141	0.398	417.000	474.600	5.300	416	473	4	3	5	4
0.241	3.720	10	10	11	1.100	0.316	1.000	1	2	0.100	1.300	9.000	0.550	0.333	0.495	0.091	1.364	9.091	0	0	6	2	4	6
0.458	4.603	19	18	20	1.053	0.229	1.000	1	2	308.000	506.000	7.000	0.382	0.086	0.390	308.000	506.000	7.000	307	505	6	3	3	3
0.675	4.990	28	26	30	1.071	0.262	1.000	1	2	115.000	413.000	8.071	0.442	0.117	0.463	115.000	413.000	8.100	114	412	7	3	3	4
0.265	2.945	11	11	11	1.000	0.000	1.000	1	1	423.818	483.455	8.364	0.317	0.100	0.286	423.818	483.455	8.364	423	483	7	3	2	3
0.434	4.285	18	17	18	1.000	0.000	1.000	1	1	1.222	5.944	8.889	0.388	0.102	0.397	1.222	5.944	8.889	0	5	8	3	3	3
0.651	4.603	27	26	36	1.333	0.679	1.000	1	4	129.000	7.000	9.000	0.426	0.098	0.462	129.000	7.000	9.000	128	6	8	3	3	3
0.434	4.479	18	16	19	1.056	0.236	1.000	1	2	306.056	499.500	11.000	0.402	0.086	0.410	306.053	499.526	11.000	305	498	10	3	4	3
1.157	9.486	48	43	50	1.042	0.202	1.000	1	2	420.146	474.354	15.979	0.642	0.249	0.609	420.120	474.340	16.020	418	473	13	5	4	6
0.241	3.720	10	10	10	1.000	0.000	1.000	1	1	428.100	477.700	16.500	0.509	0.338	0.344	428.100	477.700	16.500	427	476	14	3	4	6
0.627	6.665	26	26	32	1.231	0.514	1.000	1	3	0.269	3.731	21.269	0.567	0.254	0.555	0.219	3.969	21.406	0	1	19	2	6	5
1.952	10.739	81	54	325	4.012	4.020	2.000	1	21	353.000	197.000	21.000	0.691	0.114	0.679	353.000	197.000	21.000	351	195	19	5	5	5
0.988	9.346	41	37	41	1.000	0.000	1.000	1	1	480.024	478.585	21.561	0.629	0.257	0.626	480.024	478.585	21.561	478	476	19	5	6	6
0.723	5.766	30	28	39	1.300	0.596	1.000	1	3	91.000	405.933	23.600	0.476	0.143	0.423	91.000	405.949	23.487	90	405	22	3	3	4
0.868	8.148	36	35	37	1.028	0.167	1.000	1	2	1.278	13.222	26.167	0.674	0.293	0.638	1.243	13.216	26.189	0	8	25	4	9	3
0.844	6.861	35	34	82	2.343	1.984	2.000	1	9	302.000	229.000	26.571	0.455	0.119	0.470	302.000	229.000	26.683	300	227	25	5	5	3
0.241	2.664	10	10	10	1.000	0.000	1.000	1	1	424.000	316.000	26.900	0.281	0.099	0.301	424.000	316.000	26.900	423	315	26	3	3	2
0.313	3.422	13	13	13	1.000	0.000	1.000	1	1	492.385	321.385	26.923	0.346	0.129	0.378	492.385	321.385	26.923	491	320	26	4	4	2
