Volume (micron^3)	Surface (micron^2)	Nb of obj. voxels	Nb of surf. voxels	IntDen	Mean	StdDev	Median	Min	Max	X	Y	Z	Mean dist. to surf. (micron)	SD dist. to surf. (micron)	Median dist. to surf. (micron)	XM	YM	ZM	BX	BY	BZ	B-width	B-height	B-depth
36599.215	47176.609	1518559	546799	120028216	79.041	94.717	47.000	1	1987	271.838	172.812	23.686	33.638	17.720	30.893	259.739	175.346	23.019	0	0	1	512	329	39
0.241	2.664	10	10	10	1.000	0.000	1.000	1	1	504.000	89.000	1.100	0.281	0.099	0.301	504.000	89.000	1.100	503	88	1	3	3	2
0.241	2.664	10	10	10	1.000	0.000	1.000	1	1	420.000	93.000	1.100	0.281	0.099	0.301	420.000	93.000	1.100	419	92	1	3	3	2
0.241	2.664	10	10	10	1.000	0.000	1.000	1	1	20.000	97.000	1.100	0.281	0.099	0.301	20.000	97.000	1.100	19	96	1	3	3	2
0.289	3.422	12	12	12	1.000	0.000	1.000	1	1	390.500	100.500	1.000	0.383	0.176	0.393	390.500	100.500	1.000	389	98	1	4	6	1
0.241	2.664	10	10	10	1.000	0.000	1.000	1	1	372.000	122.000	1.100	0.281	0.099	0.301	372.000	122.000	1.100	371	121	1	3	3	2
294.204	818.881	12207	8876	535073	43.833	69.457	11.000	1	839	320.292	169.890	2.061	8.147	4.026	7.888	319.683	167.273	2.153	263	132	1	124	85	3
6.917	50.128	287	260	432	1.505	1.070	1.000	1	7	443.279	142.244	2.132	1.395	0.538	1.384	443.324	141.208	2.338	436	134	1	16	19	3
0.265	3.897	11	11	11	1.000	0.000	1.000	1	1	376.636	136.273	1.727	0.458	0.167	0.458	376.636	136.273	1.727	375	135	1	5	3	3
0.337	3.439	14	14	15	1.071	0.267	1.000	1	2	361.000	137.000	1.357	0.318	0.068	0.353	361.000	137.000	1.333	360	136	1	3	3	2
0.241	2.664	10	10	10	1.000	0.000	1.000	1	1	311.000	145.000	1.100	0.281	0.099	0.301	311.000	145.000	1.100	310	144	1	3	3	2
0.458	4.745	19	19	19	1.000	0.000	1.000	1	1	356.947	146.421	1.053	0.498	0.200	0.531	356.947	146.421	1.053	355	144	1	5	6	2
0.241	2.664	10	10	10	1.000	0.000	1.000	1	1	453.000	148.000	1.100	0.281	0.099	0.301	453.000	148.000	1.100	452	147	1	3	3	2
0.362	4.074	15	15	15	1.000	0.000	1.000	1	1	463.067	149.800	2.600	0.399	0.154	0.343	463.067	149.800	2.600	462	148	1	3	5	3
0.337	3.439	14	14	15	1.071	0.267	1.000	1	2	21.000	155.000	1.357	0.318	0.068	0.353	21.000	155.000	1.333	20	154	1	3	3	2
0.241	2.664	10	10	10	1.000	0.000	1.000	1	1	438.000	156.000	1.100	0.281	0.099	0.301	438.000	156.000	1.100	437	155	1	3	3	2
0.940	10.320	39	39	43	1.103	0.307	1.000	1	2	446.231	164.538	2.256	0.730	0.295	0.668	446.209	164.535	2.326	441	161	1	10	8	3
0.313	4.268	13	12	13	1.000	0.000	1.000	1	1	143.154	180.077	1.538	0.502	0.148	0.538	143.154	180.077	1.538	141	178	1	5	5	3
0.265	3.051	11	11	12	1.091	0.302	1.000	1	2	262.000	187.000	1.273	0.329	0.138	0.284	262.000	187.000	1.250	261	186	1	3	3	3
389.597	1150.201	16165	11892	1042454	64.488	104.162	15.000	1	590	263.745	226.554	2.073	9.719	4.637	9.478	271.173	227.935	2.037	184	185	1	172	73	3
1.350	12.700	56	56	64	1.143	0.401	1.000	1	3	258.214	194.571	2.000	0.695	0.248	0.689	258.234	194.609	2.000	255	191	1	8	9	3
0.362	3.827	15	15	16	1.067	0.258	1.000	1	2	384.000	192.067	1.467	0.343	0.104	0.325	384.000	192.062	1.438	383	191	1	3	3	3
0.241	2.664	10	10	10	1.000	0.000	1.000	1	1	202.000	193.000	1.100	0.281	0.099	0.301	202.000	193.000	1.100	201	192	1	3	3	2
1.036	9.913	43	43	48	1.116	0.448	1.000	1	3	330.140	196.837	1.395	0.668	0.333	0.592	330.167	196.938	1.354	328	192	1	6	10	3
0.410	5.221	17	17	17	1.000	0.000	1.000	1	1	290.176	194.882	1.235	0.487	0.190	0.479	290.176	194.882	1.235	288	193	1	6	5	3
0.675	6.086	28	28	29	1.036	0.189	1.000	1	2	40.357	195.250	1.250	0.488	0.172	0.479	40.310	195.241	1.241	38	194	1	6	4	2
0.337	4.021	14	14	14	1.000	0.000	1.000	1	1	312.000	194.571	2.571	0.379	0.142	0.347	312.000	194.571	2.571	311	193	1	3	5	3
5.471	41.539	227	213	265	1.167	0.429	1.000	1	3	57.088	207.172	2.163	1.246	0.470	1.266	57.211	207.102	2.242	51	198	1	13	19	3
0.241	2.664	10	10	10	1.000	0.000	1.000	1	1	109.000	199.000	1.100	0.281	0.099	0.301	109.000	199.000	1.100	108	198	1	3	3	2
1.663	19.208	69	69	69	1.000	0.000	1.000	1	1	47.565	206.580	2.130	0.936	0.356	0.899	47.565	206.580	2.130	44	200	1	7	13	3
0.241	2.593	10	10	10	1.000	0.000	1.000	1	1	275.000	201.500	1.000	0.300	0.115	0.278	275.000	201.500	1.000	274	200	1	3	4	1
0.603	5.414	25	23	28	1.120	0.332	1.000	1	2	344.200	200.240	2.480	0.419	0.110	0.407	344.214	200.214	2.500	342	199	1	5	4	3
0.627	5.856	26	25	26	1.000	0.000	1.000	1	1	309.731	200.538	2.538	0.440	0.142	0.428	309.731	200.538	2.538	308	198	1	4	6	3
0.530	5.802	22	22	23	1.045	0.213	1.000	1	2	34.364	206.500	2.227	0.453	0.185	0.432	34.348	206.478	2.261	33	204	1	4	6	3
0.603	6.103	25	25	26	1.040	0.200	1.000	1	2	202.480	211.280	1.280	0.474	0.166	0.460	202.462	211.231	1.269	201	209	1	4	6	2
0.289	3.175	12	12	12	1.000	0.000	1.000	1	1	72.000	211.750	1.167	0.310	0.097	0.317	72.000	211.750	1.167	71	210	1	3	4	2
0.530	5.380	22	22	22	1.000	0.000	1.000	1	1	121.455	214.727	1.091	0.537	0.215	0.577	121.455	214.727	1.091	119	212	1	6	6	2
0.337	3.439	14	14	15	1.071	0.267	1.000	1	2	195.000	213.000	1.357	0.318	0.068	0.353	195.000	213.000	1.333	194	212	1	3	3	2
13.714	67.410	569	490	2064	3.627	5.822	2.000	1	52	102.316	221.220	2.286	1.849	0.827	1.783	105.840	220.109	2.570	88	214	1	30	16	3
0.289	3.105	12	12	12	1.000	0.000	1.000	1	1	79.917	216.333	1.083	0.318	0.112	0.326	79.917	216.333	1.083	79	215	1	3	4	2
0.241	2.664	10	10	10	1.000	0.000	1.000	1	1	372.000	218.000	1.100	0.281	0.099	0.301	372.000	218.000	1.100	371	217	1	3	3	2
0.289	4.355	12	12	12	1.000	0.000	1.000	1	1	48.750	221.000	2.250	0.408	0.117	0.418	48.750	221.000	2.250	47	220	1	4	3	3
0.241	2.664	10	10	10	1.000	0.000	1.000	1	1	158.000	223.000	1.100	0.281	0.099	0.301	158.000	223.000	1.100	157	222	1	3	3	2
0.337	3.439	14	14	16	1.143	0.363	1.000	1	2	353.000	226.000	1.357	0.318	0.068	0.353	353.000	226.062	1.312	352	225	1	3	3	2
0.241	2.928	10	10	10	1.000	0.000	1.000	1	1	107.500	227.000	1.200	0.288	0.083	0.289	107.500	227.000	1.200	106	226	1	4	3	2
0.386	3.633	16	16	17	1.062	0.250	1.000	1	2	88.250	232.000	1.500	0.348	0.099	0.344	88.235	232.000	1.471	87	231	1	3	3	3
0.916	9.258	38	38	125	3.289	3.384	2.000	1	15	348.500	231.553	2.316	0.622	0.274	0.591	348.288	231.944	2.568	345	229	1	9	6	3
0.506	5.044	21	21	21	1.000	0.000	1.000	1	1	47.571	237.571	2.000	0.425	0.139	0.429	47.571	237.571	2.000	46	236	1	4	4	3
0.289	4.338	12	12	12	1.000	0.000	1.000	1	1	98.500	236.917	2.000	0.467	0.155	0.479	98.500	236.917	2.000	97	235	1	4	5	3
0.410	4.162	17	16	17	1.000	0.000	1.000	1	1	54.824	239.000	1.941	0.397	0.101	0.433	54.824	239.000	1.941	54	238	1	3	3	3
0.241	2.664	10	10	10	1.000	0.000	1.000	1	1	64.000	239.000	1.100	0.281	0.099	0.301	64.000	239.000	1.100	63	238	1	3	3	2
0.241	2.664	10	10	10	1.000	0.000	1.000	1	1	53.000	244.000	1.100	0.281	0.099	0.301	53.000	244.000	1.100	52	243	1	3	3	2
0.265	3.192	11	10	11	1.000	0.000	1.000	1	1	57.000	254.636	2.000	0.326	0.086	0.317	57.000	254.636	2.000	56	254	1	3	3	3
0.313	3.616	13	13	13	1.000	0.000	1.000	1	1	337.000	141.692	2.923	0.358	0.146	0.326	337.000	141.692	2.923	335	140	2	5	4	2
0.289	2.998	12	12	12	1.000	0.000	1.000	1	1	372.583	152.000	2.583	0.314	0.073	0.323	372.583	152.000	2.583	372	151	2	3	3	2
0.530	5.080	22	22	22	1.000	0.000	1.000	1	1	451.591	154.182	2.727	0.470	0.177	0.481	451.591	154.182	2.727	450	152	2	4	6	2
0.313	3.492	13	13	13	1.000	0.000	1.000	1	1	448.154	156.692	2.846	0.336	0.123	0.340	448.154	156.692	2.846	447	155	2	3	5	2
0.241	2.664	10	10	10	1.000	0.000	1.000	1	1	50.000	198.000	2.900	0.281	0.099	0.301	50.000	198.000	2.900	49	197	2	3	3	2
0.362	4.392	15	15	16	1.067	0.258	1.000	1	2	303.267	201.867	2.800	0.426	0.215	0.363	303.312	201.875	2.812	300	200	2	6	5	2
0.289	4.409	12	12	12	1.000	0.000	1.000	1	1	360.833	223.917	2.750	0.393	0.152	0.416	360.833	223.917	2.750	359	222	2	5	5	2
0.386	4.392	16	16	17	1.062	0.250	1.000	1	2	121.812	253.438	2.750	0.362	0.127	0.356	121.824	253.412	2.765	120	252	2	5	4	2
0.386	4.181	16	16	18	1.125	0.342	1.000	1	2	198.812	255.812	2.938	0.367	0.134	0.365	198.778	255.833	2.944	197	254	2	5	5	2
0.241	3.015	10	10	11	1.100	0.316	1.000	1	2	0.100	224.000	4.000	0.338	0.147	0.391	0.091	224.000	4.000	0	223	3	2	3	3
0.506	6.207	21	21	21	1.000	0.000	1.000	1	1	201.905	186.857	7.714	0.561	0.259	0.572	201.905	186.857	7.714	200	185	5	5	5	5
0.603	7.882	25	24	25	1.000	0.000	1.000	1	1	170.920	193.320	7.400	0.636	0.221	0.670	170.920	193.320	7.400	169	191	5	5	6	5
6.531	45.138	271	241	449	1.657	1.618	1.000	1	13	190.166	197.915	8.229	1.463	0.674	1.346	190.047	197.209	8.341	177	192	5	23	18	5
0.313	3.068	13	13	13	1.000	0.000	1.000	1	1	283.000	195.462	5.615	0.324	0.091	0.320	283.000	195.462	5.615	282	195	5	3	2	3
0.265	3.720	11	10	11	1.000	0.000	1.000	1	1	149.182	210.182	6.545	0.388	0.158	0.332	149.182	210.182	6.545	148	209	5	3	3	4
2.145	14.321	89	73	231	2.596	2.847	1.000	1	15	75.045	219.753	7.899	0.711	0.196	0.675	75.026	219.784	8.420	72	217	5	7	7	5
14.316	73.688	594	476	1878	3.162	4.856	1.000	1	48	164.938	234.552	8.121	1.778	0.858	1.631	167.235	235.927	8.460	151	223	5	24	27	5
8.315	44.627	345	288	2911	8.438	21.281	2.000	1	221	141.551	254.394	7.997	1.421	0.529	1.443	138.944	256.338	8.457	133	245	5	19	14	5
3.591	28.046	149	144	173	1.161	0.369	1.000	1	2	24.544	175.966	8.503	1.053	0.406	1.037	24.301	176.069	8.566	18	169	6	16	12	4
2.964	22.632	123	122	147	1.195	0.418	1.000	1	3	42.618	182.057	8.528	0.911	0.356	0.898	42.429	182.109	8.605	37	177	6	12	11	4
1.735	13.209	72	67	80	1.111	0.430	1.000	1	4	182.764	190.333	7.944	0.741	0.265	0.767	182.887	190.200	8.038	180	186	6	7	9	4
0.241	3.580	10	9	10	1.000	0.000	1.000	1	1	159.000	190.400	7.500	0.438	0.222	0.349	159.000	190.400	7.500	158	188	6	3	5	4
0.554	7.036	23	23	23	1.000	0.000	1.000	1	1	175.304	201.000	8.348	0.543	0.210	0.585	175.304	201.000	8.348	173	199	6	5	5	4
0.482	4.215	20	19	20	1.000	0.000	1.000	1	1	73.950	213.000	7.500	0.377	0.099	0.394	73.950	213.000	7.500	73	212	6	3	3	4
0.747	6.966	31	29	31	1.000	0.000	1.000	1	1	8.323	155.613	8.290	0.491	0.170	0.473	8.323	155.613	8.290	6	153	7	5	6	3
0.530	6.648	22	21	23	1.045	0.213	1.000	1	2	158.909	180.409	8.227	0.477	0.182	0.464	158.957	180.391	8.217	157	178	7	5	6	3
0.386	3.827	16	15	18	1.125	0.342	1.000	1	2	145.938	196.062	8.500	0.354	0.085	0.329	145.944	196.056	8.500	145	195	7	3	3	3
0.458	4.726	19	18	19	1.000	0.000	1.000	1	1	67.579	213.526	8.158	0.425	0.136	0.438	67.579	213.526	8.158	66	212	7	4	4	3
0.819	9.101	34	34	34	1.000	0.000	1.000	1	1	154.088	246.618	8.706	0.620	0.272	0.618	154.088	246.618	8.706	152	242	7	6	9	3
0.819	7.496	34	34	47	1.382	0.779	1.000	1	4	158.912	249.147	8.529	0.498	0.203	0.470	159.000	249.043	8.660	156	247	7	6	7	3
0.265	3.262	11	10	11	1.000	0.000	1.000	1	1	67.909	251.818	8.364	0.337	0.084	0.324	67.909	251.818	8.364	67	251	7	3	3	3
0.482	4.198	20	20	25	1.250	0.444	1.000	1	2	30.000	182.500	8.600	0.362	0.088	0.363	30.040	182.480	8.680	29	181	8	3	4	2
0.458	4.692	19	19	19	1.000	0.000	1.000	1	1	152.368	186.632	8.842	0.388	0.128	0.380	152.368	186.632	8.842	151	185	8	4	5	2
0.289	3.880	12	12	12	1.000	0.000	1.000	1	1	131.750	187.083	8.917	0.438	0.185	0.483	131.750	187.083	8.917	129	186	8	6	3	2
0.506	4.709	21	21	22	1.048	0.218	1.000	1	2	129.476	195.667	8.619	0.390	0.118	0.404	129.500	195.682	8.636	127	194	8	5	4	2
0.362	3.245	15	15	15	1.000	0.000	1.000	1	1	157.800	199.000	8.600	0.328	0.071	0.345	157.800	199.000	8.600	157	198	8	3	3	2
0.410	5.080	17	17	17	1.000	0.000	1.000	1	1	180.118	205.294	8.941	0.616	0.311	0.674	180.118	205.294	8.941	179	201	8	4	9	2
1.326	12.683	55	55	58	1.055	0.229	1.000	1	2	143.982	221.709	8.782	0.869	0.429	0.859	144.103	221.879	8.793	140	217	8	9	11	2
0.337	4.251	14	14	14	1.000	0.000	1.000	1	1	141.286	176.071	9.000	0.640	0.266	0.700	141.286	176.071	9.000	139	172	9	5	8	1
0.313	4.091	13	12	13	1.000	0.000	1.000	1	1	318.154	122.538	12.462	0.380	0.130	0.366	318.154	122.538	12.462	317	121	11	4	4	3
0.434	4.215	18	18	19	1.056	0.236	1.000	1	2	109.167	170.167	12.333	0.378	0.121	0.363	109.158	170.158	12.368	108	169	11	3	3	3
0.554	4.797	23	22	26	1.130	0.344	1.000	1	2	194.304	171.043	12.000	0.421	0.107	0.463	194.308	171.038	11.923	193	170	11	4	3	3
0.434	5.538	18	18	18	1.000	0.000	1.000	1	1	111.889	175.611	12.056	0.591	0.162	0.590	111.889	175.611	12.056	110	173	11	5	6	3
0.795	6.878	33	32	34	1.030	0.174	1.000	1	2	161.788	178.000	12.242	0.475	0.139	0.489	161.765	178.029	12.265	160	176	11	5	5	3
0.964	7.513	40	38	41	1.025	0.158	1.000	1	2	87.000	179.475	12.300	0.511	0.146	0.524	86.976	179.488	12.293	85	177	11	5	5	3
0.337	3.580	14	13	14	1.000	0.000	1.000	1	1	17.857	198.286	12.214	0.354	0.090	0.345	17.857	198.286	12.214	17	197	11	3	3	3
0.313	4.338	13	13	13	1.000	0.000	1.000	1	1	346.077	108.615	12.769	0.425	0.171	0.423	346.077	108.615	12.769	345	106	12	3	6	2
0.289	3.563	12	12	12	1.000	0.000	1.000	1	1	135.417	159.083	12.833	0.343	0.131	0.327	135.417	159.083	12.833	134	157	12	4	5	2
0.241	2.664	10	10	10	1.000	0.000	1.000	1	1	145.000	190.000	12.900	0.281	0.099	0.301	145.000	190.000	12.900	144	189	12	3	3	2
0.434	4.937	18	17	19	1.056	0.236	1.000	1	2	162.000	155.556	16.722	0.453	0.192	0.400	162.000	155.526	16.684	161	154	15	3	3	5
0.241	2.821	10	10	10	1.000	0.000	1.000	1	1	107.500	160.500	16.500	0.332	0.147	0.263	107.500	160.500	16.500	107	160	15	2	2	4
0.265	3.122	11	11	11	1.000	0.000	1.000	1	1	178.455	159.000	19.727	0.307	0.090	0.302	178.455	159.000	19.727	177	158	19	4	3	2
1.374	11.711	57	55	62	1.088	0.285	1.000	1	2	139.404	132.789	24.456	0.642	0.234	0.607	139.387	132.661	24.484	137	129	23	6	9	3
0.458	5.485	19	19	19	1.000	0.000	1.000	1	1	199.368	138.579	24.632	0.419	0.154	0.412	199.368	138.579	24.632	197	137	23	5	4	3
0.771	6.561	32	31	37	1.156	0.448	1.000	1	3	131.031	142.031	24.406	0.452	0.134	0.430	130.892	142.000	24.486	129	140	23	5	5	3
1.422	11.784	59	59	70	1.186	0.434	1.000	1	3	128.424	129.949	24.712	0.750	0.358	0.692	128.257	129.929	24.757	124	128	24	12	6	2
0.940	9.190	39	39	40	1.026	0.160	1.000	1	2	201.205	133.436	24.821	0.677	0.300	0.673	201.175	133.450	24.825	196	129	24	10	8	2
25.933	137.194	1076	739	1458	1.355	0.714	1.000	1	5	130.331	131.523	30.169	1.891	0.664	1.826	129.620	131.390	30.026	118	125	27	26	14	11
12.316	53.623	511	359	2593	5.074	8.339	2.000	1	75	474.624	15.673	37.726	1.410	0.469	1.417	476.039	15.450	38.296	466	8	33	16	17	7
2.314	13.490	96	79	1575	16.406	29.267	4.000	1	169	413.406	1.052	37.344	0.759	0.216	0.735	413.270	0.483	38.265	410	0	34	8	4	6
4.001	19.312	166	113	1860	11.205	17.125	4.000	1	84	284.578	26.476	37.464	0.881	0.154	0.879	284.527	26.480	38.160	281	23	34	8	8	6
11.062	50.885	459	318	4053	8.830	16.144	3.000	1	120	359.948	62.244	37.575	1.485	0.542	1.439	358.341	61.341	38.229	352	56	34	19	17	6
5.519	23.316	229	143	4976	21.729	39.742	5.000	1	253	58.197	92.087	37.231	0.994	0.169	0.981	58.195	92.154	38.186	54	88	34	9	9	6
0.506	5.378	21	21	32	1.524	1.030	1.000	1	5	0.381	5.095	37.952	0.483	0.242	0.470	0.281	5.094	38.250	0	3	35	3	5	5
3.471	16.878	144	100	985	6.840	9.501	3.000	1	52	475.153	35.208	37.590	0.830	0.150	0.818	475.175	35.303	38.198	472	32	35	8	8	5
2.748	14.850	114	84	807	7.079	9.849	3.000	1	53	391.412	53.193	37.719	0.761	0.148	0.743	391.279	53.248	38.330	388	50	35	7	7	5
11.641	60.749	483	381	2137	4.424	8.195	2.000	1	68	461.327	47.702	37.986	1.718	0.677	1.688	463.261	45.608	38.361	448	38	35	21	20	5
3.591	16.685	149	103	1207	8.101	11.905	3.000	1	68	33.846	74.128	37.597	0.831	0.139	0.813	34.013	74.157	38.263	31	71	35	7	7	5
3.254	16.226	135	97	1057	7.830	11.471	3.000	1	61	149.504	97.274	37.622	0.814	0.156	0.787	149.630	97.372	38.309	146	94	35	8	7	5
3.278	19.704	136	117	1320	9.706	16.351	3.000	1	98	272.926	100.904	37.449	0.803	0.202	0.802	273.043	101.039	38.335	269	98	35	8	7	5
3.495	28.969	145	142	369	2.545	2.850	1.000	1	18	19.510	104.110	38.152	1.063	0.393	1.044	19.615	103.908	38.553	13	99	35	13	13	5
1.446	10.902	60	56	116	1.933	1.604	1.000	1	8	135.017	111.883	36.517	0.648	0.235	0.612	135.405	112.000	36.724	131	109	35	8	7	3
0.410	4.144	17	16	21	1.235	0.437	1.000	1	2	209.941	123.176	36.529	0.362	0.094	0.352	209.905	123.143	36.619	209	122	35	3	4	3
1.470	9.101	61	52	196	3.213	3.173	2.000	1	16	249.016	137.328	36.180	0.580	0.112	0.583	249.010	137.179	36.556	247	135	35	5	6	3
1.036	7.550	43	42	144	3.349	3.054	2.000	1	14	83.791	140.140	36.558	0.492	0.135	0.518	83.854	140.042	36.771	81	138	35	6	5	3
0.988	7.196	41	38	59	1.439	0.838	1.000	1	5	485.220	2.073	38.195	0.501	0.129	0.517	485.237	2.085	38.339	483	0	36	5	5	4
2.097	12.717	87	71	389	4.471	5.661	2.000	1	30	421.713	52.954	38.057	0.675	0.143	0.659	421.799	52.954	38.499	419	50	36	7	7	4
0.627	5.361	26	25	34	1.308	0.549	1.000	1	3	479.154	3.885	38.269	0.423	0.107	0.413	479.147	3.882	38.412	478	2	37	4	4	3
1.109	7.867	46	42	110	2.391	1.994	2.000	1	8	173.587	6.587	38.478	0.519	0.127	0.534	173.573	6.573	38.627	171	4	37	6	6	3
1.109	9.207	46	45	51	1.109	0.315	1.000	1	2	334.522	47.152	38.522	0.592	0.233	0.587	334.431	47.059	38.569	332	44	37	6	8	3
0.916	7.002	38	34	49	1.289	0.515	1.000	1	3	352.132	47.737	38.342	0.490	0.109	0.502	352.041	47.755	38.408	350	46	37	5	5	3
0.844	6.667	35	34	77	2.200	1.746	1.000	1	8	306.029	84.114	38.571	0.455	0.120	0.468	306.013	84.117	38.688	304	82	37	5	5	3
0.627	5.274	26	25	31	1.192	0.402	1.000	1	2	294.962	93.192	38.577	0.415	0.114	0.397	294.935	93.258	38.645	293	92	37	5	4	3
0.337	3.282	14	14	23	1.643	0.745	1.500	1	3	90.500	118.286	37.000	0.347	0.120	0.380	90.565	118.174	37.000	89	117	37	4	4	1
0.313	3.316	13	13	13	1.000	0.000	1.000	1	1	19.385	25.154	38.615	0.318	0.074	0.333	19.385	25.154	38.615	18	24	38	4	3	2
0.627	5.204	26	26	37	1.423	0.809	1.000	1	4	46.000	27.769	38.654	0.403	0.110	0.404	45.946	27.784	38.730	44	26	38	5	5	2
0.265	3.051	11	11	11	1.000	0.000	1.000	1	1	457.909	27.909	38.818	0.302	0.099	0.321	457.909	27.909	38.818	457	27	38	3	3	2
0.723	5.698	30	30	45	1.500	0.974	1.000	1	5	392.000	44.000	38.700	0.427	0.121	0.445	392.000	44.044	38.778	390	42	38	5	5	2
0.241	2.664	10	10	10	1.000	0.000	1.000	1	1	476.000	43.000	38.900	0.281	0.099	0.301	476.000	43.000	38.900	475	42	38	3	3	2
0.458	4.903	19	19	21	1.105	0.459	1.000	1	3	306.000	93.105	38.684	0.371	0.110	0.366	306.000	93.095	38.714	304	91	38	5	5	2
0.289	3.316	12	12	16	1.333	0.651	1.000	1	3	0.333	325.000	38.667	0.330	0.108	0.317	0.250	325.000	38.750	0	323	38	2	5	2
0.313	3.546	13	13	19	1.462	0.660	1.000	1	3	298.000	104.000	39.000	0.338	0.144	0.352	298.000	104.000	39.000	296	102	39	5	5	1
1.591	11.841	66	66	543	8.227	10.253	4.000	1	48	134.182	111.439	39.000	0.807	0.332	0.802	134.993	111.803	39.000	129	108	39	11	8	1
0.868	7.164	36	36	205	5.694	6.391	3.000	1	25	90.861	118.056	39.000	0.562	0.206	0.571	90.771	118.029	39.000	88	115	39	7	7	1
0.313	3.546	13	13	19	1.462	0.660	1.000	1	3	172.000	125.000	39.000	0.338	0.144	0.352	172.000	125.000	39.000	170	123	39	5	5	1
0.651	5.470	27	27	50	1.852	1.262	1.000	1	6	113.074	127.407	39.000	0.487	0.176	0.501	113.060	127.500	39.000	111	125	39	5	6	1
0.482	4.411	20	20	22	1.100	0.308	1.000	1	2	291.450	128.350	39.000	0.433	0.169	0.421	291.364	128.318	39.000	289	127	39	6	4	1
0.458	4.675	19	19	19	1.000	0.000	1.000	1	1	239.842	136.842	39.000	0.527	0.232	0.538	239.842	136.842	39.000	238	134	39	5	7	1
0.940	7.535	39	39	442	11.333	13.025	7.000	1	51	249.128	136.872	39.000	0.582	0.209	0.599	249.038	136.869	39.000	246	134	39	7	7	1
0.988	7.976	41	41	465	11.341	14.336	5.000	1	56	83.732	139.780	39.000	0.600	0.216	0.635	83.708	139.867	39.000	80	137	39	8	7	1
