Volume (micron^3)	Surface (micron^2)	Nb of obj. voxels	Nb of surf. voxels	IntDen	Mean	StdDev	Median	Min	Max	X	Y	Z	Mean dist. to surf. (micron)	SD dist. to surf. (micron)	Median dist. to surf. (micron)	XM	YM	ZM	BX	BY	BZ	B-width	B-height	B-depth
4.868	46.754	202	202	1837	9.094	7.389	7.000	1	32	50.535	0.000	6.629	1.872	0.823	1.831	48.272	0.000	7.978	41	0	1	25	1	11
39566.539	45663.141	1641678	544731	121381184	73.937	93.774	43.000	1	2750	276.045	202.181	15.730	35.120	15.029	34.448	295.745	206.581	16.594	41	0	1	471	355	32
12.750	51.460	529	298	1173	2.217	1.718	2.000	1	10	282.490	5.416	4.728	1.520	0.467	1.467	282.594	5.223	4.192	277	0	1	14	12	11
2.169	12.397	90	72	705	7.833	8.859	4.000	1	37	302.033	1.189	2.556	0.727	0.181	0.722	302.021	0.807	2.128	299	0	1	7	4	5
3.061	15.766	127	90	713	5.614	7.000	3.000	1	39	441.709	5.189	2.622	0.810	0.162	0.770	441.777	5.174	2.021	439	3	1	7	6	6
0.964	7.373	40	38	66	1.650	1.001	1.000	1	5	334.650	6.050	1.600	0.500	0.137	0.504	334.697	6.045	1.485	333	4	1	5	6	3
2.627	14.021	109	81	281	2.578	2.331	2.000	1	12	250.605	13.009	2.229	0.742	0.138	0.750	250.690	13.142	1.915	248	10	1	6	7	5
5.326	22.237	221	136	3526	15.955	25.831	5.000	1	159	269.167	13.606	3.271	1.015	0.211	0.983	269.141	13.670	2.244	266	10	1	7	8	7
0.241	2.664	10	10	10	1.000	0.000	1.000	1	1	440.000	11.000	1.100	0.281	0.099	0.301	440.000	11.000	1.100	439	10	1	3	3	2
0.458	4.004	19	19	21	1.105	0.315	1.000	1	2	352.421	12.000	1.368	0.357	0.088	0.365	352.429	12.000	1.333	351	11	1	4	3	2
1.567	9.787	65	50	168	2.585	1.999	2.000	1	9	387.000	19.462	2.354	0.631	0.104	0.643	387.000	19.369	2.060	385	17	1	5	6	4
0.771	5.766	32	30	38	1.188	0.397	1.000	1	2	353.000	24.000	2.312	0.486	0.145	0.442	353.000	24.000	2.237	352	23	1	3	3	4
2.940	15.589	122	86	573	4.697	5.775	2.000	1	28	404.492	29.566	2.762	0.826	0.189	0.786	404.531	29.592	1.976	402	27	1	6	6	6
4.459	20.315	185	119	2180	11.784	18.083	4.000	1	103	358.416	34.135	3.016	0.945	0.194	0.919	358.334	34.218	2.130	355	31	1	8	7	7
0.241	2.664	10	10	10	1.000	0.000	1.000	1	1	419.000	33.000	1.100	0.281	0.099	0.301	419.000	33.000	1.100	418	32	1	3	3	2
2.603	13.597	108	81	480	4.444	5.281	2.000	1	29	287.139	35.269	2.583	0.764	0.155	0.743	287.131	35.138	1.973	285	33	1	6	6	5
0.482	4.285	20	18	22	1.100	0.308	1.000	1	2	412.500	64.000	2.000	0.407	0.081	0.409	412.500	64.000	2.000	411	63	1	4	3	3
0.530	4.709	22	22	29	1.318	0.568	1.000	1	3	261.000	67.000	1.409	0.375	0.096	0.386	261.000	67.000	1.345	259	65	1	5	5	2
0.868	7.036	36	34	45	1.250	0.554	1.000	1	3	264.000	71.000	2.167	0.508	0.156	0.499	264.000	71.000	2.022	262	69	1	5	5	4
4.218	19.804	175	113	1864	10.651	16.748	3.000	1	102	458.966	75.011	2.977	0.938	0.211	0.913	458.976	75.039	2.031	456	72	1	7	7	7
2.000	12.327	83	65	247	2.976	3.100	2.000	1	17	474.916	80.217	2.458	0.712	0.172	0.683	474.879	80.170	1.907	472	78	1	6	6	5
0.337	3.439	14	14	15	1.071	0.267	1.000	1	2	390.000	88.000	1.357	0.318	0.068	0.353	390.000	88.000	1.333	389	87	1	3	3	2
6.941	26.840	288	170	7980	27.708	51.561	6.000	1	340	278.097	98.788	3.528	1.121	0.229	1.117	278.105	98.792	2.294	274	95	1	9	8	8
3.591	17.477	149	102	1156	7.758	10.951	3.000	1	61	453.658	98.899	2.691	0.863	0.184	0.837	453.670	98.892	1.986	450	96	1	8	7	6
0.337	3.439	14	14	15	1.071	0.267	1.000	1	2	128.000	98.000	1.357	0.318	0.068	0.353	128.000	98.000	1.333	127	97	1	3	3	2
0.675	5.502	28	25	40	1.429	0.634	1.000	1	3	394.000	97.821	2.214	0.456	0.119	0.444	394.000	97.725	2.150	393	96	1	3	4	4
0.554	6.314	23	23	25	1.087	0.417	1.000	1	3	292.609	101.565	1.348	0.530	0.195	0.515	292.640	101.680	1.320	291	98	1	4	7	2
0.265	2.857	11	11	11	1.000	0.000	1.000	1	1	296.909	100.000	1.182	0.296	0.091	0.320	296.909	100.000	1.182	296	99	1	3	3	2
1.976	11.568	82	63	215	2.622	2.334	1.500	1	12	411.073	108.720	2.451	0.687	0.148	0.651	411.130	108.758	2.051	409	106	1	5	6	5
0.603	6.350	25	25	25	1.000	0.000	1.000	1	1	480.360	108.480	1.200	0.531	0.203	0.555	480.360	108.480	1.200	478	106	1	6	6	2
0.530	4.709	22	22	29	1.318	0.568	1.000	1	3	499.000	109.000	1.409	0.375	0.096	0.386	499.000	109.000	1.345	497	107	1	5	5	2
1.253	8.396	52	45	134	2.577	2.287	1.000	1	11	327.865	113.173	1.731	0.546	0.107	0.551	327.896	113.172	1.493	326	111	1	5	6	3
4.025	18.747	167	110	1915	11.467	18.001	4.000	1	101	298.689	118.701	2.665	0.887	0.158	0.864	298.668	118.634	1.897	295	115	1	8	8	6
3.398	16.789	141	96	958	6.794	8.925	3.000	1	48	326.149	120.305	2.688	0.846	0.169	0.807	326.129	120.293	2.034	323	118	1	7	6	6
0.265	2.857	11	11	11	1.000	0.000	1.000	1	1	167.091	125.000	1.182	0.296	0.091	0.320	167.091	125.000	1.182	166	124	1	3	3	2
0.313	3.439	13	13	13	1.000	0.000	1.000	1	1	130.923	126.538	1.308	0.333	0.093	0.322	130.923	126.538	1.308	130	125	1	3	4	2
0.844	8.572	35	35	35	1.000	0.000	1.000	1	1	137.686	130.714	1.257	0.748	0.286	0.801	137.686	130.714	1.257	134	128	1	9	6	3
0.530	4.709	22	22	29	1.318	0.568	1.000	1	3	362.000	130.000	1.409	0.375	0.096	0.386	362.000	130.000	1.345	360	128	1	5	5	2
0.265	3.051	11	11	11	1.000	0.000	1.000	1	1	172.091	129.909	1.182	0.302	0.099	0.321	172.091	129.909	1.182	171	129	1	3	3	2
0.386	4.656	16	16	16	1.000	0.000	1.000	1	1	166.188	138.438	1.750	0.453	0.203	0.434	166.188	138.438	1.750	165	136	1	3	5	4
0.337	3.616	14	14	14	1.000	0.000	1.000	1	1	190.500	142.071	1.143	0.340	0.110	0.367	190.500	142.071	1.143	189	141	1	4	3	2
0.241	2.664	10	10	10	1.000	0.000	1.000	1	1	195.000	144.000	1.100	0.281	0.099	0.301	195.000	144.000	1.100	194	143	1	3	3	2
0.241	2.664	10	10	10	1.000	0.000	1.000	1	1	130.000	147.000	1.100	0.281	0.099	0.301	130.000	147.000	1.100	129	146	1	3	3	2
0.410	4.690	17	17	48	2.824	2.506	2.000	1	9	0.000	150.294	2.294	0.498	0.191	0.510	0.000	150.208	1.729	0	148	1	1	5	4
1.085	10.722	45	44	46	1.022	0.149	1.000	1	2	160.400	149.778	2.622	0.730	0.220	0.722	160.413	149.826	2.587	158	147	1	6	7	5
0.386	3.439	16	16	18	1.125	0.342	1.000	1	2	171.000	152.125	1.438	0.331	0.067	0.333	171.000	152.167	1.389	170	151	1	3	3	2
2.121	12.169	88	68	347	3.943	4.092	2.000	1	18	297.227	153.455	2.114	0.681	0.119	0.671	297.161	153.450	1.793	294	151	1	7	6	4
1.109	8.182	46	40	70	1.522	0.809	1.000	1	4	308.609	152.457	2.217	0.569	0.157	0.522	308.586	152.471	1.986	307	151	1	5	5	5
0.337	3.439	14	14	15	1.071	0.267	1.000	1	2	392.000	153.000	1.357	0.318	0.068	0.353	392.000	153.000	1.333	391	152	1	3	3	2
0.241	2.593	10	10	10	1.000	0.000	1.000	1	1	156.000	156.200	1.000	0.291	0.113	0.308	156.000	156.200	1.000	155	155	1	3	4	1
3.880	20.759	161	118	942	5.851	8.429	2.000	1	44	287.696	158.994	2.329	0.899	0.234	0.863	288.127	158.771	1.803	283	155	1	9	10	5
0.313	3.810	13	13	13	1.000	0.000	1.000	1	1	173.385	157.615	1.077	0.403	0.180	0.414	173.385	157.615	1.077	171	156	1	6	4	2
0.241	2.664	10	10	10	1.000	0.000	1.000	1	1	296.000	164.000	1.100	0.281	0.099	0.301	296.000	164.000	1.100	295	163	1	3	3	2
0.265	3.175	11	11	11	1.000	0.000	1.000	1	1	152.273	165.273	1.273	0.368	0.201	0.341	152.273	165.273	1.273	151	164	1	4	4	3
7.423	28.003	308	173	8445	27.419	50.684	6.000	1	325	314.792	167.321	3.688	1.157	0.244	1.145	314.741	167.309	2.394	311	164	1	8	8	8
2.025	11.745	84	64	301	3.583	3.677	2.000	1	18	325.988	166.452	2.321	0.692	0.143	0.677	326.020	166.445	1.844	324	164	1	5	6	5
0.603	7.371	25	23	25	1.000	0.000	1.000	1	1	158.080	169.520	2.480	0.540	0.183	0.607	158.080	169.520	2.480	156	167	1	5	6	4
0.337	3.703	14	13	15	1.071	0.267	1.000	1	2	162.786	168.214	2.000	0.351	0.086	0.360	162.800	168.200	2.000	162	167	1	3	3	3
0.265	2.857	11	11	11	1.000	0.000	1.000	1	1	151.182	181.091	1.182	0.309	0.100	0.312	151.182	181.091	1.182	150	180	1	3	3	2
11.279	37.684	468	241	28353	60.583	134.993	7.000	1	917	338.447	185.295	4.368	1.370	0.307	1.373	338.493	185.301	2.536	334	181	1	10	9	10
0.868	6.614	36	33	57	1.583	0.874	1.000	1	4	330.444	187.333	1.556	0.470	0.112	0.463	330.491	187.316	1.421	328	185	1	5	5	3
21.065	78.294	874	501	8239	9.427	18.816	3.000	1	183	299.302	196.467	2.945	1.813	0.602	1.727	301.017	197.857	2.146	288	186	1	21	21	9
0.337	3.563	14	14	15	1.071	0.267	1.000	1	2	404.214	187.000	1.286	0.325	0.085	0.335	404.200	187.000	1.267	403	186	1	4	3	2
7.110	28.321	295	174	7668	25.993	48.677	6.000	1	330	429.969	189.912	3.708	1.155	0.265	1.131	429.986	189.907	2.316	426	186	1	9	9	8
0.578	4.409	24	23	26	1.083	0.282	1.000	1	2	309.000	188.125	1.875	0.412	0.098	0.423	309.000	188.115	1.846	308	187	1	3	3	3
0.964	7.761	40	38	75	1.875	1.343	1.000	1	6	390.250	194.000	1.625	0.501	0.144	0.522	390.253	194.000	1.453	388	192	1	6	5	4
1.663	10.000	69	56	203	2.942	2.617	2.000	1	12	381.725	197.159	2.029	0.625	0.123	0.611	381.665	197.167	1.759	379	195	1	6	5	4
1.446	9.171	60	50	204	3.400	3.269	2.000	1	16	477.900	197.883	1.867	0.578	0.104	0.571	477.922	197.877	1.588	476	195	1	5	6	4
0.241	2.664	10	10	10	1.000	0.000	1.000	1	1	455.000	198.000	1.100	0.281	0.099	0.301	455.000	198.000	1.100	454	197	1	3	3	2
11.472	45.325	476	277	6669	14.011	26.546	4.000	1	190	413.769	203.422	3.082	1.370	0.386	1.341	415.209	204.067	2.199	406	198	1	18	11	8
1.109	7.761	46	40	109	2.370	2.143	1.000	1	10	340.109	201.826	1.696	0.523	0.102	0.544	340.092	201.872	1.450	338	200	1	5	5	3
0.241	2.664	10	10	10	1.000	0.000	1.000	1	1	424.000	202.000	1.100	0.281	0.099	0.301	424.000	202.000	1.100	423	201	1	3	3	2
2.000	12.433	83	69	212	2.554	2.323	1.000	1	11	432.867	207.422	2.349	0.707	0.184	0.694	432.835	207.406	1.896	430	205	1	6	6	5
1.759	10.511	73	59	113	1.548	0.929	1.000	1	5	323.877	208.918	2.096	0.645	0.131	0.635	323.938	208.876	1.947	321	206	1	6	6	4
5.326	22.819	221	136	3043	13.769	21.977	4.000	1	130	371.027	210.950	3.226	1.019	0.214	0.996	370.872	210.819	2.187	367	208	1	8	7	7
1.687	10.582	70	57	232	3.314	3.500	2.000	1	17	358.386	212.057	2.100	0.634	0.126	0.628	358.487	212.056	1.672	356	210	1	6	5	4
1.542	12.841	64	59	116	1.812	1.582	1.000	1	9	316.391	215.188	1.516	0.695	0.239	0.704	317.086	215.086	1.422	312	213	1	9	6	3
2.482	18.359	103	93	150	1.456	0.838	1.000	1	6	386.204	221.816	2.010	0.984	0.329	1.028	386.007	222.107	1.867	383	216	1	7	13	4
2.989	15.272	124	88	709	5.718	6.811	3.000	1	36	394.129	219.105	2.758	0.809	0.189	0.771	394.082	219.120	2.142	391	217	1	7	6	6
7.206	28.779	299	173	6623	22.151	40.637	5.000	1	244	364.268	232.525	3.796	1.181	0.311	1.138	364.215	232.588	2.382	361	229	1	8	8	9
0.337	3.439	14	14	15	1.071	0.267	1.000	1	2	314.000	237.000	1.357	0.318	0.068	0.353	314.000	237.000	1.333	313	236	1	3	3	2
0.241	2.664	10	10	10	1.000	0.000	1.000	1	1	371.000	238.000	1.100	0.281	0.099	0.301	371.000	238.000	1.100	370	237	1	3	3	2
0.747	6.190	31	29	39	1.258	0.514	1.000	1	3	343.000	240.258	1.839	0.461	0.135	0.453	343.000	240.205	1.744	341	239	1	5	4	4
3.543	18.922	147	90	1423	9.680	14.766	4.000	1	91	429.000	61.000	5.000	0.862	0.151	0.842	429.000	61.000	5.000	426	58	2	7	7	7
0.289	3.509	12	10	13	1.083	0.289	1.000	1	2	154.500	149.000	4.000	0.349	0.063	0.373	154.462	149.000	4.000	153	148	3	4	3	3
0.265	3.720	11	10	11	1.000	0.000	1.000	1	1	158.818	162.818	4.545	0.388	0.158	0.332	158.818	162.818	4.545	158	162	3	3	3	4
10.532	71.353	437	375	505	1.156	0.427	1.000	1	4	410.808	224.776	9.437	1.574	0.611	1.496	410.754	224.800	9.586	400	219	4	23	13	8
0.362	4.285	15	14	15	1.000	0.000	1.000	1	1	407.333	231.867	7.333	0.390	0.151	0.350	407.333	231.867	7.333	406	231	6	4	3	4
0.265	2.945	11	11	11	1.000	0.000	1.000	1	1	161.455	133.818	7.636	0.317	0.100	0.286	161.455	133.818	7.636	161	133	7	2	3	3
0.265	3.262	11	10	11	1.000	0.000	1.000	1	1	155.636	139.818	7.909	0.340	0.098	0.356	155.636	139.818	7.909	155	139	7	3	3	3
0.482	6.207	20	18	20	1.000	0.000	1.000	1	1	148.800	140.650	8.850	0.511	0.229	0.521	148.800	140.650	8.850	147	139	7	5	4	5
0.337	3.897	14	13	14	1.000	0.000	1.000	1	1	136.643	165.071	8.143	0.366	0.097	0.371	136.643	165.071	8.143	135	164	7	4	3	3
0.241	3.262	10	9	10	1.000	0.000	1.000	1	1	158.800	144.900	8.800	0.334	0.088	0.309	158.800	144.900	8.800	158	144	8	3	3	3
0.289	4.162	12	12	12	1.000	0.000	1.000	1	1	165.333	129.750	10.583	0.446	0.174	0.431	165.333	129.750	10.583	163	128	10	5	4	2
1.928	20.224	80	80	799	9.988	6.338	7.500	1	27	52.825	0.000	14.350	1.741	0.789	1.795	54.603	0.000	14.433	41	0	13	24	1	4
0.771	7.969	32	32	219	6.844	3.399	6.000	1	15	44.500	0.000	19.500	0.674	0.251	0.673	43.671	0.000	19.525	41	0	18	8	1	4
0.988	11.161	41	41	259	6.317	5.816	4.000	1	24	58.537	0.000	19.537	0.885	0.440	0.837	59.691	0.000	19.131	51	0	18	14	1	4
0.699	7.744	29	29	29	1.000	0.000	1.000	1	1	177.103	2.655	18.345	0.546	0.258	0.512	177.103	2.655	18.345	174	0	18	7	6	4
0.337	3.774	14	14	14	1.000	0.000	1.000	1	1	195.571	0.500	18.643	0.360	0.124	0.314	195.571	0.500	18.643	194	0	18	4	3	3
1.904	14.251	79	74	106	1.342	0.597	1.000	1	3	406.304	221.899	19.646	0.737	0.261	0.718	406.377	221.830	19.519	402	219	19	10	7	3
5.230	28.223	217	181	292	1.346	0.574	1.000	1	3	417.000	226.300	19.834	1.038	0.370	1.013	417.072	226.257	19.743	409	221	19	16	11	3
1.060	10.831	44	44	44	1.000	0.000	1.000	1	1	480.136	229.614	19.114	0.725	0.309	0.725	480.136	229.614	19.114	475	226	19	10	7	2
1.470	10.494	61	59	71	1.164	0.416	1.000	1	3	412.590	234.066	19.705	0.640	0.229	0.654	412.465	234.042	19.662	408	232	19	9	5	3
2.025	19.052	84	83	85	1.012	0.109	1.000	1	2	491.595	246.464	19.286	0.994	0.421	0.971	491.541	246.482	19.282	485	242	19	15	10	3
0.554	4.850	23	23	24	1.043	0.209	1.000	1	2	510.217	258.565	19.696	0.415	0.151	0.421	510.208	258.583	19.667	509	256	19	3	5	3
0.337	4.004	14	14	14	1.000	0.000	1.000	1	1	209.071	25.429	23.143	0.360	0.125	0.377	209.071	25.429	23.143	207	24	23	5	4	2
0.482	4.392	20	20	24	1.200	0.410	1.000	1	2	237.950	27.550	23.500	0.384	0.119	0.349	238.042	27.542	23.417	237	26	23	3	4	3
0.241	2.821	10	10	10	1.000	0.000	1.000	1	1	222.500	150.500	24.500	0.332	0.147	0.263	222.500	150.500	24.500	222	150	23	2	2	4
0.313	3.774	13	12	13	1.000	0.000	1.000	1	1	416.154	229.308	23.615	0.357	0.099	0.346	416.154	229.308	23.615	415	228	23	3	4	3
0.627	7.635	26	24	26	1.000	0.000	1.000	1	1	422.731	247.692	28.769	0.575	0.270	0.517	422.731	247.692	28.769	421	246	26	4	5	6
0.241	2.557	10	10	10	1.000	0.000	1.000	1	1	221.200	142.600	30.500	0.291	0.054	0.296	221.200	142.600	30.500	220	142	30	3	2	2
0.337	3.968	14	14	14	1.000	0.000	1.000	1	1	440.286	264.786	30.714	0.363	0.143	0.341	440.286	264.786	30.714	439	264	30	4	3	3
0.337	3.439	14	14	15	1.071	0.267	1.000	1	2	448.786	267.214	31.571	0.346	0.118	0.336	448.800	267.200	31.600	448	266	30	3	3	3
0.362	3.827	15	15	15	1.000	0.000	1.000	1	1	338.200	278.200	31.467	0.365	0.123	0.350	338.200	278.200	31.467	337	277	30	3	3	3
0.337	3.422	14	14	14	1.000	0.000	1.000	1	1	236.500	84.000	31.857	0.334	0.107	0.357	236.500	84.000	31.857	235	83	31	4	3	2
0.458	4.692	19	19	19	1.000	0.000	1.000	1	1	266.368	192.158	31.842	0.406	0.149	0.412	266.368	192.158	31.842	264	190	31	5	5	2
0.241	2.664	10	10	10	1.000	0.000	1.000	1	1	422.000	243.000	31.900	0.281	0.099	0.301	422.000	243.000	31.900	421	242	31	3	3	2
0.313	3.369	13	13	13	1.000	0.000	1.000	1	1	493.000	262.385	31.692	0.338	0.096	0.316	493.000	262.385	31.692	492	261	31	3	4	2
0.699	6.861	29	29	33	1.138	0.516	1.000	1	3	379.241	273.310	31.724	0.503	0.234	0.457	379.273	273.394	31.758	377	269	31	5	8	2
0.241	2.664	10	10	10	1.000	0.000	1.000	1	1	355.000	277.000	31.900	0.281	0.099	0.301	355.000	277.000	31.900	354	276	31	3	3	2
