Volume (micron^3)	Surface (micron^2)	Nb of obj. voxels	Nb of surf. voxels	IntDen	Mean	StdDev	Median	Min	Max	X	Y	Z	Mean dist. to surf. (micron)	SD dist. to surf. (micron)	Median dist. to surf. (micron)	XM	YM	ZM	BX	BY	BZ	B-width	B-height	B-depth
69258.031	34202.664	2873626	319045	1043928064	363.279	397.397	245	1	4040	289.124	249.630	16.222	44.647	17.206	44.071	287.277	239.167	17.262	110	0	1	402	512	30
0.362	3.757	15	15	17	1.133	0.516	1	1	3	226.000	27.133	1.333	0.330	0.081	0.354	226.000	27.118	1.294	225	26	1	3	4	2
0.578	5.380	24	24	24	1.000	0.000	1	1	1	252.083	30.333	1.167	0.430	0.159	0.425	252.083	30.333	1.167	249	29	1	7	4	2
2.699	14.729	112	90	480	4.286	5.107	2	1	26	17.652	40.000	1.830	0.737	0.173	0.747	17.648	39.881	1.496	14	37	1	8	8	4
0.241	2.593	10	10	10	1.000	0.000	1	1	1	31.000	51.200	1.000	0.291	0.113	0.308	31.000	51.200	1.000	30	50	1	3	4	1
0.458	4.004	19	19	21	1.105	0.315	1	1	2	267.579	60.000	1.368	0.357	0.088	0.365	267.571	60.000	1.333	266	59	1	4	3	2
0.313	3.563	13	13	13	1.000	0.000	1	1	1	258.308	64.846	1.385	0.355	0.151	0.333	258.308	64.846	1.385	257	64	1	4	3	3
0.241	2.664	10	10	10	1.000	0.000	1	1	1	16.000	66.000	1.100	0.281	0.099	0.301	16.000	66.000	1.100	15	65	1	3	3	2
0.265	3.051	11	11	11	1.000	0.000	1	1	1	296.091	65.909	1.182	0.302	0.099	0.321	296.091	65.909	1.182	295	65	1	3	3	2
0.554	6.066	23	23	23	1.000	0.000	1	1	1	230.609	77.000	2.261	0.558	0.194	0.571	230.609	77.000	2.261	229	75	1	4	5	4
1.542	13.175	64	57	71	1.109	0.315	1	1	2	4.734	81.109	1.734	0.850	0.406	0.770	4.592	81.183	1.746	1	76	1	11	9	3
0.265	2.874	11	11	11	1.000	0.000	1	1	1	493.273	79.818	1.455	0.300	0.057	0.302	493.273	79.818	1.455	492	79	1	3	3	2
0.482	4.409	20	19	22	1.100	0.308	1	1	2	489.150	84.000	1.750	0.397	0.099	0.386	489.182	84.000	1.682	488	83	1	3	3	3
0.241	3.968	10	10	10	1.000	0.000	1	1	1	5.900	86.600	1.600	0.392	0.150	0.373	5.900	86.600	1.600	4	85	1	4	4	3
0.940	8.236	39	38	40	1.026	0.160	1	1	2	11.615	86.410	2.051	0.549	0.200	0.528	11.625	86.450	2.025	10	84	1	4	6	4
0.289	3.563	12	12	12	1.000	0.000	1	1	1	478.833	94.833	1.500	0.415	0.225	0.352	478.833	94.833	1.500	478	94	1	3	3	4
0.337	3.439	14	14	15	1.071	0.267	1	1	2	501.000	100.000	1.357	0.318	0.068	0.353	501.000	100.000	1.333	500	99	1	3	3	2
0.241	2.664	10	10	10	1.000	0.000	1	1	1	460.000	109.000	1.100	0.281	0.099	0.301	460.000	109.000	1.100	459	108	1	3	3	2
0.241	2.593	10	10	10	1.000	0.000	1	1	1	437.800	113.500	1.000	0.298	0.109	0.323	437.800	113.500	1.000	437	112	1	3	4	1
0.337	3.439	14	14	15	1.071	0.267	1	1	2	435.000	118.000	1.357	0.318	0.068	0.353	435.000	118.000	1.333	434	117	1	3	3	2
0.289	3.456	12	11	12	1.000	0.000	1	1	1	424.333	120.667	2.583	0.357	0.136	0.293	424.333	120.667	2.583	423	120	1	3	3	4
0.386	4.304	16	16	16	1.000	0.000	1	1	1	183.812	127.000	1.000	0.423	0.183	0.418	183.812	127.000	1.000	181	125	1	6	5	1
0.482	4.321	20	20	22	1.100	0.308	1	1	2	124.000	131.450	1.350	0.372	0.106	0.376	124.000	131.455	1.318	123	129	1	3	5	2
0.988	8.291	41	41	54	1.317	0.756	1	1	4	84.293	155.610	1.244	0.583	0.234	0.586	84.000	155.722	1.204	81	153	1	8	6	2
0.337	4.639	14	14	14	1.000	0.000	1	1	1	371.000	161.143	1.000	0.644	0.307	0.731	371.000	161.143	1.000	369	157	1	5	9	1
0.265	3.051	11	11	11	1.000	0.000	1	1	1	174.909	162.909	1.182	0.302	0.099	0.321	174.909	162.909	1.182	174	162	1	3	3	2
6.363	27.147	264	183	2691	10.193	15.962	3	1	88	77.966	193.902	2.144	1.023	0.229	1.048	78.172	193.648	1.517	73	189	1	11	11	5
13.569	42.440	563	314	10816	19.211	37.837	4	1	253	10.723	199.718	2.723	1.349	0.301	1.367	10.785	199.282	1.694	5	193	1	13	15	5
0.747	6.086	31	31	34	1.097	0.396	1	1	3	58.677	214.968	1.323	0.448	0.141	0.436	58.618	215.029	1.294	57	213	1	5	5	2
0.241	2.664	10	10	10	1.000	0.000	1	1	1	157.000	239.000	1.100	0.281	0.099	0.301	157.000	239.000	1.100	156	238	1	3	3	2
0.265	3.245	11	11	11	1.000	0.000	1	1	1	122.455	257.455	1.182	0.341	0.130	0.393	122.455	257.455	1.182	121	256	1	4	4	2
2.145	12.789	89	79	219	2.461	2.311	1	1	11	351.831	260.124	1.584	0.676	0.181	0.684	351.749	259.900	1.388	349	257	1	7	8	3
0.386	3.827	16	16	17	1.062	0.250	1	1	2	125.125	264.062	1.500	0.347	0.099	0.336	125.118	264.059	1.471	124	263	1	3	3	3
2.025	12.736	84	77	204	2.429	2.026	2	1	10	366.464	268.869	1.548	0.676	0.212	0.676	366.417	268.691	1.358	364	265	1	6	9	3
0.723	6.156	30	30	40	1.333	0.661	1	1	3	81.600	273.300	1.333	0.435	0.132	0.441	81.650	273.275	1.275	79	271	1	6	6	2
0.241	2.664	10	10	10	1.000	0.000	1	1	1	270.000	274.000	1.100	0.281	0.099	0.301	270.000	274.000	1.100	269	273	1	3	3	2
0.627	5.167	26	24	29	1.115	0.326	1	1	2	76.154	277.423	1.654	0.425	0.100	0.425	76.172	277.414	1.586	75	276	1	4	4	3
0.241	2.945	10	10	10	1.000	0.000	1	1	1	115.000	282.000	1.500	0.292	0.051	0.316	115.000	282.000	1.500	114	281	1	3	3	2
0.819	8.483	34	33	34	1.000	0.000	1	1	1	255.441	284.382	1.676	0.664	0.191	0.658	255.441	284.382	1.676	254	281	1	4	8	4
0.434	4.709	18	18	20	1.111	0.471	1	1	3	287.000	289.000	1.278	0.360	0.106	0.368	287.000	289.000	1.250	285	287	1	5	5	2
0.241	2.664	10	10	10	1.000	0.000	1	1	1	234.000	299.000	1.100	0.281	0.099	0.301	234.000	299.000	1.100	233	298	1	3	3	2
0.241	2.664	10	10	10	1.000	0.000	1	1	1	242.000	302.000	1.100	0.281	0.099	0.301	242.000	302.000	1.100	241	301	1	3	3	2
0.241	2.664	10	10	10	1.000	0.000	1	1	1	234.000	308.000	1.100	0.281	0.099	0.301	234.000	308.000	1.100	233	307	1	3	3	2
0.337	3.439	14	14	15	1.071	0.267	1	1	2	255.000	308.000	1.357	0.318	0.068	0.353	255.000	308.000	1.333	254	307	1	3	3	2
0.241	2.664	10	10	10	1.000	0.000	1	1	1	256.000	319.000	1.100	0.281	0.099	0.301	256.000	319.000	1.100	255	318	1	3	3	2
0.337	3.245	14	14	14	1.000	0.000	1	1	1	238.929	320.786	1.357	0.325	0.077	0.333	238.929	320.786	1.357	238	320	1	3	3	2
1.085	7.584	45	39	58	1.289	0.549	1	1	3	257.689	325.644	1.933	0.535	0.127	0.523	257.655	325.569	1.810	256	323	1	4	6	4
1.904	12.966	79	76	115	1.456	0.730	1	1	4	353.975	328.253	1.405	0.684	0.236	0.679	354.052	328.365	1.339	350	324	1	8	10	3
0.386	3.968	16	15	16	1.000	0.000	1	1	1	258.312	337.938	2.062	0.375	0.098	0.404	258.312	337.938	2.062	257	337	1	3	3	3
2.940	16.229	122	98	342	2.803	2.851	2	1	15	65.754	369.434	1.811	0.768	0.186	0.766	65.693	369.374	1.512	62	366	1	8	8	4
0.241	2.664	10	10	10	1.000	0.000	1	1	1	324.000	401.000	1.100	0.281	0.099	0.301	324.000	401.000	1.100	323	400	1	3	3	2
0.241	2.664	10	10	10	1.000	0.000	1	1	1	141.000	413.000	1.100	0.281	0.099	0.301	141.000	413.000	1.100	140	412	1	3	3	2
0.337	3.439	14	14	15	1.071	0.267	1	1	2	422.000	414.000	1.357	0.318	0.068	0.353	422.000	414.000	1.333	421	413	1	3	3	2
0.434	5.097	18	18	18	1.000	0.000	1	1	1	379.222	438.611	1.611	0.470	0.175	0.477	379.222	438.611	1.611	378	436	1	4	6	3
0.675	5.698	28	28	32	1.143	0.356	1	1	2	438.571	439.714	1.250	0.440	0.149	0.443	438.562	439.812	1.219	437	437	1	4	6	2
0.241	2.664	10	10	10	1.000	0.000	1	1	1	146.000	444.000	1.100	0.281	0.099	0.301	146.000	444.000	1.100	145	443	1	3	3	2
1.133	11.941	47	46	48	1.021	0.146	1	1	2	396.532	446.298	1.319	0.697	0.256	0.701	396.521	446.271	1.312	394	443	1	7	8	3
0.699	6.861	29	29	30	1.034	0.186	1	1	2	380.862	453.759	1.276	0.572	0.245	0.567	380.900	453.733	1.267	377	452	1	8	5	2
0.337	3.439	14	14	15	1.071	0.267	1	1	2	433.000	453.000	1.357	0.318	0.068	0.353	433.000	453.000	1.333	432	452	1	3	3	2
0.241	2.664	10	10	10	1.000	0.000	1	1	1	382.000	459.000	1.100	0.281	0.099	0.301	382.000	459.000	1.100	381	458	1	3	3	2
3.254	21.413	135	116	251	1.859	1.415	1	1	8	469.444	475.911	1.904	0.843	0.278	0.797	469.498	476.406	1.614	464	470	1	11	13	4
0.458	4.321	19	19	20	1.053	0.229	1	1	2	424.684	476.316	1.316	0.360	0.092	0.359	424.700	476.300	1.300	423	475	1	4	4	2
0.265	2.981	11	11	11	1.000	0.000	1	1	1	205.182	478.091	1.091	0.319	0.129	0.306	205.182	478.091	1.091	204	477	1	3	4	2
0.434	4.127	18	18	18	1.000	0.000	1	1	1	121.611	509.722	1.278	0.368	0.109	0.368	121.611	509.722	1.278	120	508	1	4	4	2
0.362	4.302	15	14	16	1.067	0.258	1	1	2	504.133	81.067	3.333	0.427	0.169	0.378	504.125	81.062	3.375	503	80	2	3	3	4
0.386	4.232	16	15	16	1.000	0.000	1	1	1	472.438	94.375	3.438	0.425	0.166	0.397	472.438	94.375	3.438	471	93	2	3	3	4
0.362	5.238	15	13	16	1.067	0.258	1	1	2	326.000	202.533	3.000	0.490	0.183	0.589	326.062	202.625	3.000	324	200	2	5	6	3
0.675	6.277	28	27	33	1.179	0.390	1	1	2	488.857	510.571	4.107	0.493	0.189	0.471	488.758	510.636	4.152	487	509	2	5	3	5
0.362	4.850	15	13	15	1.000	0.000	1	1	1	229.000	74.000	4.000	0.409	0.185	0.525	229.000	74.000	4.000	227	72	3	5	5	3
0.410	3.968	17	16	17	1.000	0.000	1	1	1	451.882	107.706	3.765	0.378	0.100	0.362	451.882	107.706	3.765	451	107	3	3	3	3
0.265	2.945	11	11	11	1.000	0.000	1	1	1	322.455	203.818	3.636	0.317	0.100	0.286	322.455	203.818	3.636	322	203	3	2	3	3
0.795	6.648	33	26	61	1.848	0.939	2	1	5	359.000	312.000	5.000	0.494	0.102	0.497	359.000	312.000	5.000	357	310	3	5	5	5
0.410	4.884	17	16	17	1.000	0.000	1	1	1	237.941	314.765	5.294	0.473	0.209	0.460	237.941	314.765	5.294	237	314	3	3	3	5
0.337	3.650	14	13	14	1.000	0.000	1	1	1	244.214	67.286	5.000	0.370	0.102	0.400	244.214	67.286	5.000	243	66	4	3	3	3
0.265	3.844	11	10	11	1.000	0.000	1	1	1	417.727	136.273	6.364	0.429	0.240	0.361	417.727	136.273	6.364	417	135	4	3	3	5
0.410	4.884	17	14	17	1.000	0.000	1	1	1	149.000	231.000	6.000	0.447	0.171	0.462	149.000	231.000	6.000	148	230	4	3	3	5
0.289	3.650	12	12	12	1.000	0.000	1	1	1	303.333	81.833	6.167	0.345	0.132	0.340	303.333	81.833	6.167	302	81	5	3	3	3
0.506	5.308	21	20	22	1.048	0.218	1	1	2	399.810	438.905	5.952	0.403	0.105	0.418	399.818	438.909	5.955	398	438	5	4	3	3
0.313	4.549	13	12	13	1.000	0.000	1	1	1	287.231	46.308	8.000	0.513	0.272	0.416	287.231	46.308	8.000	286	45	6	4	4	5
0.289	3.333	12	12	12	1.000	0.000	1	1	1	266.583	347.250	7.333	0.364	0.163	0.320	266.583	347.250	7.333	266	346	6	2	3	4
0.337	4.108	14	13	14	1.000	0.000	1	1	1	411.071	455.929	7.571	0.445	0.172	0.321	411.071	455.929	7.571	410	455	6	3	3	4
0.241	2.945	10	10	10	1.000	0.000	1	1	1	480.600	502.100	6.700	0.312	0.105	0.303	480.600	502.100	6.700	480	501	6	2	3	3
0.265	3.333	11	11	11	1.000	0.000	1	1	1	167.091	168.000	7.636	0.320	0.106	0.306	167.091	168.000	7.636	166	167	7	3	3	3
1.952	10.739	81	54	298	3.679	3.636	2	1	20	463.000	203.000	9.000	0.691	0.114	0.679	463.000	203.000	9.000	461	201	7	5	5	5
0.313	3.456	13	12	14	1.077	0.277	1	1	2	318.308	213.692	7.923	0.356	0.099	0.391	318.286	213.714	7.929	317	213	7	3	3	3
0.241	3.333	10	9	10	1.000	0.000	1	1	1	250.000	295.800	9.500	0.394	0.158	0.320	250.000	295.800	9.500	249	295	8	3	3	4
0.265	3.720	11	10	11	1.000	0.000	1	1	1	143.182	416.182	10.455	0.388	0.158	0.332	143.182	416.182	10.455	142	415	9	3	3	4
0.265	3.333	11	10	11	1.000	0.000	1	1	1	258.000	61.000	10.636	0.333	0.079	0.319	258.000	61.000	10.636	257	60	10	3	3	3
0.241	2.945	10	10	10	1.000	0.000	1	1	1	126.000	331.000	10.500	0.292	0.051	0.316	126.000	331.000	10.500	125	330	10	3	3	2
0.699	7.053	29	26	33	1.138	0.351	1	1	2	458.069	106.000	12.793	0.563	0.223	0.523	458.000	106.000	12.758	456	105	11	6	3	5
0.313	3.844	13	13	13	1.000	0.000	1	1	1	304.846	510.000	15.077	0.389	0.187	0.417	304.846	510.000	15.077	304	509	13	3	3	4
0.434	4.620	18	17	18	1.000	0.000	1	1	1	272.889	266.167	15.167	0.415	0.132	0.429	272.889	266.167	15.167	272	265	14	3	3	4
0.265	3.333	11	11	11	1.000	0.000	1	1	1	484.000	100.091	16.364	0.320	0.106	0.306	484.000	100.091	16.364	483	99	15	3	3	3
0.289	3.333	12	12	13	1.083	0.289	1	1	2	505.833	510.750	18.083	0.349	0.135	0.392	505.846	510.769	18.077	505	510	17	3	2	3
0.651	4.603	27	26	35	1.296	0.542	1	1	3	436.000	453.000	20.000	0.426	0.098	0.462	436.000	453.000	20.000	435	452	19	3	3	3
0.289	3.580	12	12	12	1.000	0.000	1	1	1	467.833	493.250	20.083	0.331	0.124	0.356	467.833	493.250	20.083	467	492	19	3	3	3
0.265	3.333	11	11	11	1.000	0.000	1	1	1	495.000	502.909	20.364	0.320	0.106	0.306	495.000	502.909	20.364	494	502	19	3	3	3
0.337	4.108	14	13	14	1.000	0.000	1	1	1	367.143	390.000	23.786	0.400	0.160	0.396	367.143	390.000	23.786	366	389	22	3	3	4
0.241	3.650	10	9	10	1.000	0.000	1	1	1	308.100	17.600	27.500	0.413	0.188	0.350	308.100	17.600	27.500	307	16	26	3	4	4
0.241	3.650	10	9	10	1.000	0.000	1	1	1	181.400	110.100	27.500	0.413	0.188	0.350	181.400	110.100	27.500	180	109	26	4	3	4
0.289	3.492	12	12	12	1.000	0.000	1	1	1	301.500	247.750	29.583	0.421	0.209	0.372	301.500	247.750	29.583	299	247	28	5	3	3
0.964	9.295	40	38	41	1.025	0.158	1	1	2	349.025	364.875	29.375	0.602	0.249	0.579	349.024	364.854	29.390	346	363	28	9	6	3
0.940	7.744	39	39	42	1.077	0.270	1	1	2	348.564	378.846	29.615	0.490	0.156	0.495	348.548	378.857	29.643	346	376	28	6	6	3
0.410	5.221	17	16	17	1.000	0.000	1	1	1	355.588	378.235	29.529	0.488	0.167	0.497	355.588	378.235	29.529	354	376	28	4	6	3
0.241	2.664	10	10	10	1.000	0.000	1	1	1	186.100	98.100	29.900	0.296	0.114	0.298	186.100	98.100	29.900	185	97	29	3	3	2
0.241	2.664	10	10	10	1.000	0.000	1	1	1	392.000	155.000	29.900	0.281	0.099	0.301	392.000	155.000	29.900	391	154	29	3	3	2
0.386	3.934	16	16	16	1.000	0.000	1	1	1	362.625	183.625	29.812	0.346	0.100	0.365	362.625	183.625	29.812	361	182	29	4	4	2
0.241	2.664	10	10	10	1.000	0.000	1	1	1	110.000	258.000	29.900	0.281	0.099	0.301	110.000	258.000	29.900	109	257	29	3	3	2
0.241	2.664	10	10	10	1.000	0.000	1	1	1	277.000	267.000	29.900	0.281	0.099	0.301	277.000	267.000	29.900	276	266	29	3	3	2
0.241	2.664	10	10	10	1.000	0.000	1	1	1	273.000	276.000	29.900	0.281	0.099	0.301	273.000	276.000	29.900	272	275	29	3	3	2
0.699	5.839	29	29	32	1.103	0.409	1	1	3	346.828	357.655	29.655	0.427	0.127	0.423	346.781	357.688	29.688	345	356	29	5	5	2
1.229	10.637	51	51	52	1.020	0.140	1	1	2	349.529	371.255	29.765	0.770	0.284	0.820	349.481	371.288	29.769	344	368	29	11	7	2
0.241	2.664	10	10	10	1.000	0.000	1	1	1	360.000	374.000	29.900	0.281	0.099	0.301	360.000	374.000	29.900	359	373	29	3	3	2
0.337	3.439	14	14	15	1.071	0.267	1	1	2	423.000	384.000	29.643	0.318	0.068	0.353	423.000	384.000	29.667	422	383	29	3	3	2
0.362	3.439	15	15	16	1.067	0.258	1	1	2	441.933	458.933	29.600	0.325	0.068	0.330	441.938	458.938	29.625	441	458	29	3	3	2
0.458	4.745	19	19	19	1.000	0.000	1	1	1	161.579	467.053	29.947	0.498	0.200	0.531	161.579	467.053	29.947	159	465	29	6	5	2
0.530	4.709	22	22	28	1.273	0.550	1	1	3	184.000	482.000	29.591	0.375	0.096	0.386	184.000	482.000	29.679	182	480	29	5	5	2
