Volume (micron^3)	Surface (micron^2)	Nb of obj. voxels	Nb of surf. voxels	IntDen	Mean	StdDev	Median	Min	Max	X	Y	Z	Mean dist. to surf. (micron)	SD dist. to surf. (micron)	Median dist. to surf. (micron)	XM	YM	ZM	BX	BY	BZ	B-width	B-height	B-depth
72499.820	34832.102	3008133	328355	1098336512	365.122	438.323	228	1	4089	261.207	216.680	16.208	42.055	18.283	41.147	276.394	225.035	15.788	0	0	1	420	512	30
0.241	2.664	10	10	10	1.000	0.000	1	1	1	17.000	3.000	1.100	0.281	0.099	0.301	17.000	3.000	1.100	16	2	1	3	3	2
0.241	2.664	10	10	10	1.000	0.000	1	1	1	288.000	4.000	1.100	0.281	0.099	0.301	288.000	4.000	1.100	287	3	1	3	3	2
0.651	7.143	27	26	27	1.000	0.000	1	1	1	352.111	35.000	1.778	0.532	0.164	0.555	352.111	35.000	1.778	349	34	1	7	3	3
0.241	2.664	10	10	10	1.000	0.000	1	1	1	128.000	39.000	1.100	0.281	0.099	0.301	128.000	39.000	1.100	127	38	1	3	3	2
0.241	2.664	10	10	10	1.000	0.000	1	1	1	120.000	41.000	1.100	0.281	0.099	0.301	120.000	41.000	1.100	119	40	1	3	3	2
0.627	6.032	26	26	28	1.077	0.392	1	1	3	103.192	92.500	1.269	0.467	0.168	0.478	103.107	92.464	1.250	101	91	1	6	4	2
0.241	2.664	10	10	10	1.000	0.000	1	1	1	110.000	95.000	1.100	0.281	0.099	0.301	110.000	95.000	1.100	109	94	1	3	3	2
0.362	3.650	15	15	15	1.000	0.000	1	1	1	349.533	210.067	2.400	0.364	0.134	0.335	349.533	210.067	2.400	349	209	1	2	3	4
0.289	3.439	12	12	12	1.000	0.000	1	1	1	210.000	214.000	1.500	0.402	0.208	0.359	210.000	214.000	1.500	209	213	1	3	3	4
0.362	3.439	15	15	16	1.067	0.258	1	1	2	338.067	230.067	1.400	0.325	0.068	0.330	338.062	230.062	1.375	337	229	1	3	3	2
0.241	2.664	10	10	10	1.000	0.000	1	1	1	335.000	234.000	1.100	0.281	0.099	0.301	335.000	234.000	1.100	334	233	1	3	3	2
0.289	3.422	12	12	12	1.000	0.000	1	1	1	382.500	235.500	1.000	0.383	0.176	0.393	382.500	235.500	1.000	380	234	1	6	4	1
0.241	2.787	10	10	10	1.000	0.000	1	1	1	320.300	236.700	1.000	0.299	0.110	0.332	320.300	236.700	1.000	319	235	1	4	4	1
0.337	4.251	14	14	14	1.000	0.000	1	1	1	372.071	247.214	1.000	0.500	0.202	0.509	372.071	247.214	1.000	369	245	1	7	5	1
0.265	3.051	11	11	11	1.000	0.000	1	1	1	379.909	249.091	1.182	0.302	0.099	0.321	379.909	249.091	1.182	379	248	1	3	3	2
9.882	34.733	410	262	4141	10.100	15.141	3	1	90	25.566	265.907	2.356	1.197	0.258	1.214	25.579	265.859	1.617	20	260	1	13	13	5
0.410	4.726	17	17	17	1.000	0.000	1	1	1	414.588	277.588	1.647	0.409	0.160	0.444	414.588	277.588	1.647	413	276	1	4	4	3
0.651	5.521	27	27	30	1.111	0.424	1	1	3	101.111	366.741	1.333	0.417	0.124	0.408	101.100	366.733	1.300	99	365	1	5	5	2
0.241	2.664	10	10	10	1.000	0.000	1	1	1	370.000	394.000	1.100	0.281	0.099	0.301	370.000	394.000	1.100	369	393	1	3	3	2
0.337	3.616	14	14	14	1.000	0.000	1	1	1	216.214	407.500	1.143	0.345	0.122	0.361	216.214	407.500	1.143	215	406	1	4	4	2
0.241	2.664	10	10	10	1.000	0.000	1	1	1	183.000	424.000	1.100	0.281	0.099	0.301	183.000	424.000	1.100	182	423	1	3	3	2
0.386	4.074	16	16	17	1.062	0.250	1	1	2	201.000	454.000	1.312	0.342	0.095	0.366	201.000	454.000	1.294	200	452	1	3	5	2
0.289	3.369	12	12	12	1.000	0.000	1	1	1	270.833	477.333	1.333	0.360	0.161	0.343	270.833	477.333	1.333	270	476	1	3	4	3
0.241	2.664	10	10	10	1.000	0.000	1	1	1	197.000	482.000	1.100	0.281	0.099	0.301	197.000	482.000	1.100	196	481	1	3	3	2
0.506	4.779	21	20	22	1.048	0.218	1	1	2	265.952	482.143	1.524	0.400	0.112	0.381	265.955	482.136	1.500	264	481	1	4	4	3
0.241	2.664	10	10	10	1.000	0.000	1	1	1	179.000	483.000	1.100	0.281	0.099	0.301	179.000	483.000	1.100	178	482	1	3	3	2
0.386	4.462	16	15	16	1.000	0.000	1	1	1	261.375	508.000	1.625	0.410	0.141	0.381	261.375	508.000	1.625	260	506	1	4	5	3
0.313	3.914	13	12	13	1.000	0.000	1	1	1	124.154	38.077	3.462	0.427	0.169	0.349	124.154	38.077	3.462	123	37	2	3	3	4
0.627	5.766	26	24	27	1.038	0.196	1	1	2	236.846	233.385	4.269	0.484	0.194	0.471	236.852	233.370	4.296	236	232	2	3	4	5
0.627	7.123	26	25	26	1.000	0.000	1	1	1	323.192	241.385	6.154	0.789	0.378	0.763	323.192	241.385	6.154	322	240	2	3	3	8
0.458	4.867	19	18	19	1.000	0.000	1	1	1	407.947	242.316	4.316	0.422	0.153	0.373	407.947	242.316	4.316	407	241	3	3	3	4
0.265	3.333	11	10	11	1.000	0.000	1	1	1	28.000	274.000	4.364	0.333	0.079	0.319	28.000	274.000	4.364	27	273	3	3	3	3
0.386	4.937	16	15	16	1.000	0.000	1	1	1	277.312	489.250	5.062	0.516	0.264	0.485	277.312	489.250	5.062	276	488	3	3	4	5
0.241	3.650	10	9	10	1.000	0.000	1	1	1	24.100	58.600	5.500	0.413	0.188	0.350	24.100	58.600	5.500	23	57	4	3	4	4
0.337	4.409	14	13	14	1.000	0.000	1	1	1	165.357	131.786	5.214	0.430	0.166	0.460	165.357	131.786	5.214	164	130	4	4	5	3
0.265	3.703	11	10	11	1.000	0.000	1	1	1	120.818	102.364	6.091	0.386	0.173	0.408	120.818	102.364	6.091	119	101	5	5	3	3
0.289	3.209	12	12	12	1.000	0.000	1	1	1	413.500	199.500	6.250	0.369	0.164	0.341	413.500	199.500	6.250	413	199	5	2	2	4
0.458	4.603	19	18	20	1.053	0.229	1	1	2	395.000	387.000	6.000	0.382	0.086	0.390	395.000	387.000	6.000	394	386	5	3	3	3
0.410	4.409	17	16	18	1.059	0.243	1	1	2	372.118	393.882	6.824	0.397	0.136	0.375	372.111	393.889	6.833	371	393	5	3	3	4
0.337	4.867	14	13	14	1.000	0.000	1	1	1	117.786	108.643	8.000	0.484	0.258	0.412	117.786	108.643	8.000	117	107	6	3	4	5
0.241	2.874	10	10	10	1.000	0.000	1	1	1	348.600	483.700	6.500	0.312	0.080	0.290	348.600	483.700	6.500	347	483	6	4	2	2
1.060	7.530	44	36	53	1.205	0.462	1	1	3	191.886	474.614	9.091	0.542	0.110	0.523	191.906	474.660	9.094	190	473	8	5	4	4
0.554	8.059	23	20	23	1.000	0.000	1	1	1	365.348	416.609	12.261	0.723	0.274	0.747	365.348	416.609	12.261	364	414	9	4	6	7
0.265	2.945	11	11	11	1.000	0.000	1	1	1	203.182	440.545	9.636	0.317	0.100	0.286	203.182	440.545	9.636	202	440	9	3	2	3
0.241	3.139	10	9	10	1.000	0.000	1	1	1	115.000	106.900	11.300	0.331	0.080	0.297	115.000	106.900	11.300	114	106	10	3	3	3
0.747	8.006	31	29	32	1.032	0.180	1	1	2	139.194	115.161	12.484	0.569	0.242	0.581	139.188	115.188	12.500	138	112	10	4	6	6
0.362	4.108	15	14	16	1.067	0.258	1	1	2	263.000	502.000	11.000	0.391	0.097	0.462	263.000	502.000	11.000	262	501	10	3	3	3
0.362	3.844	15	14	15	1.000	0.000	1	1	1	135.733	112.867	12.067	0.378	0.100	0.415	135.733	112.867	12.067	135	112	11	3	3	3
0.482	4.603	20	19	21	1.050	0.224	1	1	2	7.950	32.050	12.950	0.389	0.089	0.410	7.952	32.048	12.952	7	31	12	3	3	3
0.289	3.914	12	11	12	1.000	0.000	1	1	1	4.000	38.250	14.333	0.412	0.222	0.365	4.000	38.250	14.333	3	37	12	3	3	5
0.844	7.106	35	30	37	1.057	0.236	1	1	2	385.543	236.971	13.771	0.518	0.163	0.493	385.568	236.973	13.757	383	236	12	5	3	5
0.313	3.844	13	13	13	1.000	0.000	1	1	1	12.154	20.846	14.077	0.371	0.134	0.364	12.154	20.846	14.077	11	20	13	3	3	3
0.241	2.874	10	10	10	1.000	0.000	1	1	1	180.500	444.000	14.000	0.300	0.111	0.278	180.500	444.000	14.000	180	443	13	2	3	3
0.241	3.015	10	10	11	1.100	0.316	1	1	2	0.100	38.000	15.000	0.338	0.147	0.391	0.091	38.000	15.000	0	37	14	2	3	3
71.557	180.510	2969	1382	319379	107.571	246.881	8	1	1948	3.501	253.369	25.909	3.244	1.385	2.977	1.733	250.083	28.542	0	234	14	12	49	17
0.289	3.386	12	11	13	1.083	0.289	1	1	2	234.917	85.583	19.083	0.338	0.094	0.354	234.923	85.615	19.077	234	85	18	3	3	3
0.458	4.603	19	18	20	1.053	0.229	1	1	2	44.000	103.000	20.000	0.382	0.086	0.390	44.000	103.000	20.000	43	102	19	3	3	3
0.988	8.199	41	34	85	2.073	1.403	1	1	7	120.000	307.000	24.000	0.571	0.165	0.525	120.000	307.000	24.000	118	305	22	5	5	5
0.313	3.968	13	13	13	1.000	0.000	1	1	1	380.231	76.769	26.538	0.428	0.245	0.325	380.231	76.769	26.538	379	76	24	3	3	5
1.952	10.739	81	54	206	2.543	2.500	1	1	14	11.000	171.000	26.000	0.691	0.114	0.679	11.000	171.000	26.000	9	169	24	5	5	5
0.265	3.844	11	11	11	1.000	0.000	1	1	1	358.909	230.727	26.818	0.472	0.281	0.466	358.909	230.727	26.818	358	230	24	3	3	5
0.289	3.580	12	11	12	1.000	0.000	1	1	1	418.750	267.500	27.167	0.357	0.115	0.353	418.750	267.500	27.167	418	266	26	3	4	3
0.699	7.530	29	29	30	1.034	0.186	1	1	2	157.621	497.793	28.759	0.638	0.295	0.632	157.567	497.833	28.800	155	496	26	7	5	5
0.289	3.563	12	12	12	1.000	0.000	1	1	1	60.167	143.167	29.500	0.415	0.225	0.352	60.167	143.167	29.500	59	142	27	3	3	4
0.265	3.774	11	10	11	1.000	0.000	1	1	1	305.545	1.182	28.818	0.345	0.108	0.360	305.545	1.182	28.818	304	0	28	4	3	3
2.675	16.018	111	102	196	1.766	1.257	1	1	7	86.234	196.676	29.441	0.768	0.244	0.743	86.413	196.796	29.592	82	192	28	9	10	3
1.783	12.137	74	74	100	1.351	0.671	1	1	3	27.946	456.027	29.622	0.714	0.302	0.709	27.920	455.920	29.690	26	451	28	6	11	3
0.434	4.338	18	18	19	1.056	0.236	1	1	2	78.833	462.167	29.444	0.372	0.111	0.364	78.842	462.158	29.474	77	461	28	4	3	3
0.362	3.669	15	15	15	1.000	0.000	1	1	1	462.067	36.800	29.933	0.368	0.145	0.379	462.067	36.800	29.933	461	35	29	3	5	2
0.410	4.181	17	17	17	1.000	0.000	1	1	1	375.059	51.176	29.882	0.389	0.155	0.377	375.059	51.176	29.882	373	50	29	5	4	2
0.530	4.709	22	22	28	1.273	0.550	1	1	3	21.000	93.000	29.591	0.375	0.096	0.386	21.000	93.000	29.679	19	91	29	5	5	2
0.241	2.664	10	10	10	1.000	0.000	1	1	1	506.000	97.000	29.900	0.281	0.099	0.301	506.000	97.000	29.900	505	96	29	3	3	2
0.675	5.645	28	28	38	1.357	0.731	1	1	4	35.786	110.286	29.679	0.425	0.131	0.429	35.816	110.263	29.737	34	108	29	5	6	2
0.337	3.439	14	14	15	1.071	0.267	1	1	2	36.000	118.000	29.643	0.318	0.068	0.353	36.000	118.000	29.667	35	117	29	3	3	2
0.530	4.709	22	22	28	1.273	0.550	1	1	3	25.000	119.000	29.591	0.375	0.096	0.386	25.000	119.000	29.679	23	117	29	5	5	2
0.362	3.863	15	15	15	1.000	0.000	1	1	1	32.600	129.667	29.933	0.368	0.137	0.386	32.600	129.667	29.933	31	128	29	4	5	2
0.337	3.439	14	14	15	1.071	0.267	1	1	2	21.000	133.000	29.643	0.318	0.068	0.353	21.000	133.000	29.667	20	132	29	3	3	2
0.337	3.439	14	14	16	1.143	0.535	1	1	3	56.000	140.000	29.643	0.318	0.068	0.353	56.000	140.000	29.688	55	139	29	3	3	2
0.627	7.126	26	26	28	1.077	0.392	1	1	3	2.538	191.000	29.769	0.585	0.198	0.628	2.643	190.929	29.786	0	189	29	6	7	2
0.362	3.633	15	15	25	1.667	1.175	1	1	5	0.533	213.000	29.600	0.342	0.099	0.322	0.360	213.000	29.720	0	211	29	3	5	2
0.241	2.664	10	10	10	1.000	0.000	1	1	1	121.000	216.000	29.900	0.281	0.099	0.301	121.000	216.000	29.900	120	215	29	3	3	2
0.530	5.521	22	22	22	1.000	0.000	1	1	1	1.545	218.000	29.818	0.490	0.188	0.507	1.545	218.000	29.818	0	216	29	5	6	2
0.241	2.664	10	10	10	1.000	0.000	1	1	1	64.000	227.000	29.900	0.281	0.099	0.301	64.000	227.000	29.900	63	226	29	3	3	2
0.241	2.664	10	10	10	1.000	0.000	1	1	1	194.000	230.000	29.900	0.281	0.099	0.301	194.000	230.000	29.900	193	229	29	3	3	2
0.241	2.664	10	10	10	1.000	0.000	1	1	1	127.000	238.000	29.900	0.281	0.099	0.301	127.000	238.000	29.900	126	237	29	3	3	2
0.313	3.422	13	13	13	1.000	0.000	1	1	1	133.462	238.077	29.923	0.344	0.135	0.365	133.462	238.077	29.923	131	237	29	5	3	2
0.241	2.664	10	10	10	1.000	0.000	1	1	1	352.900	237.100	29.900	0.296	0.114	0.298	352.900	237.100	29.900	352	236	29	3	3	2
0.627	6.544	26	26	27	1.038	0.196	1	1	2	62.615	245.077	29.769	0.541	0.201	0.560	62.556	245.074	29.778	60	244	29	7	4	2
0.241	2.664	10	10	10	1.000	0.000	1	1	1	149.000	256.000	29.900	0.281	0.099	0.301	149.000	256.000	29.900	148	255	29	3	3	2
0.458	4.498	19	19	19	1.000	0.000	1	1	1	153.895	272.474	29.842	0.386	0.129	0.385	153.895	272.474	29.842	152	271	29	5	4	2
0.603	5.397	25	25	28	1.120	0.440	1	1	3	180.000	292.240	29.680	0.410	0.125	0.410	180.000	292.286	29.714	178	290	29	5	5	2
1.446	9.932	60	60	84	1.400	0.741	1	1	4	61.133	293.967	29.633	0.614	0.231	0.585	61.298	294.048	29.690	57	291	29	9	7	2
0.362	3.934	15	15	15	1.000	0.000	1	1	1	229.733	298.267	29.867	0.356	0.123	0.368	229.733	298.267	29.867	228	297	29	4	4	2
0.337	3.439	14	14	15	1.071	0.267	1	1	2	159.000	301.000	29.643	0.318	0.068	0.353	159.000	301.000	29.667	158	300	29	3	3	2
0.458	4.321	19	19	23	1.211	0.535	1	1	3	140.316	302.316	29.684	0.360	0.092	0.359	140.304	302.304	29.739	139	301	29	4	4	2
0.241	2.664	10	10	10	1.000	0.000	1	1	1	396.000	332.000	29.900	0.281	0.099	0.301	396.000	332.000	29.900	395	331	29	3	3	2
0.241	2.664	10	10	10	1.000	0.000	1	1	1	190.000	343.000	29.900	0.281	0.099	0.301	190.000	343.000	29.900	189	342	29	3	3	2
0.265	3.175	11	11	11	1.000	0.000	1	1	1	177.636	345.364	29.909	0.313	0.109	0.353	177.636	345.364	29.909	176	344	29	4	4	2
0.337	3.422	14	14	14	1.000	0.000	1	1	1	196.500	367.000	29.857	0.334	0.107	0.357	196.500	367.000	29.857	195	366	29	4	3	2
0.241	2.664	10	10	10	1.000	0.000	1	1	1	206.000	370.000	29.900	0.281	0.099	0.301	206.000	370.000	29.900	205	369	29	3	3	2
0.241	2.664	10	10	10	1.000	0.000	1	1	1	197.000	375.000	29.900	0.281	0.099	0.301	197.000	375.000	29.900	196	374	29	3	3	2
0.241	2.664	10	10	10	1.000	0.000	1	1	1	389.000	379.000	29.900	0.281	0.099	0.301	389.000	379.000	29.900	388	378	29	3	3	2
0.241	2.664	10	10	10	1.000	0.000	1	1	1	204.000	380.000	29.900	0.281	0.099	0.301	204.000	380.000	29.900	203	379	29	3	3	2
0.482	4.745	20	20	20	1.000	0.000	1	1	1	463.850	395.800	29.900	0.412	0.155	0.433	463.850	395.800	29.900	461	394	29	6	4	2
0.819	7.356	34	34	36	1.059	0.239	1	1	2	169.353	406.294	29.735	0.555	0.220	0.549	169.278	406.250	29.750	167	404	29	7	5	2
0.337	3.439	14	14	15	1.071	0.267	1	1	2	203.000	410.000	29.643	0.318	0.068	0.353	203.000	410.000	29.667	202	409	29	3	3	2
0.241	2.664	10	10	10	1.000	0.000	1	1	1	114.000	413.000	29.900	0.281	0.099	0.301	114.000	413.000	29.900	113	412	29	3	3	2
0.337	3.439	14	14	15	1.071	0.267	1	1	2	192.000	415.000	29.643	0.318	0.068	0.353	192.000	415.000	29.667	191	414	29	3	3	2
0.241	2.664	10	10	10	1.000	0.000	1	1	1	375.000	415.000	29.900	0.281	0.099	0.301	375.000	415.000	29.900	374	414	29	3	3	2
0.337	3.439	14	14	15	1.071	0.267	1	1	2	187.000	427.000	29.643	0.318	0.068	0.353	187.000	427.000	29.667	186	426	29	3	3	2
0.241	2.664	10	10	10	1.000	0.000	1	1	1	117.000	446.000	29.900	0.281	0.099	0.301	117.000	446.000	29.900	116	445	29	3	3	2
0.241	2.664	10	10	10	1.000	0.000	1	1	1	144.000	464.000	29.900	0.281	0.099	0.301	144.000	464.000	29.900	143	463	29	3	3	2
0.241	2.664	10	10	10	1.000	0.000	1	1	1	139.000	469.000	29.900	0.281	0.099	0.301	139.000	469.000	29.900	138	468	29	3	3	2
0.362	3.863	15	15	15	1.000	0.000	1	1	1	454.600	503.667	29.933	0.368	0.137	0.386	454.600	503.667	29.933	453	502	29	4	5	2
0.241	2.664	10	10	10	1.000	0.000	1	1	1	493.000	505.000	29.900	0.281	0.099	0.301	493.000	505.000	29.900	492	504	29	3	3	2
0.241	2.593	10	10	10	1.000	0.000	1	1	1	30.200	227.000	30.000	0.291	0.113	0.308	30.200	227.000	30.000	29	226	30	4	3	1
0.241	2.787	10	10	10	1.000	0.000	1	1	1	0.800	312.100	30.000	0.311	0.141	0.299	0.800	312.100	30.000	0	310	30	3	5	1
0.313	3.546	13	13	13	1.000	0.000	1	1	1	161.769	465.077	30.000	0.366	0.162	0.329	161.769	465.077	30.000	160	463	30	5	5	1
