Volume (micron^3)	Surface (micron^2)	Nb of obj. voxels	Nb of surf. voxels	IntDen	Mean	StdDev	Median	Min	Max	X	Y	Z	Mean dist. to surf. (micron)	SD dist. to surf. (micron)	Median dist. to surf. (micron)	XM	YM	ZM	BX	BY	BZ	B-width	B-height	B-depth
41197.238	23457.543	1709339	256285	795202176	465.210	496.744	315	1	4095	235.718	244.820	9.774	45.637	11.759	46.074	229.946	240.340	8.997	23	0	1	489	448	18
194.883	337.891	8086	2316	1787918	221.113	613.691	9	1	4004	99.455	11.056	11.661	3.608	0.687	3.600	98.987	10.008	16.419	83	0	1	38	31	18
25.596	81.288	1062	526	16740	15.763	36.743	4	1	354	18.900	72.436	3.533	1.768	0.450	1.769	19.219	74.348	2.923	10	65	1	19	18	8
87.632	193.680	3636	1253	446979	122.932	428.358	5	1	3895	416.833	102.276	12.452	2.832	0.592	2.676	416.750	102.164	16.339	400	91	1	31	22	18
28.584	77.657	1186	536	37957	32.004	62.812	6	1	485	391.828	408.698	4.303	1.854	0.355	1.825	392.586	408.449	3.620	383	400	1	18	18	10
36.417	100.301	1511	715	80874	53.523	129.307	8	1	1225	469.530	476.514	3.738	2.440	0.982	2.413	468.715	473.360	2.381	462	463	1	16	33	9
78.160	160.587	3243	1006	444055	136.927	456.472	5	1	3927	191.777	272.189	12.168	2.585	0.329	2.550	191.872	272.210	16.030	180	262	3	24	22	16
68.737	137.928	2852	888	345112	121.007	403.509	6	1	3768	341.360	207.839	12.837	2.440	0.244	2.426	341.274	207.851	16.433	330	199	5	22	19	14
28.681	109.182	1190	820	7904	6.642	10.422	3	1	91	18.452	188.259	16.831	2.559	1.163	2.429	16.371	187.895	17.321	0	181	14	39	20	5
