Volume (micron^3)	Surface (micron^2)	Nb of obj. voxels	Nb of surf. voxels	IntDen	Mean	StdDev	Median	Min	Max	X	Y	Z	Mean dist. to surf. (micron)	SD dist. to surf. (micron)	Median dist. to surf. (micron)	XM	YM	ZM	BX	BY	BZ	B-width	B-height	B-depth
4.459	26.578	185	154	47931	259.086	67.188	232.000	200	519	341.546	215.157	2.168	0.979	0.296	0.995	341.222	215.153	2.043	337	212	1	10	9	5
1.205	11.091	50	47	11723	234.460	37.396	220.000	201	347	324.360	220.000	4.300	0.888	0.421	0.834	324.264	220.026	4.072	322	218	1	6	5	8
1.928	10.563	80	63	26921	336.513	109.751	301.000	205	626	381.962	227.600	2.775	0.698	0.166	0.699	381.924	227.631	2.651	380	226	1	5	4	5
1.157	7.477	48	40	17653	367.771	151.837	341.000	200	781	338.562	228.500	2.188	0.557	0.120	0.519	338.592	228.493	1.982	337	227	1	4	4	4
5.350	23.117	222	136	135493	610.329	384.478	473.000	202	1820	401.892	230.797	5.320	1.057	0.269	1.046	401.869	230.810	5.604	398	228	1	8	6	8
25.065	102.641	1040	619	371851	357.549	157.455	313.000	200	1319	362.428	246.427	4.900	1.955	0.625	1.965	362.284	246.324	4.830	350	236	1	22	24	8
3.856	21.673	160	115	56534	353.337	171.257	284.000	200	1063	347.737	239.881	3.763	1.073	0.401	1.085	347.833	239.718	3.381	344	237	1	10	8	8
4.796	25.691	199	133	57026	286.563	67.769	273.000	200	469	428.482	239.156	3.940	1.032	0.317	0.999	428.584	239.102	3.912	424	236	1	9	7	8
4.772	24.826	198	137	72392	365.616	165.453	311.000	200	1070	399.081	244.859	4.313	1.047	0.333	1.064	398.853	244.889	4.211	395	243	1	9	5	8
0.458	4.409	19	17	5217	274.579	66.188	246.000	203	426	409.579	246.053	1.632	0.387	0.087	0.374	409.565	246.035	1.562	408	245	1	4	3	3
0.458	4.620	19	18	4769	251.000	41.343	235.000	203	348	433.737	246.737	2.684	0.444	0.159	0.395	433.744	246.740	2.686	433	246	1	3	3	4
0.603	5.519	25	23	6295	251.800	39.953	243.000	204	357	386.920	247.320	2.600	0.489	0.181	0.404	386.932	247.311	2.596	386	246	1	3	3	5
3.953	27.861	164	136	40213	245.201	38.473	236.000	200	377	417.256	251.396	5.579	1.252	0.373	1.255	417.359	251.438	5.637	411	247	1	12	9	8
1.928	16.224	80	73	20166	252.075	50.259	234.500	201	377	386.913	254.238	6.088	1.012	0.435	0.928	386.957	254.364	6.238	384	250	1	7	10	8
198.932	628.967	8254	4570	2943394	356.602	172.341	307.000	200	1771	458.836	286.229	5.839	7.075	2.892	6.866	461.007	288.893	6.011	416	250	1	87	79	8
0.313	3.791	13	13	2723	209.462	7.763	205.000	203	228	445.231	251.538	2.615	0.532	0.256	0.559	445.231	251.544	2.600	445	251	1	2	2	5
0.651	5.308	27	25	7273	269.370	62.099	252.000	201	440	392.926	257.926	1.963	0.440	0.126	0.461	392.906	257.902	1.875	392	256	1	3	4	4
1.904	11.673	79	60	26758	338.709	135.428	293.000	200	735	465.684	256.835	4.405	0.761	0.272	0.719	465.662	256.805	4.378	464	255	1	4	5	7
13.111	63.476	544	391	180321	331.472	142.029	282.000	200	1100	399.899	265.434	6.162	1.712	0.749	1.636	400.421	265.033	6.232	385	259	1	24	15	8
0.651	6.084	27	27	6507	241.000	25.435	241.000	201	296	487.778	265.037	1.963	0.495	0.170	0.503	487.697	265.076	1.956	486	264	1	5	3	4
7.062	38.316	293	208	111052	379.017	188.593	318.000	200	1177	494.758	281.123	4.485	1.250	0.385	1.290	494.546	281.441	4.493	491	274	1	10	13	8
5.616	23.188	233	148	140127	601.403	424.614	425.000	200	1963	114.489	284.549	4.850	1.110	0.312	1.108	114.420	284.490	4.311	112	282	1	6	7	8
15.449	54.422	641	358	275011	429.034	228.648	350.000	200	1555	503.587	292.886	4.796	1.513	0.348	1.510	503.585	293.338	4.688	497	285	1	14	15	8
60.494	223.245	2510	1510	998568	397.836	237.100	317.000	200	2539	179.759	296.641	5.404	3.059	1.308	2.932	180.134	296.163	5.356	162	279	1	45	36	8
4.121	26.132	171	141	50902	297.673	90.227	274.000	200	690	121.035	296.140	5.012	1.123	0.399	1.185	121.066	296.214	4.812	116	293	1	10	8	8
8.532	42.320	354	250	148854	420.492	257.922	330.000	200	1524	104.610	309.955	4.732	1.409	0.476	1.449	105.094	309.739	4.523	98	304	1	14	13	8
1.398	11.532	58	50	13662	235.552	30.701	230.000	200	345	91.448	315.793	4.655	0.904	0.409	0.936	91.475	315.774	4.603	89	314	1	6	5	8
8.773	37.931	364	235	95324	261.879	43.064	256.500	200	418	73.728	321.390	3.648	1.275	0.345	1.251	73.729	321.276	3.560	68	317	1	12	10	8
2911.242	6927.765	120792	55588	53759624	445.059	310.999	341.000	200	3502	58.858	394.237	15.819	13.977	6.850	12.972	60.852	390.902	14.752	0	301	1	134	211	30
0.313	4.091	13	13	2733	210.231	10.879	205.000	201	231	65.231	334.462	1.538	0.418	0.185	0.379	65.213	334.478	1.536	64	332	1	4	5	3
0.675	5.238	28	26	6079	217.107	11.147	216.000	202	244	14.893	382.500	1.821	0.443	0.099	0.440	14.893	382.499	1.798	14	381	1	3	4	3
0.723	5.521	30	30	7299	243.300	36.961	247.500	202	328	7.800	392.400	1.400	0.424	0.117	0.430	7.760	392.413	1.370	6	391	1	5	4	2
0.482	4.814	20	20	5212	260.600	45.092	250.000	200	345	6.450	409.950	3.450	0.448	0.201	0.351	6.452	409.952	3.453	6	409	1	2	3	5
0.313	3.139	13	13	2968	228.308	21.865	223.000	202	275	462.385	263.538	3.000	0.346	0.120	0.418	462.381	263.566	3.004	461	263	2	3	2	3
0.578	5.519	24	22	6142	255.917	48.030	239.000	201	365	494.125	271.708	4.000	0.488	0.194	0.466	494.153	271.693	4.008	493	271	2	3	3	5
1.952	11.462	81	61	35247	435.148	212.316	358.000	202	1077	316.173	223.259	6.123	0.715	0.191	0.698	316.134	223.232	6.226	314	221	3	5	5	6
0.506	5.519	21	21	4583	218.238	11.631	221.000	200	234	377.762	251.000	6.143	0.571	0.312	0.458	377.767	250.997	6.130	377	250	3	3	3	6
2.531	14.724	105	74	45045	429.000	201.239	406.000	200	979	478.419	260.257	5.990	0.797	0.208	0.796	478.425	260.301	6.113	476	258	3	6	6	6
0.675	6.418	28	28	6222	222.214	21.603	214.500	200	274	105.393	301.250	5.500	0.581	0.287	0.602	105.398	301.226	5.544	104	300	3	3	4	6
7.086	43.953	294	244	79624	270.830	67.319	250.500	200	537	156.173	313.289	6.748	1.321	0.553	1.261	155.932	313.389	6.806	149	305	3	19	16	6
0.795	6.789	33	29	8130	246.364	36.787	242.000	201	307	423.909	233.606	6.455	0.543	0.186	0.576	423.887	233.596	6.482	422	232	4	4	4	5
1.157	8.570	48	41	17770	370.208	147.508	344.000	202	765	129.083	286.875	6.729	0.578	0.161	0.565	129.083	286.853	6.874	127	285	4	5	5	5
1.109	7.935	46	38	15457	336.022	123.461	315.000	203	625	59.826	379.457	6.587	0.574	0.160	0.567	59.830	379.461	6.628	58	378	4	4	4	5
3.953	21.236	164	128	57169	348.591	130.062	318.500	200	963	304.762	232.018	6.970	0.998	0.375	0.934	304.474	232.144	7.105	298	229	5	13	8	4
1.060	7.724	44	37	18789	427.023	212.725	375.000	200	1061	436.364	244.409	6.977	0.543	0.128	0.538	436.334	244.329	7.190	434	243	5	5	4	4
0.795	6.331	33	29	9215	279.242	74.555	237.000	204	405	161.515	249.545	6.970	0.509	0.133	0.441	161.520	249.541	7.020	160	248	5	4	4	4
1.518	10.812	63	56	22219	352.683	159.247	296.000	200	921	402.254	253.476	7.317	0.654	0.232	0.633	402.026	253.587	7.399	399	251	5	9	6	4
0.554	5.238	23	22	5559	241.696	41.751	230.000	200	360	380.652	262.174	7.130	0.444	0.153	0.454	380.688	262.175	7.219	379	261	5	4	3	4
1.012	8.042	42	37	10844	258.190	51.792	248.500	200	418	368.119	264.119	6.881	0.564	0.167	0.530	368.041	264.127	6.969	365	263	5	6	4	4
0.289	2.821	12	12	2906	242.167	27.620	239.000	200	296	133.500	265.500	6.000	0.344	0.124	0.428	133.473	265.537	5.984	133	265	5	2	2	3
1.374	10.177	57	52	15534	272.526	75.596	244.000	202	538	373.982	266.193	7.316	0.605	0.193	0.587	373.872	266.390	7.405	371	263	5	6	7	4
1.591	11.568	66	57	17252	261.394	50.287	243.500	200	397	122.500	275.379	6.758	0.683	0.214	0.703	122.473	275.407	6.736	120	272	5	7	7	4
0.241	2.627	10	10	2338	233.800	12.182	232.500	218	258	438.600	284.500	6.200	0.320	0.121	0.350	438.600	284.503	6.197	438	284	5	2	2	3
1.229	9.116	51	44	16246	318.549	91.401	300.000	200	592	3.137	402.039	7.882	0.665	0.277	0.576	3.122	402.041	7.916	2	401	5	4	3	7
0.458	4.462	19	18	5320	280.000	65.580	255.000	203	435	332.632	219.211	7.526	0.374	0.098	0.381	332.658	219.220	7.567	331	218	6	4	4	3
0.916	6.437	38	34	15838	416.789	189.624	350.000	203	943	296.474	227.737	7.237	0.484	0.090	0.496	296.438	227.696	7.393	295	226	6	4	5	3
0.482	4.409	20	19	6169	308.450	95.538	289.000	204	524	443.750	239.850	7.300	0.388	0.097	0.392	443.730	239.820	7.402	442	239	6	4	3	3
0.506	4.409	21	20	6669	317.571	86.553	287.000	203	468	243.190	258.286	7.238	0.398	0.100	0.395	243.251	258.292	7.250	242	257	6	3	4	3
0.506	4.726	21	20	5194	247.333	39.463	239.000	201	321	362.476	260.048	7.286	0.408	0.116	0.397	362.486	260.054	7.290	361	259	6	4	4	3
0.795	6.049	33	29	9702	294.000	91.880	258.000	200	510	396.576	276.394	7.364	0.464	0.093	0.450	396.561	276.395	7.457	395	275	6	5	4	3
3.519	20.243	146	99	41088	281.425	88.999	257.000	200	624	5.808	482.829	10.205	0.954	0.342	0.886	5.928	482.961	10.007	2	480	6	8	6	9
0.289	3.245	12	12	2977	248.083	34.757	243.500	201	318	357.583	261.000	7.750	0.313	0.089	0.307	357.538	260.969	7.753	356	260	7	4	3	2
0.313	3.369	13	13	4145	318.846	101.645	291.000	203	540	425.769	293.077	7.769	0.318	0.091	0.319	425.776	293.105	7.816	424	292	7	4	3	2
0.506	5.010	21	21	5890	280.476	91.534	248.000	201	490	440.667	294.619	7.810	0.437	0.183	0.418	440.715	294.830	7.846	439	291	7	4	7	2
0.337	3.439	14	14	3383	241.643	26.386	239.000	207	295	112.000	320.357	7.643	0.325	0.077	0.327	111.993	320.368	7.654	111	319	7	3	4	2
0.289	3.122	12	12	3379	281.583	69.175	277.000	200	374	139.667	331.333	7.667	0.311	0.078	0.319	139.616	331.384	7.673	138	330	7	4	3	2
0.241	2.487	10	10	2376	237.600	26.630	241.500	206	279	77.500	382.800	7.600	0.289	0.056	0.282	77.499	382.786	7.616	77	382	7	2	3	2
0.627	5.521	26	26	7776	299.077	76.108	265.000	201	455	67.077	388.654	7.692	0.450	0.160	0.434	67.055	388.665	7.745	65	387	7	6	4	2
0.362	3.599	15	15	3461	230.733	25.277	226.000	204	285	448.400	299.267	8.000	0.373	0.144	0.393	448.392	299.309	8.000	447	297	8	4	5	1
0.337	3.403	14	14	3430	245.000	32.406	243.000	208	304	3.500	412.571	10.714	0.404	0.176	0.336	3.507	412.608	10.730	3	412	9	2	2	4
0.554	4.515	23	23	6072	264.000	55.454	259.000	202	395	332.435	219.304	10.435	0.379	0.091	0.407	332.446	219.292	10.406	331	218	10	4	4	2
0.362	3.316	15	15	4392	292.800	74.195	277.000	203	470	274.067	222.800	10.533	0.325	0.064	0.341	274.038	222.772	10.583	273	222	10	3	3	2
0.458	3.757	19	19	4811	253.211	35.410	255.000	203	338	329.105	223.947	10.474	0.353	0.084	0.343	329.091	223.959	10.461	328	223	10	4	3	2
0.892	6.226	37	37	15289	413.216	183.811	361.000	203	919	296.216	227.838	10.486	0.454	0.123	0.484	296.223	227.763	10.426	294	226	10	5	5	2
2.916	16.636	121	121	48744	402.843	181.842	360.000	200	1167	303.983	232.413	10.488	0.910	0.387	0.872	303.368	232.745	10.456	298	228	10	13	9	2
0.795	6.139	33	33	10170	308.182	92.486	272.000	202	538	401.121	231.061	10.303	0.448	0.134	0.454	401.105	231.100	10.237	399	229	10	5	5	2
0.675	4.956	28	28	13470	481.071	230.834	408.000	201	999	278.607	232.393	10.536	0.405	0.099	0.425	278.561	232.318	10.592	277	231	10	4	4	2
0.434	3.951	18	18	4767	264.833	49.484	256.000	206	369	384.222	232.222	10.556	0.349	0.080	0.354	384.244	232.241	10.591	383	231	10	4	4	2
0.362	3.563	15	15	4355	290.333	80.226	276.000	201	472	207.933	237.733	10.667	0.331	0.081	0.341	207.924	237.733	10.721	207	236	10	3	4	2
1.012	7.285	42	42	13670	325.476	108.971	294.500	201	597	412.333	241.143	10.619	0.491	0.151	0.495	412.308	241.217	10.670	410	238	10	5	7	2
0.458	4.198	19	19	5790	304.737	82.707	295.000	203	478	202.632	241.158	10.632	0.358	0.090	0.359	202.582	241.132	10.694	201	240	10	4	4	2
2.868	19.881	119	119	30919	259.824	48.415	250.000	200	482	354.941	245.714	10.395	1.001	0.457	0.992	354.762	245.672	10.378	348	240	10	13	13	2
0.868	5.839	36	36	15199	422.194	185.294	393.000	200	935	436.083	244.333	10.472	0.453	0.127	0.464	436.206	244.262	10.427	434	243	10	5	4	2
1.398	9.384	58	58	18230	314.310	85.958	298.000	201	549	194.569	245.603	10.534	0.618	0.249	0.591	194.459	245.586	10.551	191	243	10	9	6	2
0.241	2.804	10	10	2500	250.000	39.869	238.000	205	334	392.100	245.300	10.700	0.289	0.068	0.307	392.054	245.294	10.720	391	244	10	3	3	2
10.629	57.692	441	441	128647	291.717	94.363	267.000	200	805	366.422	260.374	10.528	1.911	0.760	1.937	367.107	260.984	10.530	355	247	10	23	25	2
1.036	7.690	43	43	10869	252.767	37.049	244.000	204	363	414.419	249.860	10.488	0.576	0.220	0.524	414.327	249.870	10.479	411	248	10	8	4	2
42.153	164.705	1749	1749	588341	336.387	120.912	319.000	200	1160	444.575	266.169	10.491	3.352	1.650	3.135	446.441	266.529	10.488	421	250	10	56	33	2
2.290	14.006	95	95	27958	294.295	82.433	273.000	202	639	401.379	253.411	10.505	0.854	0.405	0.749	401.415	253.442	10.470	395	251	10	13	6	2
9.857	48.343	409	409	208110	508.826	375.472	380.000	200	2312	393.279	262.487	10.509	1.861	0.833	1.875	395.277	263.293	10.524	379	251	10	28	19	2
0.578	4.198	24	24	10574	440.583	174.081	418.500	217	762	349.500	255.000	10.500	0.385	0.094	0.380	349.516	254.970	10.512	348	254	10	4	3	2
0.482	4.074	20	20	5646	282.300	49.561	277.500	211	408	380.900	262.100	10.450	0.359	0.084	0.355	380.907	262.096	10.433	379	261	10	4	4	2
0.434	4.268	18	18	4423	245.722	35.451	243.500	205	307	476.333	267.833	10.611	0.373	0.128	0.362	476.260	267.799	10.604	475	266	10	5	4	2
0.940	7.496	39	39	8510	218.205	13.413	217.000	200	245	127.692	270.846	10.436	0.547	0.242	0.495	127.719	270.821	10.444	124	268	10	7	7	2
0.265	2.857	11	11	3452	313.818	87.606	301.000	211	500	348.091	268.000	10.818	0.296	0.091	0.320	348.145	267.991	10.857	347	267	10	3	3	2
0.289	3.034	12	12	2595	216.250	10.208	215.000	203	232	421.250	270.417	10.000	0.326	0.118	0.350	421.249	270.432	10.000	420	269	10	4	4	1
1.085	7.232	45	45	16044	356.533	146.947	299.000	204	712	495.822	275.756	10.533	0.500	0.150	0.515	496.049	275.762	10.541	493	274	10	6	5	2
1.711	13.211	71	71	19556	275.437	69.450	260.000	200	521	395.915	280.014	10.549	0.868	0.327	0.812	395.995	279.839	10.518	393	275	10	7	12	2
77.004	273.732	3195	3195	1688675	528.537	358.601	388.000	200	2240	470.039	307.744	10.518	4.446	2.095	4.182	472.492	311.210	10.533	435	278	10	68	54	2
24.873	100.500	1032	1032	495314	479.955	336.258	370.500	200	2215	190.302	291.966	10.523	2.468	1.093	2.469	191.138	291.089	10.515	178	279	10	37	34	2
0.940	7.763	39	39	8955	229.615	21.980	228.000	200	270	417.256	286.000	10.846	0.548	0.192	0.564	417.250	285.988	10.863	414	284	10	7	6	2
0.241	2.681	10	10	2349	234.900	34.527	217.000	202	286	506.300	284.700	10.600	0.290	0.058	0.296	506.329	284.685	10.638	505	284	10	3	3	2
0.362	3.880	15	15	4172	278.133	68.750	266.000	200	423	129.200	287.133	10.267	0.336	0.094	0.350	129.177	287.084	10.208	128	286	10	4	4	2
0.627	5.591	26	26	7020	270.000	54.068	262.500	203	392	431.577	287.731	10.654	0.433	0.149	0.436	431.549	287.611	10.625	430	286	10	4	6	2
0.265	2.928	11	11	2553	232.091	28.926	226.000	200	287	502.000	286.727	10.273	0.304	0.084	0.325	501.991	286.699	10.253	501	286	10	3	3	2
0.337	3.439	14	14	4001	285.786	72.503	263.000	201	465	157.000	289.000	10.643	0.318	0.068	0.353	156.951	288.990	10.667	156	288	10	3	3	2
0.819	5.909	34	34	16324	480.118	238.044	400.000	204	1020	425.676	293.176	10.529	0.439	0.117	0.462	425.697	293.161	10.512	424	291	10	5	5	2
0.241	2.681	10	10	2282	228.200	22.140	222.000	204	258	124.500	293.000	10.500	0.296	0.056	0.340	124.500	293.011	10.497	124	292	10	2	3	2
1.808	11.837	75	75	22346	297.947	84.423	286.000	201	567	503.200	296.467	10.413	0.707	0.329	0.672	503.389	296.662	10.394	498	292	10	10	9	2
1.036	7.496	43	43	12626	293.628	62.935	280.000	201	431	118.628	297.674	10.465	0.538	0.196	0.508	118.636	297.703	10.451	116	295	10	6	6	2
1.205	9.103	50	50	18329	366.580	188.309	286.500	210	973	138.400	299.360	10.720	0.676	0.308	0.663	138.339	298.759	10.741	136	296	10	5	10	2
0.506	4.392	21	21	5835	277.857	61.053	268.000	204	416	496.429	301.333	10.571	0.368	0.086	0.401	496.384	301.310	10.545	495	300	10	4	4	2
1.832	14.729	76	76	28725	377.961	236.465	271.000	201	1208	113.671	308.184	10.592	0.862	0.374	0.835	113.677	307.233	10.640	111	302	10	6	15	2
0.578	5.591	24	24	5478	228.250	22.425	224.500	200	283	507.458	307.833	10.708	0.473	0.234	0.445	507.409	307.761	10.695	506	306	10	6	6	2
2.000	11.961	83	83	30757	370.566	134.046	336.000	200	758	102.145	311.434	10.494	0.698	0.273	0.670	102.166	311.477	10.492	98	308	10	9	8	2
10.629	59.650	441	441	164390	372.766	208.313	312.000	200	1651	151.245	320.213	10.531	2.129	0.984	2.053	150.978	320.021	10.554	139	308	10	29	29	2
1.181	9.067	49	49	14402	293.918	105.337	247.000	200	585	506.551	318.959	10.633	0.601	0.225	0.581	506.730	319.313	10.638	504	315	10	6	8	2
0.410	3.951	17	17	3682	216.588	15.199	212.000	200	253	113.941	320.471	10.412	0.370	0.118	0.348	113.891	320.471	10.396	112	319	10	5	3	2
0.386	3.757	16	16	4988	311.750	87.022	295.000	207	529	149.062	326.938	10.625	0.337	0.082	0.349	149.058	326.923	10.699	148	326	10	4	3	2
0.506	4.692	21	21	4825	229.762	27.107	223.000	200	297	65.810	331.619	10.762	0.399	0.131	0.409	65.812	331.625	10.779	64	330	10	4	5	2
0.506	4.569	21	21	5364	255.429	50.251	242.000	203	356	44.238	352.524	10.286	0.382	0.112	0.388	44.253	352.537	10.242	42	351	10	5	4	2
0.530	4.392	22	22	6591	299.591	65.352	282.500	211	428	54.409	381.182	10.545	0.383	0.105	0.384	54.435	381.107	10.527	53	380	10	4	4	2
1.446	9.190	60	60	21269	354.483	111.634	332.500	200	608	67.450	388.150	10.517	0.576	0.191	0.585	67.444	388.272	10.493	64	385	10	8	6	2
0.265	3.015	11	11	2502	227.455	24.258	219.000	205	271	30.545	459.364	11.364	0.354	0.157	0.297	30.528	459.335	11.358	30	459	10	2	2	4
0.410	4.021	17	17	4477	263.353	44.556	251.000	202	333	326.529	212.882	13.471	0.345	0.082	0.353	326.508	212.867	13.475	325	211	13	4	4	2
0.313	3.122	13	13	3367	259.000	50.730	243.000	201	377	273.846	222.769	13.385	0.314	0.067	0.324	273.851	222.760	13.341	273	222	13	3	3	2
2.386	16.088	99	99	33576	339.152	136.081	299.000	202	805	386.303	229.606	13.556	1.030	0.420	1.029	386.322	229.681	13.598	380	224	13	12	11	2
0.554	4.198	23	23	7928	344.696	109.096	351.000	202	570	366.435	228.043	13.478	0.380	0.093	0.358	366.409	228.007	13.478	365	227	13	4	3	2
0.940	7.285	39	39	9851	252.590	40.651	243.000	200	349	306.000	231.667	13.333	0.479	0.145	0.489	306.028	231.687	13.305	304	229	13	5	6	2
0.313	3.316	13	13	3260	250.769	49.109	235.000	203	371	333.077	230.923	13.615	0.313	0.065	0.333	333.079	230.925	13.631	332	230	13	3	3	2
0.699	4.956	29	29	11846	408.483	164.912	362.000	207	822	278.552	232.448	13.483	0.411	0.104	0.435	278.526	232.396	13.402	277	231	13	4	4	2
0.241	2.593	10	10	2244	224.400	17.796	220.000	204	250	300.000	234.200	13.000	0.291	0.113	0.308	299.970	234.205	13.000	299	233	13	3	4	1
0.675	5.344	28	28	10105	360.893	125.427	342.500	208	649	325.750	236.857	13.536	0.415	0.115	0.408	325.822	236.871	13.546	324	235	13	4	5	2
0.578	5.097	24	24	8875	369.792	125.421	370.500	202	672	208.083	238.083	13.458	0.388	0.102	0.390	208.068	238.054	13.439	206	236	13	5	5	2
3.254	19.353	135	135	69095	511.815	316.445	397.000	200	1628	409.289	239.400	13.556	1.044	0.426	1.034	410.008	239.867	13.582	401	236	13	15	9	2
2.458	15.717	102	102	37164	364.353	177.129	302.000	200	993	198.353	243.686	13.471	1.012	0.442	1.028	199.218	243.166	13.481	192	239	13	14	10	2
0.892	6.226	37	37	20427	552.081	282.780	432.000	205	1239	228.135	240.784	13.514	0.453	0.121	0.483	228.058	240.738	13.538	226	239	13	5	5	2
0.241	2.734	10	10	2667	266.700	55.366	236.500	215	360	282.200	240.900	13.800	0.288	0.085	0.309	282.228	240.865	13.838	281	240	13	3	3	2
0.482	4.268	20	20	5754	287.700	65.174	283.000	202	442	348.750	245.150	13.450	0.361	0.086	0.361	348.743	245.140	13.411	347	244	13	4	4	2
0.482	3.951	20	20	5017	250.850	43.955	241.500	200	344	391.500	245.200	13.500	0.362	0.084	0.377	391.518	245.210	13.485	390	244	13	4	3	2
0.868	6.474	36	36	18119	503.306	269.473	442.500	208	1222	288.667	246.972	13.583	0.453	0.127	0.471	288.565	246.966	13.638	286	245	13	6	5	2
0.627	5.344	26	26	6504	250.154	34.219	245.500	201	335	367.038	248.346	13.423	0.428	0.134	0.423	367.066	248.346	13.395	365	247	13	5	4	2
0.313	3.122	13	13	3113	239.462	23.856	241.000	201	277	412.000	248.769	13.462	0.319	0.068	0.330	411.959	248.756	13.464	411	248	13	3	3	2
10.074	51.940	418	418	196109	469.160	443.252	300.500	200	2616	392.706	260.990	13.490	2.119	0.843	2.086	394.544	262.476	13.475	379	250	13	27	20	2
0.265	2.928	11	11	3102	282.000	66.227	262.000	207	419	188.818	251.818	13.727	0.297	0.075	0.316	188.779	251.835	13.769	188	251	13	3	3	2
0.723	6.086	30	30	10665	355.500	137.726	309.500	201	701	334.767	251.600	13.700	0.442	0.141	0.441	334.820	251.640	13.772	332	249	13	6	5	2
39.165	161.238	1625	1625	484006	297.850	63.473	296.000	200	618	444.454	265.825	13.489	3.308	1.609	3.117	444.549	265.693	13.478	423	251	13	53	31	2
0.482	3.951	20	20	5572	278.600	50.180	277.500	207	379	460.000	253.500	13.500	0.364	0.089	0.340	460.001	253.529	13.492	459	252	13	3	4	2
16.991	87.160	705	705	212925	302.021	106.905	275.000	200	961	359.926	263.549	13.542	2.342	1.034	2.478	359.231	263.538	13.543	342	253	13	35	22	2
0.482	4.074	20	20	5353	267.650	42.946	264.000	204	348	395.500	254.100	13.450	0.363	0.087	0.358	395.473	254.103	13.455	394	253	13	4	3	2
0.506	4.692	21	21	7058	336.095	102.218	299.000	205	595	328.667	256.429	13.762	0.396	0.134	0.376	328.629	256.486	13.820	327	255	13	5	4	2
0.337	3.316	14	14	3157	225.500	16.538	226.500	202	254	378.000	257.857	13.571	0.320	0.065	0.333	377.969	257.838	13.578	377	257	13	3	3	2
1.060	7.479	44	44	16800	381.818	174.860	330.000	205	843	239.909	260.773	13.591	0.518	0.188	0.525	240.051	260.991	13.597	238	257	13	5	7	2
0.337	3.192	14	14	3688	263.429	54.554	245.500	200	363	171.714	262.000	13.500	0.317	0.059	0.324	171.692	261.960	13.516	171	261	13	3	3	2
0.482	4.515	20	20	5078	253.900	34.658	251.500	201	315	162.100	267.150	13.650	0.402	0.131	0.385	162.119	267.150	13.684	161	265	13	3	5	2
1.157	8.749	48	48	20794	433.208	243.646	348.500	202	1078	155.542	269.438	13.625	0.564	0.241	0.537	155.681	268.990	13.614	153	267	13	6	8	2
0.386	3.757	16	16	4264	266.500	64.681	238.500	201	384	167.625	267.938	13.625	0.341	0.087	0.345	167.600	267.980	13.679	166	266	13	4	4	2
0.651	5.979	27	27	5709	211.444	6.801	210.000	201	225	128.296	270.852	13.444	0.491	0.218	0.459	128.301	270.848	13.439	124	270	13	8	3	2
0.241	2.804	10	10	2383	238.300	22.935	234.000	206	278	243.900	271.700	13.700	0.289	0.068	0.307	243.908	271.682	13.716	243	271	13	3	3	2
0.699	5.521	29	29	10958	377.862	156.636	341.000	207	735	195.483	274.931	13.621	0.422	0.119	0.441	195.478	274.877	13.712	194	273	13	4	5	2
0.795	6.086	33	33	8461	256.394	54.944	237.000	200	400	495.939	275.212	13.424	0.452	0.141	0.442	495.999	275.273	13.363	494	273	13	5	5	2
0.723	6.032	30	30	11464	382.133	171.874	333.500	206	866	165.567	276.333	13.633	0.444	0.156	0.439	165.438	276.270	13.699	163	274	13	6	6	2
29.476	111.396	1223	1223	562738	460.129	254.934	385.000	200	1909	193.868	291.115	13.518	2.677	1.172	2.654	194.473	291.427	13.515	180	276	13	36	38	2
2.410	17.271	100	100	38696	386.960	196.966	316.000	202	1082	241.100	281.160	13.660	0.900	0.354	0.912	241.194	281.757	13.657	237	275	13	10	13	2
0.362	3.439	15	15	3443	229.533	26.565	220.000	200	296	394.067	279.933	13.400	0.325	0.068	0.330	394.055	279.922	13.380	393	279	13	3	3	2
0.410	4.074	17	17	4018	236.353	25.352	234.000	204	285	453.647	281.765	13.529	0.363	0.108	0.368	453.645	281.753	13.528	452	281	13	5	3	2
0.940	6.474	39	39	15018	385.077	166.655	342.000	200	875	164.385	283.949	13.538	0.470	0.138	0.480	164.294	284.173	13.583	162	281	13	5	6	2
4.459	25.862	185	185	58569	316.589	92.620	299.000	200	537	418.627	288.578	13.514	1.176	0.524	1.168	418.369	288.269	13.537	412	283	13	16	13	2
0.723	5.080	30	30	9176	305.867	86.105	275.000	203	495	395.400	285.500	13.500	0.416	0.105	0.432	395.290	285.539	13.495	394	284	13	4	4	2
0.362	3.316	15	15	4003	266.867	44.489	258.000	210	365	506.200	284.933	13.467	0.325	0.064	0.341	506.220	284.936	13.435	505	284	13	3	3	2
1.133	8.255	47	47	14210	302.340	95.409	271.000	200	528	138.277	288.532	13.553	0.561	0.209	0.525	138.292	288.379	13.558	137	285	13	4	8	2
96.236	331.082	3993	3993	2226416	557.580	367.483	408.000	200	2399	469.512	308.561	13.511	4.948	2.400	4.612	470.144	311.442	13.512	430	285	13	82	52	2
0.241	2.928	10	10	2413	241.300	33.579	233.000	205	303	144.500	287.000	13.800	0.288	0.083	0.289	144.507	287.012	13.806	143	286	13	4	3	2
0.434	3.757	18	18	5786	321.444	82.154	309.500	210	527	146.167	293.944	13.556	0.346	0.076	0.350	146.148	293.970	13.626	145	293	13	4	3	2
5.134	30.237	213	213	94932	445.690	261.790	362.000	200	1569	137.962	302.643	13.540	1.230	0.560	1.201	137.969	302.177	13.546	130	295	13	15	18	2
0.482	4.074	20	20	5648	282.400	59.929	271.000	200	429	105.100	296.900	13.550	0.359	0.084	0.355	105.120	296.904	13.589	104	295	13	4	4	2
0.241	3.122	10	10	2220	222.000	18.427	218.500	200	249	119.100	297.300	13.200	0.335	0.139	0.328	119.095	297.303	13.185	118	296	13	4	4	2
0.410	4.375	17	17	3674	216.118	17.251	210.000	200	255	504.941	297.000	13.118	0.433	0.192	0.433	504.974	297.022	13.110	502	296	13	6	4	2
1.422	10.742	59	59	13141	222.729	21.810	216.000	200	303	496.610	303.000	13.458	0.750	0.348	0.678	496.479	303.075	13.448	492	301	13	12	6	2
1.109	8.451	46	46	11351	246.761	36.281	240.500	200	326	163.239	308.043	13.804	0.549	0.195	0.522	163.249	308.027	13.830	160	305	13	7	7	2
16.027	82.308	665	665	259350	390.000	200.149	324.000	200	1460	153.732	323.141	13.498	2.306	1.102	2.228	152.740	323.576	13.507	140	310	13	38	29	2
0.578	5.856	24	24	5364	223.500	14.821	220.500	202	254	181.375	318.292	13.625	0.478	0.191	0.447	181.381	318.310	13.638	179	316	13	5	6	2
0.916	7.055	38	38	12872	338.737	109.091	312.500	206	679	126.026	322.474	13.553	0.544	0.198	0.547	126.238	322.499	13.590	123	321	13	7	4	2
0.265	2.981	11	11	3445	313.182	78.761	326.000	208	444	451.818	321.000	13.909	0.300	0.107	0.323	451.779	321.019	13.940	450	320	13	4	3	2
0.530	4.762	22	22	6549	297.682	100.795	257.500	201	535	507.909	326.455	13.682	0.380	0.102	0.390	507.878	326.415	13.737	506	325	13	5	4	2
1.301	8.502	54	54	17648	326.815	98.415	315.500	202	549	65.296	331.519	13.519	0.547	0.176	0.533	65.287	331.507	13.533	62	329	13	7	6	2
0.434	4.198	18	18	5272	292.889	91.265	264.500	205	509	500.722	334.222	13.667	0.353	0.090	0.359	500.754	334.204	13.736	499	333	13	4	4	2
0.289	3.492	12	12	2532	211.000	11.298	204.500	201	227	42.000	367.167	13.083	0.339	0.143	0.325	42.013	367.177	13.080	40	366	13	5	4	2
0.265	2.911	11	11	2288	208.000	5.020	206.000	200	217	42.455	373.182	13.000	0.318	0.121	0.324	42.460	373.181	13.000	41	372	13	4	4	1
0.844	7.688	35	32	7486	213.886	11.108	209.000	202	242	31.371	475.971	15.029	0.559	0.201	0.504	31.359	475.960	15.025	30	474	13	5	5	5
0.265	3.015	11	11	2448	222.545	13.692	223.000	201	242	6.455	487.364	14.636	0.354	0.157	0.297	6.454	487.358	14.641	6	487	13	2	2	4
0.289	3.034	12	12	2913	242.750	34.166	233.000	201	295	223.417	286.250	14.000	0.326	0.118	0.350	223.414	286.274	14.000	222	285	14	4	4	1
0.337	3.403	14	14	3193	228.071	9.747	229.000	209	240	30.571	479.500	15.714	0.404	0.176	0.336	30.567	479.504	15.744	30	479	14	2	2	4
0.313	3.456	13	12	2849	219.154	20.161	211.000	201	268	306.231	215.923	17.231	0.358	0.097	0.338	306.231	215.929	17.227	305	215	16	3	3	3
8.869	30.524	368	209	197285	536.101	333.456	427.000	200	1721	388.832	227.492	19.440	1.254	0.278	1.292	388.857	227.784	19.079	386	223	16	7	10	8
2.603	18.498	108	88	31703	293.546	89.279	265.500	201	581	326.815	234.620	17.991	1.067	0.441	0.987	326.817	234.359	18.055	325	231	16	5	12	7
0.554	4.779	23	22	7677	333.783	107.909	324.000	201	631	381.043	233.043	16.565	0.401	0.107	0.391	381.030	233.022	16.466	379	232	16	5	3	3
10.098	42.308	419	268	172276	411.160	239.358	321.000	200	1475	409.561	238.690	18.010	1.387	0.482	1.380	409.650	238.718	17.619	400	234	16	17	11	7
1.181	8.342	49	42	15737	321.163	126.656	275.000	202	720	228.286	240.286	16.776	0.541	0.111	0.540	228.225	240.398	16.625	226	238	16	5	6	3
0.723	5.679	30	27	8934	297.800	82.930	270.000	203	508	282.167	240.667	16.767	0.454	0.092	0.450	282.187	240.707	16.677	281	239	16	4	4	3
3.302	19.273	137	103	41980	306.423	112.800	261.000	200	705	310.781	241.022	18.088	0.887	0.242	0.901	310.925	241.020	18.040	306	239	16	9	6	6
4.724	27.245	196	148	61684	314.714	100.220	284.500	200	644	198.413	244.781	18.663	1.177	0.447	1.135	198.439	244.725	18.486	195	240	16	10	10	8
5.591	25.463	232	146	91620	394.914	259.119	280.000	200	1546	289.009	247.918	18.914	1.110	0.316	1.110	288.884	247.714	18.249	286	244	16	7	9	8
0.265	2.874	11	11	2416	219.636	15.233	215.000	203	255	391.727	245.455	16.545	0.323	0.111	0.287	391.739	245.447	16.530	391	245	16	3	2	3
31.597	141.428	1311	952	405418	309.243	105.720	280.000	200	917	301.621	261.192	21.447	2.556	1.099	2.516	301.445	261.027	21.489	284	245	16	31	38	8
152.031	363.104	6308	2743	2364490	374.840	188.861	323.000	200	2163	342.338	266.282	19.972	3.870	1.410	3.792	341.499	265.248	19.798	316	246	16	58	41	8
77.558	201.837	3218	1458	881668	273.980	96.089	247.000	200	1263	387.589	260.385	19.727	2.720	0.770	2.791	387.937	260.468	19.615	374	247	16	30	32	8
83.752	256.312	3475	1844	890020	256.121	51.246	243.000	200	607	443.852	264.777	18.593	3.372	1.398	3.203	443.994	264.774	18.583	424	249	16	49	33	8
0.651	5.114	27	25	8767	324.704	101.085	303.000	203	590	188.778	252.000	16.889	0.433	0.090	0.444	188.763	251.960	16.772	187	251	16	4	3	3
2.820	18.148	117	104	29526	252.359	50.519	232.000	200	443	367.709	257.137	16.974	0.911	0.321	0.933	367.718	257.235	16.896	364	252	16	9	11	5
2.675	17.705	111	90	27710	249.640	42.353	233.000	200	371	463.018	251.360	20.198	0.991	0.435	0.966	463.102	251.273	20.342	459	248	16	8	8	8
7.013	30.861	291	194	86699	297.935	86.623	273.000	200	715	240.632	259.540	19.405	1.231	0.366	1.318	240.600	259.570	19.151	237	255	16	9	10	8
40.225	149.611	1669	965	625255	374.629	166.456	324.000	200	1180	157.001	274.136	19.742	2.987	1.176	3.099	157.421	273.680	19.699	143	260	16	31	32	8
1.036	9.821	43	43	9919	230.674	23.775	226.000	202	300	206.953	268.302	18.814	0.877	0.413	0.857	206.965	268.294	18.789	206	267	16	4	4	8
642.347	1500.497	26652	12383	10035514	376.539	203.239	314.000	200	2512	216.733	290.223	23.934	7.535	4.045	6.969	215.271	290.864	23.602	149	255	16	139	89	15
2.145	18.672	89	83	18798	211.213	6.815	211.000	200	230	125.944	271.876	18.517	0.992	0.346	1.035	125.929	271.880	18.526	122	269	16	10	6	8
1.133	7.952	47	41	12548	266.979	49.180	251.000	203	400	230.638	271.085	17.851	0.595	0.194	0.547	230.657	271.078	17.779	229	270	16	4	3	5
4.049	18.621	168	108	80592	479.714	316.275	353.000	201	1620	165.268	276.155	18.536	0.919	0.186	0.928	165.261	276.140	18.066	162	273	16	7	7	7
1.085	8.675	45	41	12241	272.022	58.700	254.000	201	426	369.022	277.778	19.111	0.687	0.333	0.582	368.974	277.776	19.022	368	277	16	3	3	8
0.482	4.445	20	20	4838	241.900	36.648	240.500	200	321	442.400	279.400	16.300	0.372	0.103	0.388	442.411	279.398	16.290	441	278	16	4	4	2
840.894	1581.574	34890	14232	18798824	538.803	478.185	374.000	200	3746	463.215	312.332	22.572	7.464	3.527	6.897	464.923	316.594	22.887	393	280	16	119	71	15
1.181	9.928	49	46	12304	251.102	38.064	244.000	201	354	396.327	285.388	18.286	0.835	0.424	0.836	396.296	285.430	18.170	394	284	16	5	4	8
0.265	3.105	11	11	2605	236.818	29.437	238.000	201	281	138.636	287.091	16.000	0.323	0.133	0.314	138.617	287.096	16.000	137	285	16	4	5	1
0.916	7.089	38	33	13139	345.763	131.043	299.500	202	727	145.868	293.947	16.895	0.500	0.112	0.506	145.893	294.000	16.774	144	292	16	5	5	4
1.012	7.601	42	35	10645	253.452	53.306	238.000	200	398	104.952	296.381	17.000	0.533	0.131	0.494	104.974	296.405	16.916	103	295	16	5	4	4
15.256	66.009	633	405	195093	308.204	107.971	275.000	200	845	140.235	301.081	18.457	1.651	0.552	1.651	140.409	301.262	18.354	129	294	16	21	13	9
2.169	14.617	90	69	26261	291.789	84.596	260.500	200	561	125.267	297.722	19.422	0.851	0.340	0.772	125.181	297.740	19.275	123	296	16	6	5	8
9.158	30.810	380	201	126754	333.563	94.303	318.000	201	548	163.013	308.482	18.371	1.190	0.152	1.181	163.057	308.486	18.185	159	304	16	9	10	7
2.916	15.223	121	98	32024	264.661	48.536	251.000	200	379	507.661	310.620	16.835	0.758	0.180	0.753	507.658	310.591	16.773	505	307	16	7	9	4
1.856	10.352	77	58	34583	449.130	259.794	341.000	200	1397	139.026	309.909	17.377	0.659	0.106	0.629	138.985	309.983	17.066	137	308	16	5	5	5
69.291	215.605	2875	1477	1219080	424.028	250.714	333.000	200	1782	160.702	325.217	19.813	3.317	1.570	3.031	160.718	325.699	19.761	137	310	16	48	36	9
0.747	6.226	31	31	8710	280.968	69.984	264.000	200	497	126.484	322.548	16.387	0.506	0.197	0.460	126.536	322.560	16.323	123	321	16	7	4	2
1.398	8.660	58	51	15767	271.845	55.446	261.500	206	423	65.552	331.448	16.845	0.580	0.135	0.587	65.532	331.415	16.753	62	330	16	7	4	3
0.482	4.743	20	18	5396	269.800	54.047	261.000	201	389	19.100	376.200	17.100	0.419	0.129	0.440	19.136	376.238	17.069	18	375	16	3	3	4
2.603	14.617	108	77	49585	459.120	243.487	382.500	201	1248	318.880	271.963	20.648	0.837	0.256	0.783	318.852	271.923	20.700	317	270	17	5	5	7
0.265	3.139	11	11	2795	254.091	37.993	249.000	212	331	216.727	273.364	18.000	0.327	0.123	0.406	216.757	273.353	17.994	216	273	17	3	2	3
0.434	4.302	18	18	4690	260.556	34.099	266.000	203	304	269.389	238.444	20.333	0.463	0.210	0.463	269.422	238.451	20.324	268	238	18	3	2	5
1.639	10.262	68	54	20982	308.559	100.705	275.000	201	609	174.779	267.471	20.721	0.707	0.237	0.678	174.830	267.519	20.744	173	266	18	4	4	6
8.194	32.048	340	208	96746	284.547	64.256	273.000	200	478	492.674	279.512	21.421	1.129	0.220	1.122	492.683	279.439	21.581	486	273	18	12	13	6
0.578	5.519	24	21	5700	237.500	31.631	224.500	201	317	156.708	282.958	20.042	0.476	0.184	0.477	156.705	282.933	20.035	156	282	18	3	3	5
4.097	21.622	170	127	54519	320.700	109.889	288.500	200	714	400.824	293.547	21.465	0.922	0.240	0.953	400.615	293.575	21.652	396	291	18	11	7	6
0.362	3.456	15	15	3614	240.933	23.780	246.000	203	291	11.533	443.800	19.067	0.357	0.120	0.391	11.546	443.773	19.044	11	443	18	2	3	3
0.844	6.612	35	32	9203	262.943	46.530	257.000	200	392	418.914	236.171	21.057	0.556	0.208	0.503	418.905	236.179	21.044	418	235	19	3	3	5
0.313	3.209	13	13	3099	238.385	24.968	236.000	200	281	341.538	243.538	20.154	0.378	0.164	0.374	341.534	243.570	20.135	341	243	19	2	2	4
0.868	7.123	36	31	11443	317.861	85.843	304.000	212	518	471.917	253.361	21.333	0.560	0.190	0.575	471.916	253.374	21.423	471	252	19	3	4	5
0.434	4.620	18	18	3930	218.333	10.727	218.500	201	234	7.056	485.833	20.833	0.410	0.151	0.411	7.063	485.828	20.835	6	485	19	3	3	4
1.952	11.622	81	62	20802	256.815	53.308	239.000	200	422	231.753	255.988	21.728	0.678	0.134	0.688	231.703	256.011	21.821	230	253	20	5	7	4
0.482	4.232	20	20	5023	251.150	35.076	251.500	203	311	458.800	259.500	21.500	0.430	0.162	0.377	458.765	259.483	21.540	458	259	20	3	2	4
1.446	9.629	60	51	25842	430.700	213.355	355.000	201	1048	279.117	269.800	21.933	0.603	0.140	0.582	279.193	269.819	22.135	276	268	20	7	5	4
1.205	9.171	50	46	12155	243.100	30.820	238.000	202	313	468.980	284.560	22.220	0.584	0.189	0.553	468.981	284.548	22.269	467	282	20	6	6	4
1.470	11.108	61	54	19748	323.738	113.879	288.000	200	642	0.590	464.918	23.393	0.703	0.271	0.665	0.504	464.879	23.344	0	463	20	3	6	7
0.386	4.091	16	15	4221	263.812	58.816	262.500	200	407	346.875	229.000	22.312	0.387	0.104	0.367	346.900	228.997	22.347	346	228	21	3	3	3
0.434	4.021	18	17	5279	293.278	67.996	277.000	204	462	266.833	265.000	22.389	0.373	0.092	0.357	266.828	264.963	22.443	266	264	21	3	3	3
1.205	8.837	50	45	11887	237.740	28.822	233.000	200	306	434.520	281.080	22.360	0.542	0.131	0.546	434.513	281.070	22.399	432	278	21	6	7	3
0.723	5.979	30	28	8172	272.400	71.171	246.000	200	442	294.500	281.033	22.433	0.453	0.117	0.454	294.493	281.058	22.496	293	279	21	4	5	3
0.434	4.091	18	17	4465	248.056	39.937	234.500	201	330	458.778	281.222	22.222	0.394	0.103	0.408	458.747	281.233	22.271	458	280	21	3	3	3
0.386	3.968	16	15	4229	264.312	52.197	250.500	204	379	371.250	284.125	22.250	0.377	0.098	0.370	371.252	284.113	22.278	370	283	21	3	3	3
1.615	11.937	67	55	18636	278.149	70.291	261.000	200	467	26.343	462.836	24.403	0.808	0.357	0.737	26.374	462.832	24.433	24	461	21	5	4	8
0.265	2.911	11	11	2536	230.545	26.580	221.000	201	277	273.273	282.000	23.000	0.326	0.142	0.307	273.313	282.008	23.000	271	281	23	5	3	1
4.266	31.549	177	152	42478	239.989	45.450	223.000	200	459	489.141	301.362	27.237	1.106	0.433	1.054	489.129	301.612	27.352	485	294	23	9	14	8
1.374	9.751	57	49	14357	251.877	38.890	246.000	200	338	19.333	424.053	27.614	0.691	0.273	0.677	19.334	424.039	27.667	17	423	24	5	3	7
1.205	8.713	50	43	13054	261.080	51.641	247.500	200	400	389.960	225.320	25.660	0.562	0.150	0.557	389.957	225.297	25.607	388	223	25	5	7	3
0.410	4.355	17	16	4247	249.824	39.458	237.000	203	330	253.353	237.882	26.353	0.405	0.143	0.357	253.357	237.853	26.334	252	237	25	3	3	4
0.506	4.954	21	21	4654	221.619	14.729	221.000	203	254	186.429	242.476	27.190	0.575	0.299	0.500	186.410	242.481	27.133	186	242	25	2	2	6
1.374	11.040	57	53	12397	217.491	14.531	214.000	200	254	271.351	248.807	28.702	0.708	0.313	0.651	271.353	248.828	28.735	269	246	25	6	7	6
0.627	6.331	26	25	5777	222.192	18.359	217.500	200	279	289.731	248.808	25.692	0.476	0.163	0.510	289.771	248.795	25.675	287	247	25	6	5	3
32.151	100.116	1334	734	341027	255.642	78.893	230.000	200	682	387.292	254.178	27.070	2.121	0.676	2.093	386.546	254.204	26.941	374	247	25	26	22	6
0.723	6.173	30	28	7319	243.967	37.064	237.000	200	335	464.633	249.300	25.500	0.459	0.134	0.443	464.652	249.318	25.474	463	247	25	4	6	3
261.234	628.078	10839	5367	3872297	357.256	172.121	299.000	200	1823	326.026	271.047	27.659	5.418	2.131	5.444	323.775	272.150	27.767	283	247	25	81	52	6
1.518	9.893	63	51	18118	287.587	61.639	273.000	203	418	232.111	256.492	26.270	0.626	0.158	0.581	232.116	256.532	26.210	230	254	25	5	5	5
4.386	27.637	182	153	49393	271.390	71.336	247.000	200	551	167.835	260.720	26.758	1.250	0.476	1.294	168.043	260.412	26.827	162	254	25	11	14	6
0.819	6.454	34	30	8657	254.618	42.030	245.500	200	360	250.382	263.618	26.000	0.492	0.110	0.446	250.424	263.621	25.924	249	262	25	4	4	4
0.506	4.462	21	20	5279	251.381	45.917	234.000	202	374	266.905	264.905	25.524	0.379	0.088	0.373	266.899	264.888	25.473	265	263	25	4	4	3
0.458	4.215	19	18	4029	212.053	9.583	209.000	200	236	448.158	263.842	25.737	0.400	0.105	0.409	448.160	263.844	25.731	447	263	25	3	3	3
2.675	18.694	111	95	25998	234.216	42.413	216.000	200	397	375.378	269.252	26.108	0.908	0.309	0.903	375.134	269.321	26.124	371	265	25	12	8	5
7.616	28.997	316	184	92111	291.491	66.220	280.000	200	457	460.902	271.066	26.661	1.111	0.195	1.087	460.908	270.962	26.493	456	266	25	11	11	6
1.036	10.635	43	43	9171	213.279	11.865	210.000	200	244	155.186	269.907	26.163	0.740	0.361	0.692	155.199	269.924	26.134	152	267	25	7	8	6
3.013	16.382	125	91	40309	322.472	149.498	262.000	200	891	278.792	269.400	27.168	0.850	0.226	0.848	278.891	269.514	26.708	276	267	25	7	6	6
1.301	10.565	54	52	12432	230.222	29.838	221.500	200	330	387.500	274.981	25.593	0.697	0.226	0.708	387.425	275.077	25.564	384	272	25	8	7	3
1.591	10.386	66	50	17369	263.167	50.925	246.000	200	416	500.515	273.576	27.621	0.688	0.222	0.670	500.491	273.541	27.603	499	272	25	4	5	6
7.279	28.117	302	189	88610	293.411	63.931	288.500	200	437	492.626	280.007	26.394	1.077	0.205	1.094	492.623	280.014	26.273	488	273	25	10	13	5
3.061	23.880	127	116	31044	244.441	39.263	235.000	200	384	149.488	280.016	26.409	1.232	0.485	1.149	149.483	279.811	26.494	145	273	25	8	16	6
0.241	2.627	10	10	2189	218.900	8.999	220.500	207	232	369.500	277.400	25.800	0.320	0.121	0.350	369.502	277.396	25.791	369	277	25	2	2	3
6.315	23.684	262	153	72210	275.611	54.421	269.000	200	403	435.172	280.565	27.355	1.045	0.133	1.034	435.162	280.533	27.314	432	277	25	8	8	6
2.169	13.051	90	73	27231	302.567	114.546	258.000	200	729	176.944	284.633	26.022	0.710	0.209	0.701	176.927	284.601	25.870	174	280	25	8	8	4
0.482	4.673	20	19	4677	233.850	28.008	227.000	203	291	388.600	283.850	26.000	0.422	0.142	0.419	388.588	283.836	25.976	387	283	25	4	3	4
0.675	5.642	28	26	7596	271.286	48.054	258.500	206	385	385.250	286.964	26.357	0.502	0.189	0.480	385.265	286.969	26.299	384	286	25	3	3	5
0.289	3.122	12	12	2643	220.250	20.565	213.500	200	268	454.333	289.333	25.333	0.311	0.078	0.319	454.333	289.326	25.315	453	288	25	4	3	2
0.964	8.464	40	37	9761	244.025	29.163	240.000	200	317	138.800	290.625	27.725	0.658	0.284	0.605	138.826	290.642	27.713	137	288	25	4	5	6
3.013	18.498	125	97	35682	285.456	73.251	266.000	200	515	382.320	294.328	26.952	0.917	0.321	0.905	382.203	294.256	26.821	378	291	25	9	7	6
2.266	13.173	94	75	31566	335.809	113.881	306.000	201	701	207.245	266.213	28.277	0.736	0.191	0.750	207.144	266.180	28.456	204	264	26	7	5	5
0.627	5.696	26	25	6130	235.769	27.982	226.500	200	286	154.077	305.385	27.115	0.454	0.145	0.447	154.090	305.386	27.091	153	304	26	4	4	4
0.627	5.591	26	26	6016	231.385	29.075	224.000	201	297	109.846	307.654	26.346	0.430	0.140	0.420	109.798	307.647	26.313	107	306	26	6	4	2
1.952	14.884	81	73	19959	246.407	49.778	228.000	201	414	97.642	314.840	27.074	0.764	0.256	0.744	97.458	314.902	26.984	94	312	26	9	7	5
1.350	9.099	56	46	17020	303.929	83.058	287.000	201	519	197.804	315.321	28.268	0.639	0.183	0.614	197.829	315.305	28.177	196	314	26	5	4	5
1.205	8.253	50	40	12841	256.820	51.692	242.000	200	394	202.260	321.820	27.420	0.586	0.135	0.590	202.266	321.812	27.298	200	320	26	5	4	5
0.554	4.762	23	23	5838	253.826	46.952	239.000	201	362	79.522	331.304	26.348	0.392	0.109	0.409	79.533	331.292	26.302	78	330	26	4	4	2
3.013	15.677	125	98	43242	345.936	136.562	307.000	200	818	139.528	342.680	28.000	0.822	0.195	0.855	139.688	342.726	27.853	136	341	26	8	5	5
2.531	15.218	105	85	26719	254.467	46.345	247.000	200	388	63.895	344.905	28.352	0.797	0.232	0.813	63.849	344.762	28.388	62	342	26	5	8	5
0.892	7.460	37	33	8249	222.946	19.821	218.000	200	269	77.568	345.405	26.838	0.525	0.163	0.505	77.585	345.363	26.829	76	344	26	5	5	4
12.533	52.562	520	362	141423	271.967	65.948	253.000	200	579	59.708	358.050	27.627	1.452	0.516	1.452	59.574	357.963	27.505	53	347	26	16	20	5
0.337	3.262	14	14	3132	223.714	17.340	221.500	204	252	71.500	352.000	26.714	0.339	0.105	0.305	71.502	351.974	26.694	71	351	26	2	3	3
0.313	3.158	13	13	2780	213.846	7.723	212.000	202	225	92.615	355.615	26.000	0.335	0.115	0.377	92.609	355.621	26.000	91	354	26	4	4	1
1.446	10.034	60	51	14070	234.500	30.425	225.500	200	308	48.350	368.317	27.333	0.630	0.174	0.635	48.357	368.288	27.276	47	366	26	4	6	5
1.229	10.369	51	47	12087	237.000	31.603	221.000	200	326	43.608	368.647	28.510	0.645	0.235	0.679	43.574	368.713	28.560	42	365	26	4	7	5
0.506	4.709	21	20	4629	220.429	15.135	221.000	201	249	44.476	385.238	26.429	0.386	0.105	0.400	44.478	385.222	26.410	43	384	26	4	4	3
0.916	6.966	38	35	9341	245.816	38.289	232.000	204	357	40.026	387.921	26.947	0.506	0.132	0.498	40.030	387.926	26.899	39	386	26	4	5	4
0.675	6.154	28	27	6438	229.929	20.496	229.000	200	272	33.607	388.857	28.071	0.533	0.239	0.471	33.601	388.856	28.032	33	387	26	3	5	5
0.892	6.949	37	33	9041	244.351	42.072	229.000	200	362	39.784	393.865	26.703	0.491	0.112	0.506	39.762	393.859	26.646	38	392	26	5	5	3
0.337	3.720	14	14	3363	240.214	32.761	233.500	201	295	181.786	251.643	29.000	0.382	0.169	0.414	181.779	251.670	29.018	181	251	27	3	2	4
1.133	7.547	47	41	12681	269.809	56.922	272.000	200	407	290.915	254.830	28.638	0.558	0.138	0.585	290.956	254.737	28.719	290	253	27	3	5	4
0.241	3.209	10	10	2143	214.300	10.414	213.000	201	231	181.300	279.800	29.000	0.391	0.196	0.415	181.291	279.799	29.003	181	279	27	2	3	4
0.337	3.403	14	14	3488	249.143	34.999	245.500	205	314	206.500	329.571	28.714	0.404	0.176	0.336	206.537	329.611	28.720	206	329	27	2	2	4
0.458	4.338	19	18	5529	291.000	79.997	275.000	206	481	196.263	321.737	29.421	0.384	0.104	0.376	196.245	321.719	29.483	195	321	28	4	3	3
0.434	4.285	18	17	4666	259.222	48.343	254.500	204	362	21.944	381.611	29.278	0.381	0.100	0.379	21.963	381.622	29.340	21	380	28	3	4	3
0.313	3.122	13	13	3163	243.308	32.146	225.000	205	310	310.000	234.769	29.615	0.316	0.069	0.341	309.982	234.764	29.644	309	234	29	3	3	2
0.265	2.998	11	11	2676	243.273	26.762	237.000	212	293	318.364	240.545	29.636	0.305	0.077	0.297	318.372	240.549	29.649	317	239	29	3	4	2
0.241	2.804	10	10	2282	228.200	22.567	221.500	203	272	212.100	271.700	29.700	0.289	0.068	0.307	212.095	271.685	29.710	211	271	29	3	3	2
0.289	3.122	12	12	2724	227.000	24.878	218.500	203	286	12.833	473.083	29.667	0.307	0.070	0.326	12.838	473.083	29.683	12	472	29	3	3	2
