Volume (micron^3)	Surface (micron^2)	Nb of obj. voxels	Nb of surf. voxels	IntDen	Mean	StdDev	Median	Min	Max	X	Y	Z	Mean dist. to surf. (micron)	SD dist. to surf. (micron)	Median dist. to surf. (micron)	XM	YM	ZM	BX	BY	BZ	B-width	B-height	B-depth
13171.970	20119.303	546526	153181	299575360	548.145	389.738	419.000	200	4068	213.969	254.515	10.853	32.536	16.338	31.327	219.576	248.434	9.042	123	0	1	167	512	25
0.072	1.146	3	3	684	228.000	27.221	217.000	208	259	161.333	377.667	1.000	0.163	0.039	0.185	161.304	377.683	1.000	161	377	1	2	2	1
551.196	864.350	22870	6343	13040681	570.209	340.773	475.000	200	3240	9.343	470.794	10.078	6.718	2.899	6.382	9.537	470.317	8.763	0	410	1	25	102	25
0.988	9.062	41	41	13657	333.098	132.017	275.000	208	688	0.293	89.000	5.390	0.635	0.279	0.622	0.221	88.960	5.249	0	87	2	2	6	7
0.289	3.720	12	10	3180	265.000	50.463	254.000	204	377	40.000	342.000	3.500	0.370	0.113	0.316	40.020	342.011	3.464	39	341	2	3	3	4
0.434	4.038	18	18	5001	277.833	57.640	274.000	208	390	276.111	221.500	5.333	0.403	0.153	0.363	276.122	221.508	5.317	275	221	4	3	2	4
0.048	0.829	2	2	427	213.500	7.778	213.500	208	219	248.000	375.500	7.000	0.124	0.000	0.124	248.000	375.513	7.000	248	375	7	1	2	1
0.096	1.411	4	4	897	224.250	12.553	222.000	212	241	152.000	277.500	8.500	0.231	0.000	0.231	152.000	277.488	8.479	152	277	8	1	2	2
0.169	2.046	7	7	1608	229.714	13.363	227.000	214	253	138.571	326.571	8.571	0.259	0.023	0.261	138.580	326.593	8.565	138	326	8	2	2	2
0.024	0.511	1	1	215	215.000	0.000	215.000	215	215	247.000	182.000	9.000	0.000	0.000	0.000	247.000	182.000	9.000	247	182	9	1	1	1
9.183	40.049	381	217	124091	325.698	105.526	296.000	200	663	157.633	268.879	13.257	1.321	0.375	1.330	157.606	268.961	13.242	154	262	9	8	16	9
4.121	20.597	171	103	49335	288.509	79.808	273.000	200	562	170.415	269.901	13.509	0.972	0.280	0.909	170.589	269.967	13.385	167	267	10	8	7	8
0.096	1.411	4	4	887	221.750	15.478	225.500	201	235	156.000	280.500	10.500	0.231	0.000	0.231	156.000	280.526	10.512	156	280	10	1	2	2
0.121	1.852	5	5	1025	205.000	3.873	206.000	200	209	240.400	39.400	11.400	0.256	0.033	0.262	240.392	39.398	11.399	240	39	11	2	2	2
0.024	0.511	1	1	205	205.000	0.000	205.000	205	205	243.000	42.000	11.000	0.000	0.000	0.000	243.000	42.000	11.000	243	42	11	1	1	1
0.940	7.300	39	33	9788	250.974	43.615	238.000	202	358	230.256	101.103	12.667	0.537	0.152	0.506	230.259	101.123	12.667	229	100	11	4	4	5
0.096	1.605	4	4	955	238.750	31.405	231.000	212	281	246.750	329.000	12.000	0.260	0.164	0.291	246.772	329.000	12.034	246	329	11	2	1	3
0.386	4.038	16	16	3368	210.500	8.847	209.000	200	228	246.125	41.562	13.375	0.392	0.154	0.345	246.122	41.561	13.390	245	41	12	3	2	4
0.072	1.217	3	3	608	202.667	3.786	201.000	200	207	231.333	71.000	12.333	0.213	0.059	0.211	231.329	71.000	12.331	231	71	12	2	1	2
0.313	3.456	13	12	3089	237.615	27.327	232.000	201	292	190.308	140.692	12.923	0.356	0.099	0.391	190.307	140.692	12.887	189	140	12	3	3	3
0.072	1.287	3	3	644	214.667	15.177	212.000	201	231	242.000	80.000	14.000	0.260	0.225	0.390	242.000	80.000	14.017	242	80	13	1	1	3
0.048	0.829	2	2	403	201.500	0.707	201.500	201	202	192.500	341.000	14.000	0.124	0.000	0.124	192.501	341.000	14.000	192	341	14	2	1	1
0.024	0.511	1	1	200	200.000	0.000	200.000	200	200	223.000	498.000	14.000	0.000	0.000	0.000	223.000	498.000	14.000	223	498	14	1	1	1
0.386	4.108	16	16	3978	248.625	40.715	240.500	201	336	202.188	510.688	15.688	0.409	0.165	0.361	202.188	510.724	15.680	201	510	14	3	2	4
1.422	10.051	59	48	14458	245.051	34.716	238.000	200	341	183.322	374.932	17.339	0.710	0.258	0.671	183.315	374.927	17.347	182	373	15	4	5	6
3.302	23.224	137	116	32561	237.672	30.563	228.000	200	328	182.496	276.883	20.212	1.168	0.475	1.208	182.490	276.931	20.172	181	270	16	5	14	10
0.048	0.899	2	2	481	240.500	10.607	240.500	233	248	148.000	483.000	16.500	0.195	0.000	0.195	148.000	483.000	16.516	148	483	16	1	1	2
0.530	4.867	22	20	5316	241.636	37.280	231.000	201	319	166.273	161.000	18.727	0.432	0.134	0.417	166.276	160.967	18.706	165	160	17	3	3	4
0.024	0.511	1	1	200	200.000	0.000	200.000	200	200	218.000	276.000	17.000	0.000	0.000	0.000	218.000	276.000	17.000	218	276	17	1	1	1
0.362	4.409	15	15	3131	208.733	5.946	207.000	201	220	198.933	355.333	19.000	0.424	0.177	0.424	198.932	355.337	19.004	198	354	17	3	4	4
0.024	0.511	1	1	204	204.000	0.000	204.000	204	204	215.000	379.000	17.000	0.000	0.000	0.000	215.000	379.000	17.000	215	379	17	1	1	1
1.639	9.840	68	55	17752	261.059	46.733	254.000	203	383	211.456	509.191	18.691	0.626	0.123	0.637	211.482	509.206	18.680	210	507	17	5	5	5
0.217	2.627	9	9	1968	218.667	12.913	216.000	200	233	194.444	12.444	18.889	0.314	0.129	0.380	194.434	12.459	18.868	194	12	18	2	2	3
7.038	34.373	292	189	74678	255.747	44.889	244.000	200	405	164.771	258.692	20.866	1.199	0.371	1.153	164.939	258.708	20.877	157	254	18	14	12	7
57.723	136.548	2395	1046	1590659	664.158	378.270	590.000	200	2408	371.167	349.210	22.640	2.560	0.920	2.431	371.603	348.999	22.885	355	335	18	31	30	8
0.048	0.899	2	2	405	202.500	3.536	202.500	200	205	208.000	79.000	19.500	0.195	0.000	0.195	208.000	79.000	19.494	208	79	19	1	1	2
26.728	71.194	1109	541	532029	479.738	188.562	456.000	200	1176	149.186	90.674	22.959	1.747	0.389	1.768	149.298	90.527	23.144	140	81	19	18	21	7
0.289	3.720	12	11	2713	226.083	25.550	222.500	200	278	237.167	88.833	20.833	0.393	0.146	0.388	237.178	88.842	20.805	236	88	19	3	3	4
0.096	1.534	4	4	849	212.250	10.658	211.500	200	226	232.250	96.750	19.500	0.245	0.036	0.245	232.250	96.764	19.484	232	96	19	2	2	2
0.651	5.873	27	23	5931	219.667	15.959	215.000	201	262	219.296	99.815	20.778	0.449	0.103	0.458	219.283	99.821	20.779	218	98	19	4	4	4
1.928	11.692	80	62	20221	252.762	35.027	246.000	200	343	184.613	345.538	21.288	0.698	0.171	0.691	184.621	345.487	21.287	183	343	19	4	7	5
10.436	35.468	433	233	557056	1286.503	1077.436	876.000	202	4029	335.448	370.390	22.940	1.247	0.200	1.228	335.448	370.397	23.590	330	365	19	11	12	7
4.049	18.798	168	108	141945	844.911	681.569	600.000	200	3075	245.875	449.738	22.887	0.923	0.208	0.893	245.912	449.763	23.400	243	447	19	7	7	7
12.918	46.753	536	285	235324	439.037	208.579	382.500	200	1117	202.127	500.196	22.640	1.416	0.342	1.404	202.003	500.149	22.863	195	495	19	14	13	7
5.736	23.704	238	149	236061	991.853	795.473	666.000	205	3413	460.655	22.382	23.261	0.996	0.149	0.977	460.620	22.458	23.725	457	18	20	9	10	6
0.265	3.192	11	11	2385	216.818	14.504	211.000	203	241	232.636	32.636	20.727	0.356	0.152	0.337	232.639	32.653	20.726	231	32	20	4	2	3
13.979	47.833	580	333	625774	1078.921	890.534	755.500	203	3959	19.260	104.048	23.167	1.511	0.483	1.544	19.441	104.677	23.666	14	95	20	11	19	6
0.193	2.046	8	8	1699	212.375	6.844	214.500	200	221	245.500	192.500	20.500	0.263	0.000	0.263	245.494	192.495	20.490	245	192	20	2	2	2
0.241	2.557	10	10	2102	210.200	6.443	211.000	200	219	204.600	362.200	20.500	0.291	0.054	0.296	204.601	362.209	20.500	204	361	20	2	3	2
3.736	17.477	155	104	142553	919.697	749.407	645.000	203	3313	437.471	408.768	23.355	0.857	0.147	0.850	437.472	408.815	23.799	434	406	20	8	7	6
0.386	4.355	16	15	3858	241.125	35.901	236.000	201	320	210.500	501.750	21.750	0.393	0.134	0.368	210.518	501.748	21.757	209	501	20	4	3	4
2.627	13.720	109	81	85612	785.431	619.338	550.000	200	2891	298.826	34.138	23.532	0.746	0.141	0.738	298.866	34.124	23.987	296	32	21	7	6	5
3.302	19.700	137	105	33518	244.657	40.410	232.000	200	369	242.051	57.314	23.642	0.837	0.222	0.837	242.170	57.391	23.665	238	54	21	9	8	5
2.748	14.285	114	81	88491	776.237	609.503	561.500	202	2756	412.904	192.333	23.596	0.764	0.136	0.748	412.896	192.339	23.961	410	190	21	7	6	5
0.072	1.217	3	3	611	203.667	3.786	202.000	201	208	171.000	229.333	21.667	0.213	0.059	0.211	171.000	229.329	21.669	171	229	21	1	2	2
0.024	0.511	1	1	206	206.000	0.000	206.000	206	206	183.000	232.000	21.000	0.000	0.000	0.000	183.000	232.000	21.000	183	232	21	1	1	1
0.434	4.603	18	17	3871	215.056	12.139	213.500	200	241	145.333	292.833	22.722	0.424	0.155	0.387	145.343	292.839	22.716	144	292	21	4	3	4
0.048	0.829	2	2	408	204.000	2.828	204.000	202	206	169.000	329.500	21.000	0.124	0.000	0.124	169.000	329.495	21.000	169	329	21	1	2	1
2.193	12.661	91	73	24538	269.648	47.476	261.000	200	398	191.418	363.000	23.429	0.707	0.166	0.688	191.378	363.046	23.504	189	360	21	6	6	5
2.458	13.720	102	76	68788	674.392	475.398	517.500	201	2059	257.039	380.559	23.569	0.738	0.153	0.716	256.935	380.557	23.799	254	378	21	7	6	5
2.651	14.867	110	80	48340	439.455	252.153	334.000	200	1155	403.145	425.791	23.573	0.758	0.146	0.747	403.340	426.056	23.770	400	422	21	7	7	5
2.482	16.013	103	92	46056	447.146	228.492	391.000	203	1322	510.194	22.942	23.951	0.869	0.347	0.846	510.316	22.442	24.153	508	16	22	4	14	4
1.374	9.382	57	46	32130	563.684	362.132	426.000	206	1716	116.000	59.105	23.982	0.584	0.116	0.545	116.008	59.178	24.221	114	57	22	5	5	4
3.133	20.848	130	118	33067	254.362	55.754	236.000	200	463	206.115	72.231	24.115	0.949	0.356	0.962	206.337	72.394	24.197	202	66	22	10	14	4
0.940	7.230	39	33	9824	251.897	38.891	240.000	204	341	253.564	156.333	23.615	0.536	0.128	0.557	253.544	156.316	23.617	252	155	22	4	4	4
0.868	7.213	36	32	8853	245.917	36.245	238.000	200	328	191.306	228.389	24.167	0.534	0.187	0.495	191.317	228.356	24.177	189	227	22	5	6	4
1.976	12.627	82	66	21232	258.927	38.820	258.000	200	351	190.110	247.488	23.890	0.717	0.196	0.744	190.044	247.459	23.919	187	244	22	7	7	4
0.096	1.534	4	4	847	211.750	7.848	211.000	203	222	173.000	257.000	22.250	0.231	0.090	0.267	172.992	257.000	22.250	172	257	22	3	1	2
1.109	10.228	46	42	12672	275.478	70.107	261.000	202	510	247.065	268.370	24.043	0.703	0.207	0.711	247.203	268.328	24.105	244	266	22	8	6	4
2.386	13.068	99	75	40738	411.495	180.385	362.000	201	916	252.020	276.566	23.808	0.720	0.130	0.713	252.106	276.660	23.964	249	274	22	7	7	4
0.554	4.990	23	21	5304	230.609	23.021	221.000	200	285	217.957	316.130	23.478	0.430	0.127	0.386	217.968	316.137	23.473	217	315	22	3	3	4
0.289	3.139	12	12	2764	230.333	19.406	230.500	200	262	184.667	361.417	22.917	0.337	0.120	0.388	184.662	361.412	22.884	184	361	22	3	2	3
0.121	1.922	5	5	1080	216.000	18.534	210.000	200	248	176.800	362.200	23.000	0.255	0.141	0.205	176.815	362.197	22.999	176	362	22	2	2	3
0.096	1.534	4	4	848	212.000	8.124	208.500	207	224	178.750	411.750	22.750	0.219	0.071	0.219	178.756	411.752	22.756	178	411	22	2	2	2
0.578	5.361	24	22	5380	224.167	19.571	223.000	200	273	204.833	424.917	22.875	0.427	0.104	0.445	204.828	424.909	22.888	203	423	22	4	5	3
1.711	10.882	71	59	38321	539.732	339.059	432.000	202	1570	380.014	427.113	24.183	0.628	0.151	0.614	380.089	427.170	24.398	377	424	22	7	7	4
1.639	11.815	68	56	18532	272.529	69.471	248.000	200	451	194.368	463.088	23.956	0.685	0.222	0.652	194.356	462.966	23.991	193	460	22	4	9	4
0.819	6.260	34	30	12165	357.794	138.242	328.000	200	730	216.706	488.735	24.088	0.477	0.107	0.474	216.767	488.781	24.198	215	487	22	4	4	4
0.434	4.144	18	17	6644	369.111	133.714	336.500	215	708	107.222	13.000	24.500	0.364	0.088	0.361	107.223	13.046	24.600	106	12	23	4	3	3
0.578	5.044	24	22	8415	350.625	121.153	320.000	213	648	271.792	18.708	24.292	0.419	0.096	0.421	271.811	18.699	24.367	270	17	23	4	4	3
0.482	4.144	20	19	7935	396.750	157.308	350.500	218	823	396.900	24.000	24.450	0.372	0.082	0.378	396.884	23.990	24.569	395	23	23	4	3	3
0.145	2.046	6	6	1279	213.167	8.565	210.500	204	225	219.000	31.500	23.500	0.267	0.056	0.231	219.012	31.512	23.484	218	31	23	3	2	2
0.024	0.511	1	1	200	200.000	0.000	200.000	200	200	203.000	41.000	23.000	0.000	0.000	0.000	203.000	41.000	23.000	203	41	23	1	1	1
0.578	4.903	24	23	6535	272.292	53.795	263.000	206	381	209.458	63.417	24.500	0.397	0.101	0.424	209.488	63.406	24.542	208	62	23	4	4	3
0.434	4.144	18	17	6612	367.333	138.373	331.000	207	730	75.000	78.222	24.500	0.364	0.088	0.361	74.998	78.195	24.606	74	77	23	3	4	3
0.024	0.511	1	1	202	202.000	0.000	202.000	202	202	201.000	78.000	23.000	0.000	0.000	0.000	201.000	78.000	23.000	201	78	23	1	1	1
0.482	4.462	20	19	8076	403.800	161.778	356.500	209	798	403.950	108.350	24.450	0.386	0.103	0.358	403.952	108.338	24.569	403	107	23	3	4	3
0.458	4.268	19	18	7086	372.947	147.326	332.000	201	752	365.316	128.053	24.526	0.372	0.096	0.359	365.278	128.078	24.623	364	127	23	4	3	3
1.109	8.008	46	41	20506	445.783	221.890	383.000	204	1070	503.196	139.717	24.370	0.524	0.120	0.540	503.192	139.727	24.491	501	137	23	5	6	3
0.241	3.262	10	10	2089	208.900	5.486	209.500	201	215	231.100	154.300	23.900	0.374	0.175	0.377	231.113	154.287	23.888	230	153	23	3	4	3
0.048	0.829	2	2	408	204.000	1.414	204.000	203	205	232.000	158.500	23.000	0.124	0.000	0.124	232.000	158.502	23.000	232	158	23	1	2	1
0.699	5.802	29	26	12032	414.897	189.339	370.000	200	900	337.655	166.241	24.379	0.440	0.094	0.448	337.709	166.214	24.533	336	164	23	4	5	3
1.976	14.111	82	77	18550	226.220	17.092	224.500	200	269	227.610	202.756	24.354	0.760	0.322	0.716	227.652	202.766	24.375	224	197	23	8	12	3
0.506	4.462	21	20	8554	407.333	169.526	391.000	201	859	85.905	220.095	24.476	0.379	0.088	0.373	85.897	220.117	24.588	84	219	23	4	4	3
0.723	5.608	30	26	12229	407.633	193.580	319.500	204	913	10.500	226.600	24.333	0.450	0.080	0.452	10.546	226.680	24.466	9	225	23	4	4	3
0.024	0.511	1	1	205	205.000	0.000	205.000	205	205	187.000	228.000	23.000	0.000	0.000	0.000	187.000	228.000	23.000	187	228	23	1	1	1
0.096	1.534	4	4	875	218.750	10.813	220.500	204	230	217.500	228.750	23.250	0.227	0.074	0.207	217.485	228.767	23.253	217	228	23	2	2	2
0.988	7.513	41	37	10371	252.951	33.978	248.000	204	323	188.390	237.024	24.293	0.527	0.144	0.525	188.397	237.025	24.325	187	234	23	4	7	3
0.386	3.650	16	16	3727	232.938	22.436	235.500	202	277	214.000	250.562	24.000	0.367	0.124	0.410	213.974	250.564	24.029	213	250	23	3	2	3
0.313	3.139	13	13	2875	221.154	16.623	217.000	203	254	185.615	255.462	24.000	0.346	0.120	0.418	185.616	255.450	24.011	185	255	23	3	2	3
0.771	5.856	32	28	13462	420.688	228.276	366.000	206	946	320.500	274.500	24.375	0.459	0.090	0.463	320.519	274.501	24.545	319	273	23	4	4	3
0.578	4.850	24	22	8128	338.667	108.030	295.000	221	589	243.625	302.167	24.292	0.420	0.095	0.419	243.625	302.189	24.368	242	301	23	4	3	3
1.181	7.761	49	42	25853	527.612	315.814	413.000	202	1474	417.918	354.980	24.265	0.533	0.098	0.554	417.801	354.982	24.445	416	353	23	5	5	3
1.591	9.913	66	58	35764	541.879	334.103	422.500	200	1566	450.394	359.015	24.258	0.594	0.128	0.595	450.372	359.201	24.424	448	356	23	6	7	3
0.506	4.779	21	20	5299	252.333	42.297	243.000	200	355	252.524	368.238	24.524	0.400	0.116	0.402	252.535	368.252	24.563	251	367	23	4	4	3
1.133	8.396	47	42	12930	275.106	64.455	261.000	201	433	245.574	370.128	24.340	0.546	0.144	0.548	245.591	370.086	24.382	243	368	23	6	6	3
0.578	5.485	24	22	6350	264.583	53.796	257.500	202	388	243.375	379.542	24.458	0.412	0.104	0.427	243.341	379.543	24.503	242	378	23	4	4	3
0.844	6.755	35	32	14889	425.400	228.316	365.000	201	1105	89.057	392.714	24.286	0.476	0.105	0.500	89.049	392.810	24.430	87	391	23	5	5	3
0.482	4.162	20	19	4651	232.550	21.661	231.500	201	276	202.350	406.000	23.950	0.400	0.101	0.440	202.357	406.011	23.923	201	405	23	3	3	3
0.844	7.249	35	32	13122	374.914	178.951	298.000	200	896	491.257	458.286	24.486	0.522	0.186	0.500	491.405	458.116	24.584	489	456	23	5	7	3
0.506	4.709	21	20	7452	354.857	152.374	326.000	200	724	85.762	458.667	24.571	0.385	0.103	0.388	85.753	458.686	24.647	84	457	23	4	4	3
0.145	1.852	6	6	1284	214.000	10.431	212.500	203	228	195.333	473.500	23.333	0.247	0.046	0.245	195.333	473.521	23.328	195	473	23	2	2	2
0.169	2.240	7	7	1480	211.429	4.928	212.000	205	219	0.571	510.571	24.143	0.281	0.125	0.208	0.563	510.570	24.143	0	510	23	2	2	3
0.675	5.943	28	28	8837	315.607	86.127	309.000	200	510	173.393	510.536	24.214	0.461	0.154	0.489	173.384	510.604	24.280	171	509	23	6	3	3
0.048	0.829	2	2	433	216.500	10.607	216.500	209	224	246.500	511.000	23.000	0.124	0.000	0.124	246.517	511.000	23.000	246	511	23	2	1	1
0.217	2.610	9	9	2475	275.000	66.665	249.000	215	409	152.667	4.000	24.778	0.276	0.075	0.311	152.657	4.017	24.799	152	3	24	3	3	2
0.337	3.439	14	14	4520	322.857	104.208	277.500	221	590	139.000	11.000	24.643	0.318	0.068	0.353	139.035	10.967	24.708	138	10	24	3	3	2
0.169	2.293	7	7	1931	275.857	63.133	246.000	217	395	431.143	10.143	24.857	0.250	0.088	0.292	431.142	10.168	24.876	430	9	24	3	3	2
0.193	2.293	8	8	2209	276.125	72.066	259.500	200	384	292.000	11.500	24.750	0.266	0.068	0.295	291.938	11.490	24.813	291	11	24	3	2	2
0.193	2.293	8	8	2170	271.250	57.579	246.000	226	372	133.000	17.500	24.750	0.266	0.068	0.295	133.019	17.515	24.786	132	17	24	3	2	2
0.362	3.563	15	15	4240	282.667	75.994	271.000	202	457	413.800	30.867	24.667	0.332	0.082	0.329	413.794	30.887	24.716	412	30	24	4	3	2
0.121	1.658	5	5	1509	301.800	56.592	324.000	201	336	50.600	40.600	24.800	0.224	0.070	0.195	50.570	40.571	24.867	50	40	24	2	2	2
0.337	3.192	14	14	3046	217.571	9.677	216.500	207	241	248.000	42.000	24.500	0.323	0.067	0.316	248.003	42.009	24.506	247	41	24	3	3	2
0.024	0.511	1	1	203	203.000	0.000	203.000	203	203	207.000	45.000	24.000	0.000	0.000	0.000	207.000	45.000	24.000	207	45	24	1	1	1
0.193	2.610	8	8	1849	231.125	24.304	236.000	200	259	212.375	44.000	24.875	0.305	0.133	0.284	212.367	44.005	24.890	211	43	24	4	3	2
0.169	2.293	7	7	1906	272.286	55.166	258.000	221	384	28.857	47.857	24.857	0.250	0.088	0.292	28.866	47.875	24.881	28	47	24	3	3	2
0.747	6.156	31	31	8890	286.774	71.486	284.000	200	483	215.000	50.000	24.645	0.460	0.166	0.432	215.001	49.959	24.676	214	47	24	4	7	2
0.289	2.928	12	12	3466	288.833	81.770	250.000	208	454	451.250	48.750	24.667	0.306	0.070	0.326	451.264	48.733	24.717	450	48	24	3	3	2
0.121	1.852	5	5	1222	244.400	50.649	218.000	204	320	18.200	49.000	24.800	0.231	0.085	0.265	18.223	48.989	24.831	18	48	24	2	3	2
0.241	2.804	10	10	2996	299.600	79.014	281.500	211	465	103.100	51.300	24.700	0.289	0.068	0.307	103.138	51.288	24.744	102	50	24	3	3	2
0.434	4.198	18	18	6381	354.500	137.135	328.500	211	647	313.611	58.611	24.667	0.353	0.088	0.381	313.606	58.653	24.711	312	57	24	4	4	2
0.217	2.487	9	9	2382	264.667	56.683	261.000	200	357	96.556	62.111	24.667	0.281	0.062	0.291	96.548	62.127	24.692	96	61	24	2	3	2
0.121	1.658	5	5	1381	276.200	50.889	278.000	213	348	17.600	62.600	24.800	0.224	0.070	0.195	17.620	62.608	24.846	17	62	24	2	2	2
0.072	1.411	3	3	606	202.000	1.000	202.000	201	203	233.667	68.667	24.333	0.243	0.059	0.268	233.667	68.667	24.332	233	68	24	2	2	2
0.265	2.804	11	11	3184	289.455	79.367	255.000	205	452	294.818	71.636	24.636	0.298	0.063	0.298	294.796	71.651	24.696	294	71	24	3	3	2
0.337	3.439	14	14	4174	298.143	91.530	254.500	216	535	395.000	82.000	24.643	0.318	0.068	0.353	394.998	82.037	24.697	394	81	24	3	3	2
0.289	2.928	12	12	3725	310.417	92.649	264.500	213	476	330.250	89.750	24.667	0.306	0.070	0.326	330.296	89.718	24.715	329	89	24	3	3	2
0.289	2.928	12	12	3760	313.333	88.533	279.000	207	474	45.750	109.750	24.667	0.306	0.070	0.326	45.728	109.698	24.702	45	109	24	3	3	2
0.241	2.487	10	10	2863	286.300	82.565	249.500	201	406	444.500	137.200	24.600	0.289	0.056	0.282	444.501	137.258	24.672	444	136	24	2	3	2
0.193	2.487	8	8	2124	265.500	63.365	243.500	203	385	66.750	150.125	24.750	0.270	0.075	0.302	66.742	150.154	24.789	66	149	24	3	3	2
0.121	1.852	5	5	1286	257.200	58.572	242.000	207	346	477.200	163.000	24.800	0.231	0.085	0.265	477.220	163.026	24.839	477	162	24	2	3	2
0.145	2.169	6	6	1588	264.667	61.438	242.000	214	375	85.000	167.000	24.833	0.236	0.088	0.257	85.050	166.984	24.861	84	166	24	3	3	2
0.217	2.681	9	9	2031	225.667	17.385	222.000	204	256	195.222	173.333	24.667	0.286	0.068	0.286	195.212	173.340	24.681	194	172	24	3	3	2
0.096	1.534	4	4	876	219.000	17.833	215.500	204	241	195.750	180.750	24.750	0.219	0.071	0.219	195.766	180.767	24.742	195	180	24	2	2	2
0.145	1.852	6	6	1725	287.500	62.334	289.500	211	359	466.500	183.667	24.667	0.247	0.046	0.245	466.506	183.664	24.748	466	183	24	2	2	2
0.578	5.204	24	24	7229	301.208	95.639	267.000	202	517	79.542	189.417	24.708	0.411	0.132	0.410	79.548	189.340	24.739	78	187	24	4	6	2
1.277	9.050	53	53	13827	260.887	41.157	246.000	202	358	199.000	201.038	24.642	0.635	0.254	0.581	198.974	200.981	24.675	197	197	24	5	9	2
0.362	3.757	15	15	3726	248.400	37.269	246.000	201	332	198.000	209.867	24.667	0.330	0.081	0.354	197.997	209.874	24.701	197	208	24	3	4	2
0.265	2.928	11	11	3319	301.727	84.945	295.000	203	491	139.818	218.182	24.727	0.297	0.075	0.316	139.805	218.142	24.778	139	217	24	3	3	2
0.265	2.804	11	11	3261	296.455	90.602	255.000	212	442	341.818	226.636	24.636	0.298	0.063	0.298	341.771	226.605	24.707	341	226	24	3	3	2
0.289	2.928	12	12	3902	325.167	99.064	308.500	201	541	462.750	227.250	24.667	0.306	0.070	0.326	462.788	227.255	24.736	462	226	24	3	3	2
0.193	2.293	8	8	2196	274.500	66.251	247.000	221	381	492.500	228.000	24.750	0.266	0.068	0.295	492.502	228.012	24.797	492	227	24	2	3	2
0.217	2.734	9	9	2363	262.556	44.819	274.000	203	324	118.000	230.444	24.889	0.309	0.139	0.288	118.053	230.449	24.914	116	230	24	5	2	2
0.265	2.928	11	11	3194	290.364	85.020	279.000	200	484	456.818	239.182	24.727	0.297	0.075	0.316	456.834	239.151	24.786	456	238	24	3	3	2
0.410	3.757	17	17	6413	377.235	137.961	367.000	227	710	59.235	242.000	24.588	0.340	0.075	0.347	59.259	241.945	24.664	58	241	24	4	3	2
0.217	2.610	9	9	2387	265.222	67.889	217.000	202	371	465.667	250.111	24.778	0.284	0.086	0.301	465.633	250.160	24.818	465	249	24	3	3	2
0.145	1.852	6	6	1640	273.333	46.367	296.500	211	310	8.333	253.500	24.667	0.247	0.046	0.245	8.362	253.498	24.739	8	253	24	2	2	2
0.145	1.852	6	6	1713	285.500	53.895	285.000	225	347	363.500	283.333	24.667	0.247	0.046	0.245	363.499	283.333	24.737	363	283	24	2	2	2
0.145	2.169	6	6	1671	278.500	58.715	258.000	229	392	437.000	283.000	24.833	0.236	0.088	0.257	436.976	283.000	24.863	436	282	24	3	3	2
0.193	2.363	8	8	2301	287.625	72.085	282.000	212	390	64.250	286.375	24.625	0.273	0.054	0.276	64.289	286.390	24.704	63	286	24	3	2	2
0.217	2.681	9	9	2494	277.111	72.100	255.000	200	421	113.222	288.778	24.667	0.281	0.062	0.303	113.234	288.780	24.733	112	288	24	3	3	2
0.289	3.122	12	12	3505	292.083	90.478	245.500	208	439	503.500	297.833	24.667	0.307	0.071	0.316	503.498	297.780	24.720	502	297	24	4	3	2
0.193	2.046	8	8	1813	226.625	16.017	225.000	209	248	206.500	298.500	24.500	0.263	0.000	0.263	206.493	298.498	24.531	206	298	24	2	2	2
0.265	2.928	11	11	3178	288.909	79.411	284.000	203	473	84.182	321.000	24.727	0.300	0.079	0.312	84.184	321.002	24.773	83	320	24	3	3	2
0.169	2.099	7	7	1813	259.000	57.654	249.000	208	364	311.000	358.429	24.857	0.251	0.083	0.276	311.002	358.403	24.879	310	358	24	3	2	2
0.313	3.316	13	13	4182	321.692	106.872	317.000	201	542	90.077	374.462	24.615	0.315	0.068	0.328	90.058	374.434	24.704	89	373	24	3	4	2
0.121	1.658	5	5	1433	286.600	56.021	279.000	211	354	343.600	388.600	24.800	0.224	0.070	0.195	343.589	388.622	24.853	343	388	24	2	2	2
0.121	1.658	5	5	1359	271.800	41.167	287.000	201	300	23.400	404.600	24.800	0.224	0.070	0.195	23.420	404.589	24.852	23	404	24	2	2	2
0.193	2.416	8	8	2062	257.750	61.620	240.000	201	385	333.750	405.000	24.875	0.260	0.088	0.288	333.764	405.005	24.887	333	404	24	3	3	2
0.337	3.369	14	14	3733	266.643	63.654	242.000	207	369	362.500	409.714	24.714	0.325	0.083	0.353	362.503	409.696	24.745	361	409	24	4	3	2
0.048	0.829	2	2	415	207.500	0.707	207.500	207	208	397.500	425.000	24.000	0.124	0.000	0.124	397.499	425.000	24.000	397	425	24	2	1	1
0.386	3.757	16	16	5454	340.875	121.219	313.000	205	626	112.188	451.062	24.625	0.335	0.078	0.341	112.205	451.122	24.687	111	450	24	4	3	2
0.193	2.293	8	8	2046	255.750	54.240	241.500	202	349	105.500	459.000	24.750	0.266	0.068	0.295	105.517	458.978	24.786	105	458	24	2	3	2
0.145	2.169	6	6	1536	256.000	59.208	233.000	205	362	99.000	465.000	24.833	0.236	0.088	0.257	99.053	464.992	24.859	98	464	24	3	3	2
0.337	3.316	14	14	4669	333.500	105.788	344.500	229	552	262.000	474.500	24.571	0.319	0.065	0.324	261.995	474.488	24.653	261	473	24	3	4	2
0.145	2.169	6	6	1497	249.500	56.874	235.000	203	352	290.000	481.000	24.833	0.236	0.088	0.257	290.035	480.963	24.861	289	480	24	3	3	2
0.024	0.511	1	1	201	201.000	0.000	201.000	201	201	193.000	494.000	24.000	0.000	0.000	0.000	193.000	494.000	24.000	193	494	24	1	1	1
0.241	2.804	10	10	2853	285.300	78.060	248.500	207	422	447.900	500.300	24.700	0.289	0.068	0.307	447.839	500.321	24.752	447	499	24	3	3	2
0.121	1.728	5	5	1052	210.400	3.912	209.000	206	215	191.800	503.600	24.600	0.245	0.038	0.259	191.804	503.598	24.604	191	503	24	2	2	2
0.169	2.029	7	7	1513	216.143	13.359	214.000	201	240	217.000	3.000	25.000	0.242	0.117	0.249	216.992	2.999	25.000	216	2	25	3	3	1
0.024	0.511	1	1	213	213.000	0.000	213.000	213	213	381.000	5.000	25.000	0.000	0.000	0.000	381.000	5.000	25.000	381	5	25	1	1	1
0.072	1.146	3	3	737	245.667	40.550	248.000	204	285	418.333	10.333	25.000	0.163	0.039	0.185	418.336	10.277	25.000	418	10	25	2	2	1
0.048	0.829	2	2	481	240.500	41.719	240.500	211	270	365.500	19.000	25.000	0.124	0.000	0.124	365.439	19.000	25.000	365	19	25	2	1	1
0.072	1.146	3	3	644	214.667	14.503	215.000	200	229	152.000	23.000	25.000	0.166	0.144	0.249	152.000	22.955	25.000	152	22	25	1	3	1
0.024	0.511	1	1	206	206.000	0.000	206.000	206	206	121.000	31.000	25.000	0.000	0.000	0.000	121.000	31.000	25.000	121	31	25	1	1	1
0.096	1.270	4	4	853	213.250	7.320	215.500	203	219	215.500	31.500	25.000	0.176	0.000	0.176	215.488	31.494	25.000	215	31	25	2	2	1
0.048	0.829	2	2	478	239.000	46.669	239.000	206	272	65.500	33.000	25.000	0.124	0.000	0.124	65.431	33.000	25.000	65	33	25	2	1	1
0.024	0.511	1	1	269	269.000	0.000	269.000	269	269	413.000	43.000	25.000	0.000	0.000	0.000	413.000	43.000	25.000	413	43	25	1	1	1
0.072	1.146	3	3	681	227.000	20.664	233.000	204	244	427.667	46.667	25.000	0.163	0.039	0.185	427.658	46.700	25.000	427	46	25	2	2	1
0.072	1.146	3	3	798	266.000	41.905	256.000	230	312	288.333	48.667	25.000	0.163	0.039	0.185	288.288	48.679	25.000	288	48	25	2	2	1
0.048	0.829	2	2	434	217.000	8.485	217.000	211	223	450.000	57.500	25.000	0.124	0.000	0.124	450.000	57.486	25.000	450	57	25	1	2	1
0.048	0.829	2	2	484	242.000	22.627	242.000	226	258	451.500	69.000	25.000	0.124	0.000	0.124	451.533	69.000	25.000	451	69	25	2	1	1
0.024	0.511	1	1	223	223.000	0.000	223.000	223	223	284.000	71.000	25.000	0.000	0.000	0.000	284.000	71.000	25.000	284	71	25	1	1	1
0.072	1.146	3	3	773	257.667	50.013	235.000	223	315	410.333	79.667	25.000	0.163	0.039	0.185	410.304	79.712	25.000	410	79	25	2	2	1
0.048	0.829	2	2	486	243.000	22.627	243.000	227	259	121.500	80.000	25.000	0.124	0.000	0.124	121.533	80.000	25.000	121	80	25	2	1	1
0.072	1.146	3	3	782	260.667	53.304	282.000	200	300	488.333	82.333	25.000	0.163	0.039	0.185	488.361	82.256	25.000	488	82	25	2	2	1
0.048	0.829	2	2	407	203.500	0.707	203.500	203	204	206.000	86.500	25.000	0.124	0.000	0.124	206.000	86.501	25.000	206	86	25	1	2	1
0.048	0.829	2	2	425	212.500	12.021	212.500	204	221	306.500	90.000	25.000	0.124	0.000	0.124	306.480	90.000	25.000	306	90	25	2	1	1
0.024	0.511	1	1	201	201.000	0.000	201.000	201	201	234.000	93.000	25.000	0.000	0.000	0.000	234.000	93.000	25.000	234	93	25	1	1	1
0.072	1.146	3	3	773	257.667	31.134	261.000	225	287	318.667	110.333	25.000	0.163	0.039	0.185	318.709	110.338	25.000	318	110	25	2	2	1
0.096	1.270	4	4	979	244.750	31.511	244.000	217	274	131.500	111.500	25.000	0.176	0.000	0.176	131.502	111.556	25.000	131	111	25	2	2	1
0.024	0.511	1	1	205	205.000	0.000	205.000	205	205	436.000	112.000	25.000	0.000	0.000	0.000	436.000	112.000	25.000	436	112	25	1	1	1
0.072	1.146	3	3	789	263.000	48.539	237.000	233	319	305.333	114.667	25.000	0.163	0.039	0.185	305.300	114.705	25.000	305	114	25	2	2	1
0.072	1.146	3	3	641	213.667	17.786	206.000	201	234	291.333	118.333	25.000	0.163	0.039	0.185	291.321	118.314	25.000	291	118	25	2	2	1
0.072	1.146	3	3	746	248.667	27.934	243.000	224	279	380.667	122.333	25.000	0.163	0.039	0.185	380.700	122.326	25.000	380	122	25	2	2	1
0.024	0.511	1	1	216	216.000	0.000	216.000	216	216	433.000	122.000	25.000	0.000	0.000	0.000	433.000	122.000	25.000	433	122	25	1	1	1
0.096	1.270	4	4	890	222.500	21.174	222.500	201	244	493.500	129.500	25.000	0.176	0.000	0.176	493.508	129.460	25.000	493	129	25	2	2	1
0.024	0.511	1	1	217	217.000	0.000	217.000	217	217	11.000	137.000	25.000	0.000	0.000	0.000	11.000	137.000	25.000	11	137	25	1	1	1
0.096	1.270	4	4	966	241.500	1.000	241.000	241	243	122.500	146.500	25.000	0.176	0.000	0.176	122.501	146.501	25.000	122	146	25	2	2	1
0.024	0.511	1	1	239	239.000	0.000	239.000	239	239	324.000	148.000	25.000	0.000	0.000	0.000	324.000	148.000	25.000	324	148	25	1	1	1
0.024	0.511	1	1	217	217.000	0.000	217.000	217	217	507.000	151.000	25.000	0.000	0.000	0.000	507.000	151.000	25.000	507	151	25	1	1	1
0.096	1.464	4	4	844	211.000	4.690	209.000	208	218	198.750	157.250	25.000	0.216	0.099	0.230	198.752	157.246	25.000	198	156	25	2	3	1
0.024	0.511	1	1	207	207.000	0.000	207.000	207	207	295.000	158.000	25.000	0.000	0.000	0.000	295.000	158.000	25.000	295	158	25	1	1	1
0.072	1.146	3	3	770	256.667	32.332	262.000	222	286	143.667	164.333	25.000	0.163	0.039	0.185	143.660	164.288	25.000	143	164	25	2	2	1
0.048	0.829	2	2	435	217.500	16.263	217.500	206	229	492.500	170.000	25.000	0.124	0.000	0.124	492.526	170.000	25.000	492	170	25	2	1	1
0.024	0.511	1	1	211	211.000	0.000	211.000	211	211	445.000	176.000	25.000	0.000	0.000	0.000	445.000	176.000	25.000	445	176	25	1	1	1
0.048	0.829	2	2	457	228.500	9.192	228.500	222	235	477.500	184.000	25.000	0.124	0.000	0.124	477.514	184.000	25.000	477	184	25	2	1	1
0.096	1.270	4	4	1033	258.250	45.908	253.500	215	311	136.500	186.500	25.000	0.176	0.000	0.176	136.519	186.574	25.000	136	186	25	2	2	1
0.096	1.270	4	4	858	214.500	9.950	213.000	204	228	351.500	217.500	25.000	0.176	0.000	0.176	351.514	217.514	25.000	351	217	25	2	2	1
0.072	1.146	3	3	754	251.333	32.332	246.000	222	286	325.667	218.667	25.000	0.163	0.039	0.185	325.674	218.706	25.000	325	218	25	2	2	1
0.024	0.511	1	1	221	221.000	0.000	221.000	221	221	369.000	224.000	25.000	0.000	0.000	0.000	369.000	224.000	25.000	369	224	25	1	1	1
0.048	0.829	2	2	427	213.500	0.707	213.500	213	214	37.500	227.000	25.000	0.124	0.000	0.124	37.499	227.000	25.000	37	227	25	2	1	1
0.048	0.829	2	2	441	220.500	6.364	220.500	216	225	251.000	237.500	25.000	0.124	0.000	0.124	251.000	237.490	25.000	251	237	25	1	2	1
0.096	1.270	4	4	986	246.500	45.288	241.000	206	298	126.500	238.500	25.000	0.176	0.000	0.176	126.577	238.516	25.000	126	238	25	2	2	1
0.048	0.829	2	2	522	261.000	16.971	261.000	249	273	470.000	241.500	25.000	0.124	0.000	0.124	470.000	241.523	25.000	470	241	25	1	2	1
0.072	1.146	3	3	732	244.000	41.037	242.000	204	286	410.333	250.333	25.000	0.163	0.039	0.185	410.279	250.331	25.000	410	250	25	2	2	1
0.096	1.464	4	4	1046	261.500	49.163	252.000	214	328	461.000	254.750	25.000	0.190	0.092	0.221	461.023	254.746	25.000	460	254	25	3	2	1
0.096	1.464	4	4	975	243.750	47.738	231.000	205	308	386.000	260.250	25.000	0.190	0.092	0.221	386.005	260.258	25.000	385	260	25	3	2	1
0.048	0.829	2	2	503	251.500	45.962	251.500	219	284	271.500	265.000	25.000	0.124	0.000	0.124	271.435	265.000	25.000	271	265	25	2	1	1
0.024	0.511	1	1	218	218.000	0.000	218.000	218	218	416.000	269.000	25.000	0.000	0.000	0.000	416.000	269.000	25.000	416	269	25	1	1	1
0.048	0.829	2	2	471	235.500	3.536	235.500	233	238	111.500	272.000	25.000	0.124	0.000	0.124	111.505	272.000	25.000	111	272	25	2	1	1
0.024	0.511	1	1	223	223.000	0.000	223.000	223	223	9.000	280.000	25.000	0.000	0.000	0.000	9.000	280.000	25.000	9	280	25	1	1	1
0.024	0.511	1	1	233	233.000	0.000	233.000	233	233	14.000	281.000	25.000	0.000	0.000	0.000	14.000	281.000	25.000	14	281	25	1	1	1
0.072	1.146	3	3	805	268.333	41.102	265.000	229	311	95.667	282.333	25.000	0.163	0.039	0.185	95.671	282.284	25.000	95	282	25	2	2	1
0.072	1.146	3	3	711	237.000	27.221	248.000	206	257	312.667	283.333	25.000	0.163	0.039	0.185	312.710	283.349	25.000	312	283	25	2	2	1
0.024	0.511	1	1	201	201.000	0.000	201.000	201	201	42.000	285.000	25.000	0.000	0.000	0.000	42.000	285.000	25.000	42	285	25	1	1	1
0.048	0.829	2	2	445	222.500	10.607	222.500	215	230	185.000	290.500	25.000	0.124	0.000	0.124	185.000	290.483	25.000	185	290	25	1	2	1
0.024	0.511	1	1	204	204.000	0.000	204.000	204	204	484.000	296.000	25.000	0.000	0.000	0.000	484.000	296.000	25.000	484	296	25	1	1	1
0.048	0.829	2	2	467	233.500	2.121	233.500	232	235	88.000	301.500	25.000	0.124	0.000	0.124	88.000	301.503	25.000	88	301	25	1	2	1
0.096	1.270	4	4	1035	258.750	29.971	256.000	225	298	508.500	311.500	25.000	0.176	0.000	0.176	508.465	311.535	25.000	508	311	25	2	2	1
0.072	1.146	3	3	704	234.667	18.148	232.000	218	254	267.333	318.333	25.000	0.163	0.039	0.185	267.330	318.310	25.000	267	318	25	2	2	1
0.024	0.511	1	1	211	211.000	0.000	211.000	211	211	75.000	332.000	25.000	0.000	0.000	0.000	75.000	332.000	25.000	75	332	25	1	1	1
0.072	1.146	3	3	716	238.667	30.105	248.000	205	263	43.667	338.667	25.000	0.163	0.039	0.185	43.714	338.654	25.000	43	338	25	2	2	1
0.048	0.829	2	2	445	222.500	4.950	222.500	219	226	50.500	341.000	25.000	0.124	0.000	0.124	50.492	341.000	25.000	50	341	25	2	1	1
0.096	1.270	4	4	1141	285.250	39.786	281.500	241	337	448.500	343.500	25.000	0.176	0.000	0.176	448.464	343.452	25.000	448	343	25	2	2	1
0.024	0.511	1	1	219	219.000	0.000	219.000	219	219	73.000	360.000	25.000	0.000	0.000	0.000	73.000	360.000	25.000	73	360	25	1	1	1
0.096	1.270	4	4	1022	255.500	36.042	257.500	214	293	44.500	361.500	25.000	0.176	0.000	0.176	44.558	361.480	25.000	44	361	25	2	2	1
0.024	0.511	1	1	257	257.000	0.000	257.000	257	257	414.000	372.000	25.000	0.000	0.000	0.000	414.000	372.000	25.000	414	372	25	1	1	1
0.024	0.511	1	1	228	228.000	0.000	228.000	228	228	264.000	373.000	25.000	0.000	0.000	0.000	264.000	373.000	25.000	264	373	25	1	1	1
0.024	0.511	1	1	245	245.000	0.000	245.000	245	245	68.000	380.000	25.000	0.000	0.000	0.000	68.000	380.000	25.000	68	380	25	1	1	1
0.072	1.146	3	3	665	221.667	17.616	212.000	211	242	505.667	382.333	25.000	0.163	0.039	0.185	505.683	382.319	25.000	505	382	25	2	2	1
0.024	0.511	1	1	213	213.000	0.000	213.000	213	213	242.000	384.000	25.000	0.000	0.000	0.000	242.000	384.000	25.000	242	384	25	1	1	1
0.048	0.829	2	2	419	209.500	12.021	209.500	201	218	425.000	386.500	25.000	0.124	0.000	0.124	425.000	386.480	25.000	425	386	25	1	2	1
0.096	1.270	4	4	1116	279.000	19.374	277.500	257	304	295.500	392.500	25.000	0.176	0.000	0.176	295.477	392.519	25.000	295	392	25	2	2	1
0.048	0.829	2	2	488	244.000	49.497	244.000	209	279	122.500	403.000	25.000	0.124	0.000	0.124	122.428	403.000	25.000	122	403	25	2	1	1
0.048	0.829	2	2	448	224.000	2.828	224.000	222	226	40.500	404.000	25.000	0.124	0.000	0.124	40.496	404.000	25.000	40	404	25	2	1	1
0.096	1.270	4	4	922	230.500	26.963	220.500	211	270	418.500	406.500	25.000	0.176	0.000	0.176	418.522	406.463	25.000	418	406	25	2	2	1
0.121	1.587	5	5	1228	245.600	31.973	254.000	206	287	58.800	412.400	25.000	0.211	0.079	0.222	58.780	412.418	25.000	58	412	25	3	2	1
0.072	1.146	3	3	674	224.667	31.501	208.000	205	261	324.667	438.333	25.000	0.163	0.039	0.185	324.696	438.309	25.000	324	438	25	2	2	1
0.072	1.146	3	3	773	257.667	48.014	277.000	203	293	451.333	441.667	25.000	0.163	0.039	0.185	451.263	441.642	25.000	451	441	25	2	2	1
0.024	0.511	1	1	202	202.000	0.000	202.000	202	202	424.000	442.000	25.000	0.000	0.000	0.000	424.000	442.000	25.000	424	442	25	1	1	1
0.024	0.511	1	1	201	201.000	0.000	201.000	201	201	188.000	451.000	25.000	0.000	0.000	0.000	188.000	451.000	25.000	188	451	25	1	1	1
0.024	0.511	1	1	215	215.000	0.000	215.000	215	215	499.000	452.000	25.000	0.000	0.000	0.000	499.000	452.000	25.000	499	452	25	1	1	1
0.024	0.511	1	1	224	224.000	0.000	224.000	224	224	190.000	471.000	25.000	0.000	0.000	0.000	190.000	471.000	25.000	190	471	25	1	1	1
0.024	0.511	1	1	213	213.000	0.000	213.000	213	213	380.000	479.000	25.000	0.000	0.000	0.000	380.000	479.000	25.000	380	479	25	1	1	1
0.024	0.511	1	1	228	228.000	0.000	228.000	228	228	511.000	483.000	25.000	0.000	0.000	0.000	511.000	483.000	25.000	511	483	25	1	1	1
0.024	0.511	1	1	221	221.000	0.000	221.000	221	221	495.000	495.000	25.000	0.000	0.000	0.000	495.000	495.000	25.000	495	495	25	1	1	1
0.048	0.829	2	2	438	219.000	7.071	219.000	214	224	494.000	499.500	25.000	0.124	0.000	0.124	494.000	499.489	25.000	494	499	25	1	2	1
0.024	0.511	1	1	212	212.000	0.000	212.000	212	212	211.000	511.000	25.000	0.000	0.000	0.000	211.000	511.000	25.000	211	511	25	1	1	1
